static/gfs.json
{"header": {"discipline":0,"disciplineName":"Meteorological products","gribEdition":2,"gribLength":77032,"center":7,"centerName":"US National Weather Service - NCEP(WMC)","subcenter":0,"refTime":"2016-08-27T12:00:00.000Z","significanceOfRT":1,"significanceOfRTName":"Start of forecast","productStatus":0,"productStatusName":"Operational products","productType":1,"productTypeName":"Forecast products","productDefinitionTemplate":0,"productDefinitionTemplateName":"Analysis/forecast at horizontal level/layer at a point in time","parameterCategory":2,"parameterCategoryName":"Momentum","parameterNumber":3,"parameterNumberName":"V-component_of_wind","parameterUnit":"m.s-1","genProcessType":2,"genProcessTypeName":"Forecast","forecastTime":0,"surface1Type":103,"surface1TypeName":"Specified height level above ground","surface1Value":10.0,"surface2Type":255,"surface2TypeName":"Missing","surface2Value":0.0,"gridDefinitionTemplate":0,"gridDefinitionTemplateName":"Latitude_Longitude","numberPoints":65160,"shape":6,"shapeName":"Earth spherical with radius of 6,371,229.0 m","gridUnits":"degrees","resolution":48,"winds":"true","scanMode":0,"nx":360,"ny":181,"basicAngle":0,"subDivisions":0,"lo1":0.0,"la1":90.0,"lo2":359.0,"la2":-90.0,"dx":1.0,"dy":1.0}, "data":
[rows 111 to 147 of 181, columns 166 to 248 of 360]
-6.1,-6.88,-8.63,-6.23,-5.41,-4.49,-3.98,-4.13,-3.93,-2.97,-1.96,-1.47,-0.72,-0.4,0.21,0.9,0.95,1.1,1.46,2.01,2.47,2.11,2.36,2.45,2.43,2.77,3.16,3.13,3.41,3.46,3.55,3.53,3.35,2.87,2.39,2.5,2.8,2.78,2.75,2.51,2.85,3.36,3.55,3.87,4.29,4.67,5.5,5.29,5.22,5.36,5.77,6.26,6.38,6.4,6.14,5.2,2.3,1.56,0.48,0.18,0.48,0.24,0.23,-0.27,-0.53,-0.48,0.36,0.26,-0.75,-0.24,0.21,-0.2,0.39,-0.04,-0.93,-2.01,-2.15,-1.78,-1.64,-1.62,-1.64,-1.45,-0.91
-3.8,-7.85,-8.6,-8.33,-6.72,-5.72,-4.88,-4.73,-4.57,-3.71,-3.13,-3.11,-2.48,-0.69,-0.57,-0.03,0.6,0.47,1.05,1.44,1.98,2.08,1.89,1.85,2.32,2.49,2.7,2.98,3.21,3.21,3.14,3.11,2.89,2.52,2.48,2.43,2.26,2.2,2.22,2.37,2.76,3.15,3.32,3.54,3.56,3.82,3.9,4.31,5.13,5.24,5.4,5.91,6.13,6.12,6.85,6.73,7.01,6.0,1.26,-0.73,-1.07,-0.64,-0.71,-0.47,-0.25,-0.59,-1.06,-1.31,-1.69,-2.05,-1.1,-1.06,-0.57,-0.23,-0.85,-1.61,-2.57,-2.5,-2.3,-1.99,-1.52,-1.21,-0.82
-5.38,-6.43,-9.12,-9.59,-8.02,-6.79,-5.69,-5.23,-4.96,-4.16,-3.75,-3.58,-3.37,-2.94,-2.14,-0.79,-0.37,-0.09,0.2,0.8,1.25,1.67,1.91,1.37,1.45,1.61,1.72,1.97,2.23,2.44,2.57,2.63,2.43,2.16,1.99,1.92,1.92,1.98,1.98,2.05,2.4,2.83,3.25,3.58,3.67,3.65,3.77,3.97,3.38,3.44,4.13,4.77,4.93,5.84,6.1,6.74,6.73,7.39,8.15,5.75,-0.46,-1.89,-1.66,-1.51,-1.36,-1.0,-0.34,-1.67,-2.85,-3.42,-3.09,-2.15,-2.09,-1.5,-1.83,-2.3,-2.79,-3.12,-3.33,-3.23,-2.59,-1.63,-1.0
-8.91,-6.56,-7.02,-9.78,-8.56,-7.77,-7.05,-5.99,-6.24,-6.05,-5.57,-4.85,-3.89,-3.19,-2.24,-1.93,-1.32,-0.97,-0.4,-0.06,0.39,1.04,2.18,1.01,0.35,0.77,1.0,1.27,1.65,1.88,2.08,1.95,1.84,1.79,1.59,1.53,1.56,1.76,1.95,2.1,2.36,2.65,2.89,3.19,3.4,3.34,3.66,3.71,3.75,3.51,3.69,3.85,4.11,4.18,4.66,5.84,6.59,6.67,6.71,7.18,7.92,6.72,-1.18,-2.81,-2.53,-2.1,-1.21,-0.76,-2.64,-4.1,-4.61,-3.87,-3.19,-2.94,-2.71,-3.07,-3.63,-3.82,-3.68,-3.59,-3.32,-2.94,-2.41
-4.5,-6.62,-6.06,-4.61,-10.08,-8.75,-7.93,-7.06,-6.61,-6.4,-6.26,-5.89,-5.24,-4.64,-3.77,-2.61,-1.99,-1.76,-1.14,-0.47,-0.32,-0.27,0.57,1.81,-1.07,-0.78,0.14,0.36,0.56,0.85,1.1,1.27,1.17,1.1,1.15,1.26,1.3,1.36,1.7,2.06,2.15,2.22,2.49,2.77,3.18,3.37,3.21,3.27,3.38,3.4,3.84,4.25,4.17,4.05,4.55,4.99,5.63,6.16,6.75,6.86,6.66,6.84,7.68,5.88,-3.78,-3.91,-2.93,-2.04,-1.76,-3.76,-4.78,-5.25,-4.57,-4.14,-3.82,-4.0,-4.45,-4.65,-4.36,-3.82,-3.54,-3.29,-2.79
1.36,-3.97,-7.74,-5.62,-2.14,-8.37,-8.41,-7.55,-6.81,-6.05,-5.51,-5.67,-5.57,-5.2,-4.54,-4.2,-3.75,-2.95,-3.72,-3.18,-2.16,-1.25,-0.47,0.26,-0.12,-2.28,-0.79,-0.03,-0.18,0.04,0.35,0.43,0.45,0.37,0.41,0.56,0.73,0.87,1.25,1.42,1.43,1.4,1.69,2.11,2.51,2.99,3.28,3.31,3.54,3.62,3.83,4.4,4.89,4.45,4.8,5.03,5.29,5.96,6.35,6.63,6.76,6.6,6.66,6.28,8.55,1.24,-5.01,-4.15,-3.28,-2.83,-4.81,-5.3,-5.77,-5.2,-5.07,-5.33,-5.44,-5.04,-5.39,-4.74,-4.29,-3.86,-3.19
-0.84,-0.21,-2.56,-5.74,-5.31,-2.3,-6.24,-7.43,-5.89,-4.66,-4.49,-4.02,-4.65,-4.69,-4.48,-4.69,-4.71,-3.96,-3.91,-4.51,-3.62,-2.08,-1.24,-0.49,-0.51,-1.97,-2.0,-0.06,-0.11,-0.56,-0.9,-0.47,-0.39,-0.26,-0.55,-0.5,-0.38,-0.21,0.32,0.63,0.37,0.28,0.67,1.24,1.72,2.3,2.88,3.31,3.87,4.0,4.11,4.13,4.76,5.17,5.24,5.9,6.08,6.16,5.88,6.43,6.54,6.76,6.94,7.03,6.72,6.06,7.27,-6.1,-5.49,-4.95,-3.83,-6.16,-5.69,-6.21,-5.9,-5.55,-5.24,-5.36,-5.18,-5.51,-4.93,-4.41,-3.82
-3.73,0.04,-1.75,-1.0,-3.43,-4.82,-4.34,-2.95,-2.6,-4.32,-3.37,-2.35,-2.47,-1.91,-3.36,-4.76,-4.52,-4.19,-4.03,-4.71,-5.04,-4.13,-2.91,-1.95,-0.92,-1.2,-1.72,-1.66,-0.6,-0.55,-0.77,-1.76,-1.83,-1.75,-1.6,-1.77,-1.55,-1.06,-0.25,-0.36,-0.79,-0.7,-0.31,0.32,1.09,1.62,2.13,2.52,2.82,3.21,3.69,4.38,4.81,5.17,5.53,5.91,6.01,6.37,6.97,7.01,6.88,7.21,7.52,7.04,6.57,6.69,5.67,7.05,-3.41,-7.34,-6.48,-5.12,-7.21,-6.66,-6.23,-5.49,-6.37,-6.16,-5.45,-5.67,-5.52,-5.03,-4.47
-5.34,-0.9,-1.48,-3.32,-1.5,-2.77,-4.62,-5.3,-3.8,-2.65,-0.27,0.59,0.77,0.57,1.23,1.4,1.4,1.68,0.84,-1.84,-4.52,-5.21,-4.63,-4.04,-3.4,-2.65,-1.98,-2.64,-3.06,-2.27,-1.36,-1.59,-2.59,-3.02,-2.98,-2.99,-2.78,-2.71,-1.97,-1.76,-1.49,-2.12,-1.49,-0.1,0.47,0.94,1.64,2.2,2.25,2.51,2.89,3.88,5.16,5.94,6.61,6.92,7.02,6.96,6.82,6.92,7.02,7.44,7.74,7.79,7.62,6.54,5.87,5.85,4.36,2.71,-8.43,-8.13,-6.63,-8.63,-7.87,-6.96,-6.89,-6.77,-6.35,-6.51,-6.01,-5.7,-5.33
-5.58,-2.93,-0.94,-0.71,-3.79,-2.11,-4.23,-3.95,-3.32,-3.11,-2.1,-1.07,0.33,1.2,1.67,2.16,2.22,1.88,1.83,1.91,1.93,-0.5,-3.27,-4.08,-4.85,-4.44,-3.72,-3.31,-4.37,-4.88,-4.17,-3.24,-3.01,-3.83,-3.99,-4.08,-4.02,-4.28,-3.47,-3.03,-2.74,-3.03,-1.9,-0.79,-0.24,0.27,1.25,1.71,2.18,2.21,2.45,3.21,3.97,4.41,5.19,6.16,7.03,7.6,7.9,7.75,7.5,7.54,7.58,7.75,8.01,7.51,6.55,5.03,4.68,2.56,3.65,-8.32,-9.58,-8.37,-9.86,-9.58,-9.06,-8.52,-8.05,-7.43,-6.71,-6.2,-6.08
-5.07,-3.7,-2.09,1.56,0.58,-4.87,-2.71,-1.35,-1.85,-2.01,-2.23,-1.81,-1.15,-0.53,-0.4,-0.08,0.15,0.31,0.94,1.44,1.33,0.64,0.7,0.48,-3.46,-5.43,-5.46,-5.17,-5.03,-5.23,-5.74,-5.44,-4.89,-4.53,-5.32,-5.36,-5.29,-5.44,-4.94,-4.03,-3.67,-3.25,-2.33,-1.96,-1.13,-0.05,0.86,1.67,2.83,3.15,3.36,3.84,4.69,4.83,5.35,5.84,6.11,6.08,5.71,5.63,6.18,7.12,7.75,7.83,7.49,6.8,6.91,5.92,4.05,2.41,0.88,1.14,-7.64,-10.4,-10.19,-10.85,-11.03,-9.06,-8.69,-8.16,-7.76,-7.57,-6.9
1.69,-0.93,-0.88,-0.16,0.91,2.04,0.65,0.14,0.81,0.42,0.05,-0.13,-0.02,0.1,-0.04,0.15,0.11,-0.73,-0.75,-0.5,-0.37,-0.34,-0.29,-0.6,-1.7,-1.57,-2.68,-5.88,-6.19,-6.19,-6.21,-6.55,-6.59,-6.49,-6.57,-7.2,-6.96,-6.97,-6.48,-5.27,-4.35,-3.92,-3.89,-3.06,-1.81,-0.65,0.31,1.71,2.55,3.53,4.03,4.69,5.38,5.97,6.64,7.25,7.73,7.81,7.5,6.99,6.54,6.16,5.96,6.07,6.13,7.01,6.42,5.55,4.77,2.93,0.31,-0.47,-1.77,-7.56,-10.53,-11.57,-11.32,-11.88,-10.13,-9.88,-9.93,-9.15,-7.91
-0.18,1.4,-0.07,-1.41,-2.47,-2.56,-0.29,0.24,0.41,1.03,1.48,1.51,1.73,1.81,1.61,1.33,0.85,0.23,0.26,0.0,-0.29,-0.47,-0.32,-0.09,-0.35,-1.15,-2.62,-2.78,-2.41,-5.56,-7.15,-7.55,-7.48,-8.0,-8.03,-7.93,-8.73,-8.77,-8.19,-7.14,-5.99,-4.88,-4.8,-4.01,-2.59,-1.5,-0.47,0.77,2.1,3.17,4.17,5.12,5.94,6.58,7.3,7.91,8.26,8.47,8.31,7.88,7.61,7.45,7.4,7.05,6.31,5.72,4.88,4.93,4.57,3.53,1.32,-1.68,-2.63,-4.08,-9.94,-10.56,-11.53,-11.92,-12.55,-11.42,-10.07,-8.93,-7.8
0.84,0.88,0.87,0.92,1.18,1.39,1.87,2.61,3.18,3.6,3.3,2.63,2.22,1.99,1.85,1.59,0.85,0.24,0.12,-0.01,-0.07,-0.32,-0.58,-0.7,-0.8,-1.06,-1.05,-1.28,-2.53,-3.68,-3.48,-5.81,-8.79,-9.47,-10.1,-10.0,-9.32,-9.78,-9.74,-8.62,-7.38,-5.96,-5.02,-4.52,-3.5,-2.23,-0.99,0.41,1.97,3.71,4.64,5.67,6.21,7.2,7.92,8.04,8.2,8.26,8.37,8.16,8.03,8.55,8.59,8.08,7.33,6.46,5.14,3.68,3.18,2.94,2.18,-1.05,-4.39,-5.1,-7.51,-12.9,-12.01,-11.33,-11.57,-12.35,-12.29,-10.69,-9.54
-0.13,0.43,1.04,1.55,1.91,1.93,1.95,1.9,1.64,2.97,3.52,3.62,3.35,3.2,2.81,2.28,1.25,0.27,0.29,0.5,0.61,0.33,-0.37,-1.01,-1.36,-1.47,-1.84,-2.05,-2.16,-2.4,-3.25,-4.2,-3.63,-6.39,-11.38,-12.51,-11.59,-11.31,-10.4,-9.56,-8.4,-6.86,-5.5,-4.92,-4.19,-2.86,-1.19,0.77,2.12,3.78,5.09,5.87,6.9,7.77,8.03,8.05,7.93,7.8,7.67,7.85,8.71,8.4,8.28,8.02,8.12,7.75,6.5,5.52,4.92,3.68,1.13,-0.99,-3.89,-6.61,-7.51,-11.05,-14.09,-13.6,-11.9,-11.46,-11.27,-11.2,-10.23
-0.38,0.16,0.36,0.36,0.6,1.07,1.42,1.79,0.5,2.84,4.0,4.63,4.93,4.95,4.49,2.92,1.67,0.63,0.35,0.61,0.66,0.29,-0.32,-0.76,-1.18,-1.87,-2.5,-2.14,-2.62,-3.26,-3.47,-3.6,-3.83,-4.23,-4.23,-11.71,-13.15,-13.49,-13.3,-11.33,-9.86,-7.7,-5.93,-5.27,-4.54,-3.39,-1.52,0.5,2.24,3.57,5.13,7.1,8.35,9.01,9.48,9.07,8.15,7.15,6.56,7.11,8.47,9.08,9.24,9.65,10.33,10.57,9.73,8.46,7.9,6.2,2.24,-2.79,-4.79,-7.46,-8.84,-9.6,-13.91,-14.57,-13.5,-13.0,-12.9,-11.79,-10.85
-0.72,-0.12,0.46,1.04,1.3,1.23,1.69,2.42,3.22,2.23,4.54,5.89,5.92,4.49,3.79,3.97,3.43,2.38,1.57,0.86,0.11,-0.65,-1.3,-1.86,-2.34,-2.76,-3.05,-3.84,-4.08,-3.6,-4.02,-4.09,-4.59,-4.8,-5.75,-6.33,-11.12,-14.8,-15.2,-13.2,-10.95,-8.37,-6.64,-5.68,-4.93,-3.21,-1.44,0.44,2.3,4.69,6.29,7.99,9.11,9.96,10.27,9.7,8.81,7.91,6.55,6.27,8.21,8.93,10.23,10.76,11.62,11.92,11.65,10.77,9.5,7.22,2.51,-3.15,-7.3,-9.01,-10.17,-9.58,-12.98,-15.38,-15.0,-14.34,-13.59,-12.84,-12.13
-0.62,0.23,1.01,1.24,1.46,1.66,2.02,2.7,3.31,1.48,0.72,0.97,-0.32,5.57,5.11,4.42,3.93,3.28,2.23,1.03,0.09,-0.65,-1.27,-1.92,-2.63,-3.41,-3.85,-3.91,-4.24,-4.78,-5.19,-5.24,-5.44,-5.56,-6.45,-8.9,-10.32,-14.16,-15.33,-14.37,-11.84,-9.14,-7.59,-6.36,-5.1,-4.06,-1.69,0.0,2.21,4.5,6.19,7.6,9.04,10.1,10.26,9.79,8.54,7.38,6.79,4.42,6.84,8.94,10.76,12.1,12.58,12.68,12.16,11.42,11.64,9.96,3.32,-4.37,-9.07,-10.73,-11.42,-11.35,-11.48,-15.35,-15.96,-15.03,-13.83,-12.92,-12.73
-1.39,0.03,0.73,0.57,1.36,2.44,2.69,2.49,2.65,-0.34,0.95,-2.04,3.5,4.81,4.48,4.15,3.87,3.35,2.53,1.33,-0.23,-1.24,-2.16,-3.11,-4.05,-4.43,-4.82,-5.1,-5.22,-5.14,-5.33,-6.41,-7.51,-6.16,-7.03,-8.86,-12.46,-15.59,-16.86,-15.78,-13.13,-10.12,-8.55,-7.13,-6.05,-4.43,-2.99,-0.93,1.64,3.51,5.02,6.91,8.62,10.59,11.73,10.97,9.06,7.31,5.88,4.85,7.24,9.64,11.24,12.03,12.56,13.03,13.28,13.26,14.12,13.37,5.53,-4.64,-9.84,-11.38,-11.79,-11.78,-11.38,-14.49,-16.17,-15.82,-15.0,-14.54,-13.6
-1.29,-0.06,0.79,1.28,2.11,2.86,3.23,3.62,1.82,-0.64,-1.28,4.55,6.39,7.13,7.93,7.85,6.95,5.54,3.49,1.29,-0.47,-2.61,-3.62,-4.07,-3.97,-3.9,-4.49,-5.11,-5.74,-6.41,-6.89,-7.3,-8.52,-9.2,-7.62,-9.98,-12.27,-16.61,-18.09,-16.76,-13.66,-10.99,-9.41,-7.69,-6.51,-5.59,-4.08,-1.4,0.67,2.74,4.82,6.91,8.94,11.8,12.28,11.12,9.61,7.93,7.74,8.05,9.32,10.52,11.08,11.78,12.19,13.26,13.98,13.99,16.01,16.66,6.72,-5.24,-8.66,-11.4,-12.94,-12.16,-12.08,-13.46,-15.5,-16.79,-15.89,-15.51,-14.83
-1.65,-0.54,0.8,1.59,2.43,2.91,3.27,0.86,-1.29,0.4,-0.21,6.9,8.66,9.68,9.15,8.85,9.23,8.12,4.9,1.51,-0.87,-2.04,-3.18,-4.29,-5.2,-5.46,-5.66,-6.12,-7.05,-7.71,-8.22,-8.83,-8.85,-10.74,-10.63,-10.31,-12.3,-17.21,-18.75,-16.82,-13.76,-11.66,-9.93,-8.47,-7.77,-6.08,-4.03,-2.3,-0.17,2.3,4.35,6.6,8.4,10.15,10.51,9.92,10.01,10.06,10.06,10.18,10.84,11.15,11.21,11.75,12.76,13.26,14.76,13.91,16.91,20.81,2.71,5.7,6.87,-9.56,-14.94,-12.98,-12.72,-13.55,-14.81,-15.0,-11.57,-8.49,-6.86
-2.09,-0.87,0.61,1.7,2.35,2.66,-0.05,-0.2,-0.84,4.78,6.73,8.31,9.77,9.85,10.06,10.64,12.34,12.76,9.44,4.98,2.38,0.21,-0.86,-1.75,-2.92,-3.94,-4.57,-5.77,-6.52,-8.44,-10.88,-11.44,-11.84,-11.35,-11.91,-11.49,-14.2,-18.84,-18.9,-16.6,-14.33,-12.18,-10.61,-9.83,-8.1,-6.24,-4.69,-3.0,-0.4,2.03,4.21,5.66,7.46,8.13,9.01,9.4,9.88,10.24,10.62,11.61,11.63,11.3,11.44,11.7,13.0,13.72,15.41,15.43,16.18,18.31,17.89,-0.43,9.3,2.54,-11.05,-9.61,-8.33,-6.83,-4.88,-3.05,-3.54,-5.62,-7.16
-3.75,-1.25,0.52,1.29,2.84,-0.62,-2.33,-1.62,2.39,5.73,7.01,8.27,9.39,10.31,10.74,11.04,12.26,12.87,12.84,11.05,6.76,1.92,-1.22,-1.78,-1.7,-1.49,-0.55,0.81,-1.2,-6.67,-9.4,-12.29,-12.68,-13.56,-14.3,-12.96,-16.89,-18.66,-17.77,-16.2,-14.03,-12.05,-11.26,-9.73,-8.17,-6.89,-5.21,-3.12,-0.72,2.06,4.23,5.33,6.27,7.81,7.93,8.97,9.67,10.19,10.3,11.14,12.2,12.09,11.09,11.83,12.6,12.69,13.84,15.26,15.69,16.14,17.4,15.43,9.97,2.52,0.51,-1.11,-2.15,-3.85,-4.97,-5.34,-5.17,-4.47,-3.85
-1.96,-0.84,1.81,-0.56,-2.77,-1.56,-4.13,-2.11,2.42,4.69,6.15,7.13,8.74,9.22,9.32,9.82,11.91,12.97,12.5,12.53,11.76,10.11,7.04,2.4,-1.91,-3.26,-2.35,-0.92,-0.36,-4.09,-8.4,-11.15,-10.82,-13.82,-13.03,-16.61,-20.33,-19.61,-17.72,-15.37,-13.46,-12.53,-11.1,-9.79,-8.74,-7.15,-5.17,-2.52,-0.36,1.66,3.63,5.2,6.07,6.63,8.01,8.94,9.57,10.15,11.04,10.79,11.09,11.84,11.44,10.88,10.78,11.79,12.15,12.76,13.05,13.97,14.4,14.45,12.97,10.54,6.86,3.84,0.53,-1.89,-3.46,-3.99,-3.9,-3.51,-3.17
-3.06,-1.9,-2.76,-0.21,-2.38,-3.5,-5.49,-2.13,1.35,3.29,4.56,5.44,6.66,7.79,8.25,9.79,10.69,11.77,12.41,13.05,12.83,11.65,10.32,7.81,3.71,-1.59,-2.64,-1.35,-0.28,-5.07,-6.98,-8.62,-10.13,-13.39,-15.8,-19.32,-19.36,-18.25,-16.48,-14.47,-13.54,-12.23,-11.18,-10.05,-8.69,-6.78,-4.99,-2.35,0.4,1.77,3.31,4.32,5.73,7.26,7.47,8.98,9.76,9.85,10.37,10.2,11.19,11.9,12.29,12.28,12.29,11.31,11.27,11.21,11.49,10.96,10.89,10.73,10.17,9.83,9.09,7.72,6.5,5.28,3.98,2.45,0.85,-0.54,-1.35
-5.84,-2.45,-1.62,-1.2,-2.08,-6.15,-6.01,-3.5,-0.7,2.09,2.85,4.3,6.29,6.76,8.08,9.37,10.72,11.28,11.75,12.86,13.73,13.91,12.81,11.08,5.4,-0.74,-3.55,-3.82,-3.48,-5.57,-7.11,-9.17,-12.48,-14.71,-17.34,-17.8,-17.53,-16.69,-15.22,-14.29,-13.26,-12.08,-11.07,-9.85,-8.13,-6.43,-4.13,-2.08,0.23,2.56,3.75,4.56,5.88,7.29,7.89,8.67,9.36,9.81,10.24,10.15,10.21,10.93,11.49,11.83,11.41,11.18,11.1,11.16,11.29,10.44,9.87,9.01,8.22,7.42,6.64,6.42,6.53,6.41,6.12,5.85,5.44,4.71,3.24
-5.68,-5.04,-3.23,-3.9,-3.35,-4.84,-5.15,-4.67,-2.58,0.53,1.85,2.42,4.46,5.13,6.55,8.2,9.71,11.04,12.13,13.11,14.03,14.78,14.78,14.02,6.33,-3.74,-5.95,-5.92,-4.41,-6.3,-9.26,-10.96,-12.45,-14.28,-15.59,-15.86,-16.06,-15.29,-14.55,-13.77,-12.52,-11.91,-10.82,-9.2,-7.49,-5.85,-3.5,-1.2,0.58,2.33,4.43,5.4,5.91,7.14,8.11,8.79,9.41,9.63,9.7,10.41,9.69,10.21,10.66,10.86,11.32,11.58,11.87,11.52,11.42,10.93,10.06,8.97,7.95,7.02,6.71,6.66,6.6,6.53,6.33,5.99,5.61,5.32,5.12
-6.19,-5.88,-4.95,-4.24,-4.07,-4.78,-5.12,-5.17,-4.79,-2.58,-0.45,-0.01,1.88,2.75,4.0,5.84,7.56,9.59,11.2,12.55,13.65,14.76,15.49,15.13,8.96,-2.47,-7.85,-8.34,-7.0,-8.08,-9.82,-11.14,-11.96,-13.09,-14.61,-15.13,-14.69,-14.09,-13.49,-12.57,-12.14,-11.41,-10.25,-8.8,-7.35,-5.57,-3.9,-1.8,0.84,2.88,4.05,5.11,6.29,7.29,7.88,8.55,9.21,9.53,9.98,10.18,10.15,9.47,9.74,10.18,10.73,11.12,11.15,11.35,10.72,10.71,9.84,9.18,8.13,7.82,7.78,7.55,6.96,6.38,6.04,6.02,6.06,5.69,5.1
-7.08,-6.33,-5.9,-5.96,-5.8,-5.85,-6.19,-6.29,-6.32,-4.84,-2.81,-1.85,-0.84,0.08,0.71,3.15,5.18,7.06,8.58,10.47,11.68,12.72,13.34,13.38,10.57,5.66,1.86,-3.67,-6.7,-8.22,-9.61,-11.12,-13.0,-14.08,-14.06,-14.03,-13.94,-13.52,-12.89,-12.45,-11.68,-10.75,-9.76,-8.7,-7.37,-5.56,-3.29,-1.1,0.45,3.17,4.29,5.25,6.05,6.98,7.89,8.18,8.7,9.38,9.77,9.81,10.0,9.5,9.72,9.61,9.95,10.45,10.81,11.0,10.77,9.9,9.26,7.83,7.45,7.46,7.61,7.57,7.42,7.38,7.28,6.95,6.05,5.19,4.79
-7.89,-7.23,-6.93,-6.93,-6.79,-6.52,-6.75,-6.7,-7.18,-6.66,-5.04,-3.87,-3.44,-2.26,-2.01,-0.87,2.18,4.61,6.45,7.7,8.55,9.2,9.54,9.89,8.79,6.51,1.02,-2.95,-4.79,-6.77,-8.41,-9.71,-10.76,-11.7,-11.95,-12.87,-13.26,-13.3,-12.87,-12.09,-11.32,-10.42,-9.43,-8.3,-6.76,-4.93,-3.22,-1.21,0.96,2.37,4.42,5.16,5.06,6.21,6.64,7.62,8.25,8.95,9.55,10.0,10.08,9.95,9.74,9.64,9.77,9.86,10.2,10.17,10.18,9.95,8.9,8.22,7.08,7.05,7.56,7.33,7.01,6.88,7.8,8.32,6.77,5.1,4.2
-10.21,-8.73,-8.33,-8.51,-8.17,-7.47,-7.48,-7.68,-7.65,-8.11,-7.22,-5.73,-5.47,-4.81,-3.67,-3.7,-2.56,0.9,3.32,4.18,5.37,6.21,6.17,5.37,4.99,3.2,0.68,-1.46,-4.01,-5.76,-6.38,-7.12,-8.15,-9.02,-9.58,-10.22,-11.41,-12.46,-12.2,-11.9,-11.03,-9.91,-9.09,-7.94,-5.91,-3.23,-1.51,-0.5,1.3,3.11,3.57,4.78,4.89,5.1,5.78,6.46,7.0,7.44,8.52,9.51,9.68,9.96,9.97,9.9,9.89,9.84,9.89,9.77,9.8,9.69,9.15,8.45,7.91,7.07,7.57,7.93,7.51,7.55,8.32,8.94,8.61,7.22,6.59
-11.71,-11.39,-10.59,-9.76,-9.67,-9.16,-8.67,-8.53,-8.57,-9.17,-9.19,-8.08,-7.17,-7.1,-6.28,-5.17,-5.26,-3.69,-1.04,0.63,1.82,2.82,2.38,1.42,0.34,-0.12,-0.91,-2.33,-4.29,-5.98,-6.76,-7.29,-7.96,-8.73,-9.68,-10.14,-10.7,-10.68,-10.9,-10.78,-10.11,-9.17,-7.98,-6.2,-3.53,-1.93,0.04,1.42,2.23,2.99,3.72,4.01,5.0,5.8,5.8,6.65,7.24,7.19,7.78,8.33,9.16,9.37,9.69,9.91,9.88,9.7,9.66,9.56,9.5,9.44,9.23,8.88,8.58,8.34,8.17,7.97,8.01,8.18,8.47,8.99,9.56,9.8,8.57
-13.43,-13.46,-12.81,-12.34,-11.55,-11.12,-10.35,-9.96,-9.87,-9.98,-10.88,-10.32,-9.23,-8.61,-8.72,-7.79,-7.17,-6.57,-4.83,-3.2,-2.26,-1.32,-1.13,-1.83,-2.87,-3.43,-2.04,-2.77,-4.49,-6.3,-7.01,-6.95,-7.46,-8.94,-10.4,-9.31,-8.85,-9.12,-8.88,-7.66,-7.09,-7.06,-6.53,-5.61,-2.78,-0.76,1.66,1.99,2.11,3.26,4.2,5.04,5.88,6.47,7.01,7.6,7.63,7.71,7.95,7.69,8.58,8.64,9.38,9.69,9.55,9.55,9.36,9.21,9.23,9.27,9.26,9.09,8.95,8.79,8.65,8.56,8.56,8.49,8.36,8.28,8.37,8.86,9.24
2.05,-15.91,-14.42,-14.18,-13.37,-12.63,-12.35,-11.09,-11.16,-11.63,-12.2,-11.97,-11.16,-10.71,-9.82,-10.59,-9.32,-8.63,-7.55,-6.04,-4.9,-4.1,-4.13,-4.43,-4.69,-3.9,-3.54,-4.19,-5.4,-5.92,-6.53,-6.83,-6.72,-7.48,-8.66,-9.17,-9.17,-9.12,-7.84,-6.25,-5.54,-4.39,-3.07,-1.7,-0.49,0.33,1.01,2.01,3.16,3.63,4.21,5.27,6.35,6.87,7.08,7.31,7.34,7.38,7.35,7.49,7.68,7.46,8.5,9.06,9.32,9.14,8.99,9.05,9.36,9.48,9.47,9.38,9.18,8.94,8.77,8.73,8.72,8.69,8.65,8.46,8.36,7.57,8.18
5.91,9.9,-1.82,-17.33,-14.6,-13.57,-12.88,-12.61,-12.38,-13.03,-14.07,-14.04,-12.83,-12.15,-11.64,-10.86,-11.97,-10.81,-9.56,-8.59,-7.7,-6.32,-5.04,-5.29,-5.34,-5.17,-5.02,-6.45,-7.53,-7.11,-7.0,-7.4,-6.99,-6.9,-7.84,-8.78,-8.6,-7.29,-7.56,-7.78,-7.06,-4.23,-3.39,-3.28,-1.42,-0.25,0.44,1.14,2.08,2.93,3.96,5.18,6.38,7.07,7.47,7.54,7.19,6.89,7.03,7.21,6.79,6.82,7.24,7.74,8.28,8.49,8.71,8.98,9.34,9.6,9.82,9.96,9.84,9.57,9.23,8.96,8.58,8.58,8.73,8.72,8.71,8.34,7.65
-0.49,3.07,6.5,6.85,-8.2,-15.87,-14.38,-13.38,-13.48,-14.07,-14.88,-15.6,-14.67,-13.56,-12.97,-11.77,-11.19,-12.33,-11.37,-10.61,-10.11,-9.86,-8.92,-7.76,-7.28,-7.43,-7.42,-7.39,-8.25,-7.75,-7.07,-7.28,-7.93,-8.65,-8.87,-8.32,-7.77,-7.57,-7.66,-7.19,-5.62,-4.15,-3.58,-2.54,-1.67,-1.28,-0.83,-0.33,0.44,1.12,2.5,4.26,5.61,6.44,7.23,7.46,7.62,7.66,7.37,6.98,6.55,6.54,6.64,6.88,7.18,7.68,8.01,8.36,9.09,9.66,10.19,10.4,10.39,10.17,9.79,9.33,9.12,9.32,9.48,9.39,9.01,8.6,8.22
-2.28,-2.48,-0.91,4.94,8.54,-3.8,-12.62,-14.43,-13.69,-13.57,-15.55,-16.25,-15.55,-14.53,-13.82,-13.13,-11.57,-11.78,-13.14,-12.54,-11.72,-10.41,-9.79,-9.86,-9.5,-9.21,-8.98,-9.27,-9.25,-8.53,-7.45,-7.41,-8.29,-8.37,-8.49,-8.03,-7.25,-6.0,-6.16,-5.96,-5.27,-4.41,-3.65,-3.08,-2.24,-1.5,-1.15,-0.59,0.09,0.8,1.59,2.19,3.75,5.68,6.72,7.19,7.34,7.27,7.05,6.78,6.49,6.41,6.35,6.55,6.92,7.18,7.59,8.11,8.64,9.48,10.22,10.51,10.67,10.47,10.16,10.04,10.06,10.06,10.13,9.93,9.56,9.05,8.56
