static/gfs.json
{"header": {"discipline":0,"disciplineName":"Meteorological products","gribEdition":2,"gribLength":76664,"center":7,"centerName":"US National Weather Service - NCEP(WMC)","subcenter":0,"refTime":"2016-09-15T06:00:00.000Z","significanceOfRT":1,"significanceOfRTName":"Start of forecast","productStatus":0,"productStatusName":"Operational products","productType":1,"productTypeName":"Forecast products","productDefinitionTemplate":0,"productDefinitionTemplateName":"Analysis/forecast at horizontal level/layer at a point in time","parameterCategory":2,"parameterCategoryName":"Momentum","parameterNumber":2,"parameterNumberName":"U-component_of_wind","parameterUnit":"m.s-1","genProcessType":2,"genProcessTypeName":"Forecast","forecastTime":0,"surface1Type":103,"surface1TypeName":"Specified height level above ground","surface1Value":10.0,"surface2Type":255,"surface2TypeName":"Missing","surface2Value":0.0,"gridDefinitionTemplate":0,"gridDefinitionTemplateName":"Latitude_Longitude","numberPoints":65160,"shape":6,"shapeName":"Earth spherical with radius of 6,371,229.0 m","gridUnits":"degrees","resolution":48,"winds":"true","scanMode":0,"nx":360,"ny":181,"basicAngle":0,"subDivisions":0,"lo1":0.0,"la1":90.0,"lo2":359.0,"la2":-90.0,"dx":1.0,"dy":1.0}, "data":
[rows 70 to 104 of 181, columns 237 to 315 of 360]
-0.81,2.67,11.22,-3.62,-5.92,-4.8,-3.32,-2.58,-3.15,-1.6,-0.34,0.54,1.1,0.82,0.5,0.19,0.12,-0.67,-0.62,0.12,1.09,-0.68,-1.25,-2.38,0.6,0.57,1.16,-1.04,-4.15,-5.5,-5.2,-6.81,-6.39,-1.6,-1.38,-1.4,-6.21,-5.18,-4.23,-3.16,-3.06,-3.8,-3.99,-3.1,-2.6,-2.44,-0.89,-0.87,-1.0,-7.41,-6.65,-7.83,-6.15,-5.72,-5.82,-5.01,-5.23,-4.9,-4.32,-4.73,-4.86,-4.51,-4.32,-3.96,-3.9,-3.88,-3.82,-3.04,-0.71,-1.47,-2.74,-4.98,-5.08,-5.47,-5.99,-5.65,-5.46,-6.06,-6.45
1.33,3.96,11.65,10.05,1.21,-2.35,-1.96,-2.62,-3.43,-2.12,-1.16,-0.37,0.21,-0.07,-0.51,-0.61,-0.39,-0.69,-2.69,-0.59,1.6,-1.21,1.78,-2.04,-0.25,-1.22,0.25,2.5,-2.42,-5.07,-4.25,-5.52,-1.49,-1.38,-1.24,-1.56,-7.8,-6.63,-5.46,-4.82,-4.51,-4.35,-3.91,-4.01,-7.01,-6.88,-6.22,-3.52,-4.46,-0.91,-1.82,-0.8,-0.22,0.75,-3.21,-5.66,-5.2,-4.69,-4.7,-4.68,-4.71,-4.57,-4.33,-4.42,-4.72,-4.18,-4.07,-1.94,-0.53,-2.47,-3.35,-5.02,-5.11,-5.04,-5.8,-5.64,-5.5,-5.56,-5.3
1.44,3.84,6.62,6.14,1.87,-1.24,-1.27,-2.97,-3.38,-2.34,-1.44,-0.69,-0.3,-0.67,-1.16,-1.29,-0.34,0.02,0.17,0.76,-1.07,-0.82,1.42,0.44,0.26,-1.67,-1.21,1.95,-0.01,0.11,-0.64,-0.57,-1.22,-1.98,-1.08,-7.72,-9.08,-7.8,-5.9,-5.27,-5.0,-5.31,-4.7,-2.89,-2.74,-3.51,-0.22,-6.06,-6.41,-5.95,-5.76,-3.45,-3.95,-5.05,-4.7,-3.39,-1.28,-0.73,-3.37,-3.66,-3.72,-3.82,-3.94,-4.57,-4.52,-4.46,-2.94,-2.02,-2.07,-3.48,-3.85,-5.58,-5.18,-5.03,-5.2,-5.06,-5.38,-4.71,-3.61
1.04,2.54,3.4,2.82,0.23,-1.04,-2.2,-3.0,-2.8,-2.46,-1.36,-0.8,-0.99,-1.3,-1.66,-1.65,-1.23,-0.4,0.52,1.15,1.72,0.28,-1.93,0.37,0.55,0.58,-0.31,-0.19,1.0,0.4,-0.79,-0.08,0.74,-1.71,-1.51,-8.72,-10.53,-8.75,-6.75,-5.5,-6.86,-6.51,-6.1,-5.0,-5.27,-6.27,-6.75,-7.16,-7.35,-7.53,-7.66,-7.99,-7.86,-7.49,-6.42,-6.34,-5.95,-4.83,-4.08,-3.94,-3.89,-3.96,-4.14,-4.17,-4.08,-3.44,-1.06,-2.93,-3.36,-4.12,-4.53,-5.77,-5.4,-5.2,-4.99,-4.81,-4.58,-4.85,-4.31
0.26,1.07,1.24,0.38,-0.46,-1.93,-2.92,-3.37,-3.06,-2.45,-1.22,-0.8,-1.43,-1.72,-1.84,-1.88,-1.55,-0.67,0.23,-0.1,-0.44,-2.73,-2.49,-1.14,0.66,1.7,-0.25,-0.48,-0.08,-2.44,-0.27,-0.73,0.95,-0.62,-0.77,-5.9,-6.17,-6.01,-3.77,-5.48,-6.02,-6.43,-6.09,-5.84,-6.01,-6.53,-7.0,-7.6,-8.17,-8.38,-8.29,-8.66,-8.73,-8.25,-7.59,-7.06,-6.48,-5.91,-5.35,-5.26,-4.4,-2.84,-4.42,-4.54,-4.59,-3.23,-2.47,-3.54,-3.72,-4.99,-4.9,-5.85,-6.04,-5.24,-4.91,-4.24,-4.48,-3.95,-3.75
-0.65,-0.2,-0.42,-0.7,-1.79,-2.77,-3.95,-3.82,-3.07,-2.27,-1.43,-0.99,-1.74,-2.14,-2.33,-2.11,-1.78,-1.11,-1.06,-1.9,-3.49,-4.59,-3.97,-3.17,-3.64,-4.25,-4.94,-5.88,-4.31,-3.51,-3.63,-1.31,0.14,-0.88,-0.17,-0.14,-1.6,-0.89,-0.54,-0.53,-5.03,-6.03,-6.07,-6.17,-6.13,-6.87,-7.63,-8.24,-8.65,-8.96,-9.17,-9.35,-9.1,-8.99,-8.38,-7.74,-7.3,-6.89,-6.32,-5.66,-5.95,-5.24,-4.42,-3.95,-3.64,-3.8,-3.78,-4.35,-4.95,-5.34,-4.97,-5.29,-6.49,-5.54,-5.05,-4.82,-4.48,-4.22,-3.83
-1.69,-1.66,-1.82,-2.53,-2.72,-3.21,-3.59,-3.65,-2.92,-1.79,-1.47,-1.26,-2.13,-2.83,-2.83,-2.17,-1.52,-1.4,-2.63,-3.77,-4.48,-4.27,-3.95,-2.42,-1.39,-2.27,-3.06,-4.54,-4.62,-4.62,-4.19,-4.78,-1.46,-0.12,0.49,-1.19,-1.4,-0.77,-0.46,-0.33,-4.83,-5.16,-6.34,-6.27,-6.47,-7.26,-8.16,-8.9,-9.36,-9.47,-9.31,-9.46,-9.42,-9.38,-9.0,-8.34,-7.79,-7.73,-7.67,-6.73,-5.73,-4.92,-3.78,-4.37,-3.69,-4.34,-4.54,-5.4,-5.73,-5.63,-5.0,-4.94,-6.26,-5.84,-4.87,-4.53,-3.98,-3.46,-3.62
-2.67,-1.96,-2.4,-2.52,-2.18,-2.36,-2.85,-3.06,-2.14,-1.58,-1.35,-1.52,-3.74,-3.0,-2.42,-1.61,-0.98,-0.97,-2.5,-4.51,-4.0,-2.85,-2.57,-2.01,-1.72,-1.41,-1.94,-2.48,-3.15,-3.45,-3.44,-3.01,-1.54,-1.61,-0.24,1.26,-0.28,-1.61,-0.16,-0.01,-4.99,-5.15,-5.91,-6.38,-6.72,-7.5,-8.48,-9.5,-10.49,-10.34,-9.06,-9.8,-9.36,-9.5,-8.94,-8.85,-7.71,-7.15,-7.5,-6.15,-5.23,-3.67,-4.01,-4.07,-4.43,-4.99,-5.16,-5.85,-6.21,-5.87,-5.32,-4.96,-5.36,-5.93,-5.4,-4.85,-4.19,-3.73,-3.99
-2.44,-1.8,-1.37,-0.98,-0.51,-0.84,-1.78,-2.76,-1.79,-1.5,-1.15,-3.19,-4.59,-2.76,-1.29,0.39,2.48,2.25,0.51,-0.76,0.95,0.71,1.03,-0.15,0.2,0.11,0.26,0.19,-0.64,-1.64,-2.22,-2.14,-1.8,-0.57,1.2,2.75,0.49,-1.83,-0.77,-0.34,-5.55,-4.49,-5.81,-6.26,-6.62,-7.4,-8.21,-9.52,-10.93,-11.06,-9.79,-6.21,-9.36,-6.74,-8.76,-8.62,-8.33,-7.34,-6.59,-6.2,-5.3,-4.97,-4.71,-4.66,-4.65,-5.01,-6.02,-6.33,-6.47,-5.98,-5.5,-5.34,-5.25,-5.45,-5.67,-5.5,-4.99,-4.17,-3.26
2.32,3.68,3.77,3.31,3.19,2.6,0.94,-0.43,-2.45,-2.16,-2.14,-2.02,-1.81,-0.98,-0.59,0.35,2.07,3.47,4.9,4.46,4.49,4.16,5.13,3.12,3.43,2.72,2.19,1.47,0.57,-0.79,-0.42,-0.74,-0.11,0.72,2.02,3.34,2.07,-1.16,-1.64,-0.76,-4.92,-4.13,-4.37,-5.14,-6.05,-6.76,-7.13,-7.79,-7.52,-2.04,-0.29,-2.25,-3.83,-2.17,-0.11,-8.4,-8.67,-6.19,-6.67,-4.09,-4.97,-4.77,-5.05,-5.03,-5.7,-5.58,-6.13,-6.72,-6.38,-6.09,-5.75,-5.63,-5.89,-5.5,-5.61,-5.45,-4.91,-4.18,-2.68
4.62,4.88,4.17,4.05,5.09,3.62,3.62,2.51,0.07,-1.64,-1.44,-2.11,-0.59,0.49,0.83,1.64,2.76,3.86,4.54,5.38,5.69,7.17,7.59,6.07,5.43,3.81,4.0,4.34,3.28,2.89,0.53,0.57,1.34,1.46,2.28,3.17,4.49,-0.15,1.15,-0.61,-0.27,-1.85,-3.42,-3.08,-1.54,-1.95,-3.48,-3.53,1.24,0.73,-2.02,1.31,-1.46,-1.89,-0.6,-0.55,-0.3,0.78,-1.34,-1.75,0.06,-5.03,-5.43,-5.87,-6.32,-6.0,-5.87,-6.65,-6.31,-5.9,-5.99,-6.17,-5.64,-5.53,-5.41,-5.3,-3.76,-1.07,0.93
2.87,4.81,3.81,4.44,4.82,4.85,5.26,4.78,4.13,2.92,1.39,1.91,2.36,3.87,4.72,5.22,5.35,5.57,5.43,5.47,5.98,6.63,6.89,5.5,4.58,4.63,4.56,4.57,4.85,4.04,2.68,2.21,2.65,2.68,2.49,3.65,3.77,4.62,5.77,-0.7,0.3,1.27,-0.14,-0.15,0.03,0.63,5.5,1.56,1.47,0.99,1.07,1.42,-1.07,0.99,-0.61,-1.17,-1.03,-1.54,-1.64,-2.76,-2.03,-1.2,-1.36,-6.44,-6.58,-6.53,-5.93,-6.55,-5.9,-6.02,-5.98,-6.2,-5.92,-5.35,-3.13,-0.9,0.2,0.75,0.12
1.88,2.84,2.65,3.67,4.37,4.17,5.12,5.6,6.31,6.46,7.28,7.12,6.96,6.54,6.28,6.32,6.22,5.53,4.85,4.42,4.87,5.28,5.39,5.94,4.37,4.71,5.22,4.86,4.69,4.4,4.52,3.32,2.96,4.16,4.43,3.8,4.58,4.16,4.58,4.76,3.91,3.35,1.22,5.87,2.68,-0.07,0.25,1.4,0.69,1.29,-0.6,-1.65,0.97,-0.02,-1.11,-1.34,-0.9,-1.45,-1.47,-1.93,-1.42,-1.3,-0.48,-0.6,-4.77,-6.53,-6.24,-5.88,-6.39,-6.64,-5.8,-5.87,-4.43,-2.36,-1.96,-1.66,-1.37,-1.37,-1.27
0.22,1.23,1.13,2.58,3.06,3.04,3.67,4.79,5.96,6.71,6.48,6.0,5.46,5.03,5.35,5.31,5.13,3.98,3.15,3.32,4.0,4.1,5.01,4.5,4.5,4.37,5.16,5.51,4.17,3.2,2.72,4.02,2.81,2.66,4.26,3.24,2.41,3.23,4.21,4.33,5.17,6.03,5.28,5.85,3.87,-0.49,-0.39,0.11,1.05,0.3,-1.73,1.48,0.4,-1.33,-0.86,-0.54,-1.33,0.41,0.2,-0.33,-1.42,-1.15,-1.0,-0.17,-0.41,-6.05,-5.92,-5.72,-6.57,-6.1,-5.49,-5.07,-4.16,-4.02,-3.74,-3.0,-2.93,-2.89,-2.98
-1.25,-0.33,0.6,1.09,1.18,1.63,2.24,3.64,4.19,5.27,6.32,4.78,3.54,3.17,3.29,3.98,3.62,2.86,2.26,2.87,3.16,3.15,4.28,3.34,3.42,3.96,4.63,3.77,3.34,2.55,2.71,2.77,1.93,2.14,2.64,2.53,2.02,2.85,3.61,4.02,4.27,5.3,5.05,5.68,3.89,-0.92,-0.53,-1.19,1.26,-1.2,-1.4,1.44,-1.75,-0.94,-0.59,-0.69,-1.57,-0.08,0.89,-0.98,-0.91,0.05,-0.11,-0.58,0.08,-0.75,-3.67,-5.09,-4.24,-5.96,-5.91,-5.68,-5.44,-5.04,-4.69,-4.46,-4.31,-4.21,-4.22
-2.07,-1.61,-1.2,-0.66,-0.23,0.09,1.18,2.56,2.95,3.7,3.79,3.01,1.75,1.39,2.19,2.77,1.83,1.82,1.59,2.15,2.18,1.92,2.91,2.34,2.66,2.54,3.26,2.84,2.08,2.1,2.18,1.97,1.33,0.85,0.91,2.16,2.36,2.21,2.9,2.93,3.69,4.5,5.04,3.9,3.56,-1.17,-0.79,-0.82,1.76,-1.65,0.41,1.06,-1.31,-0.93,-0.01,-1.13,-1.17,-0.92,0.57,0.42,-0.66,-0.45,-1.07,-1.37,0.91,0.18,-0.9,-1.01,-1.95,-1.35,-0.86,-6.17,-5.85,-5.63,-5.67,-5.52,-5.34,-4.95,-4.65
-2.83,-2.54,-2.27,-1.84,-1.18,-0.35,0.28,1.09,1.62,2.01,1.83,1.31,0.84,0.28,0.63,0.78,0.39,0.59,1.12,1.39,1.49,1.17,0.99,1.47,1.59,0.85,1.52,1.19,1.01,0.58,1.66,1.64,-0.4,-0.18,0.82,1.12,2.53,1.88,1.67,2.45,3.35,4.14,4.47,4.26,4.26,1.72,-1.03,-1.56,-0.06,0.09,1.6,-0.69,-0.44,0.01,0.71,-0.55,-0.7,-0.37,-0.1,0.67,0.48,-0.34,-0.9,-0.25,-0.77,-0.2,-1.04,-0.37,-1.06,-1.14,-1.06,-1.01,-5.27,-6.87,-6.47,-6.13,-5.68,-5.52,-5.74
-3.61,-3.49,-2.97,-2.51,-1.81,-0.99,-0.5,-0.13,0.24,0.28,0.46,0.06,-0.61,-1.12,-1.14,-0.77,-0.48,-0.18,0.57,0.85,0.89,0.38,-0.58,-0.6,0.71,-0.01,-0.12,-0.06,-0.11,-0.15,0.38,0.44,-0.61,-0.47,-0.27,0.83,1.69,1.18,1.4,2.29,2.29,3.33,4.32,4.67,5.01,3.15,0.4,-1.19,-1.04,-1.11,1.69,-0.02,0.51,0.5,0.21,0.25,0.72,0.91,-0.73,0.48,1.11,-0.1,-1.58,-1.75,-0.69,-0.48,-1.02,-0.74,-1.06,-0.61,-1.44,-0.91,-2.46,-7.28,-7.01,-6.74,-6.34,-6.41,-6.69
-4.37,-3.96,-3.44,-2.94,-2.36,-1.75,-1.3,-1.22,-1.31,-0.75,-0.64,-0.97,-1.99,-2.34,-2.21,-1.46,-1.15,-0.85,-0.2,-0.06,-0.43,-0.68,-1.54,-1.53,-0.69,-0.33,-1.19,-1.22,-1.33,-1.43,-0.54,-0.12,-1.43,-1.42,-0.72,0.59,0.56,0.63,0.87,1.48,1.68,2.72,4.03,5.39,5.67,-0.05,0.29,0.91,0.26,-0.04,0.5,0.47,0.86,0.19,0.42,0.54,0.94,0.97,0.38,0.37,0.34,0.63,-0.19,-0.96,-0.7,-0.65,-0.54,-1.62,-1.17,-0.14,-1.0,-1.01,-1.04,-7.32,-7.3,-7.1,-6.84,-6.95,-7.19
-4.74,-4.34,-3.75,-3.29,-2.69,-2.19,-1.94,-2.02,-2.34,-2.24,-2.02,-2.13,-2.78,-3.24,-2.62,-2.15,-1.56,-1.37,-1.14,-1.29,-1.56,-1.56,-1.56,-1.52,-1.14,-1.47,-2.26,-2.38,-2.48,-2.84,-1.92,-0.29,-2.08,-1.07,-0.83,-0.79,-0.2,0.12,-0.18,1.33,1.83,2.67,4.18,4.47,1.09,-1.35,-0.4,1.23,0.47,0.62,-0.48,0.67,0.85,0.92,0.67,0.79,0.34,-1.14,0.35,0.37,1.16,0.49,-0.32,-0.43,-1.04,-1.02,-0.69,-1.5,-1.24,-1.15,-1.39,-0.98,-1.39,-4.07,-7.22,-6.85,-7.23,-7.49,-7.52
-5.03,-4.44,-3.6,-3.02,-2.46,-2.05,-1.95,-2.3,-2.69,-3.2,-3.45,-3.55,-3.67,-3.58,-3.19,-2.5,-2.13,-1.91,-2.11,-1.97,-1.96,-1.97,-1.47,-1.4,-1.51,-1.89,-2.32,-2.44,-2.88,-3.13,-1.96,-1.38,-1.59,-1.63,-1.32,-1.62,-1.66,-1.59,-0.41,0.8,2.46,3.4,4.18,1.56,0.99,-0.8,0.31,0.16,-0.2,0.4,-0.78,0.36,0.92,0.97,0.7,0.52,0.64,0.74,1.21,1.28,1.27,0.23,0.35,-0.37,-1.01,-1.35,-0.85,-1.43,-1.29,-0.71,-0.99,-0.76,-3.44,-3.1,-6.94,-6.67,-7.19,-7.91,-7.84
-5.3,-5.02,-4.17,-3.25,-2.61,-2.47,-2.55,-3.11,-3.43,-3.56,-3.59,-4.12,-4.41,-4.04,-3.49,-2.97,-2.45,-2.62,-2.87,-2.71,-2.43,-2.07,-1.61,-1.55,-1.6,-1.73,-2.04,-2.38,-2.61,-2.89,-2.81,-4.54,-0.72,-2.33,-1.31,-2.21,-2.52,-2.25,-0.95,0.32,1.55,2.84,3.45,0.03,-1.76,0.53,-0.12,0.1,0.11,0.15,-0.13,0.71,0.62,0.25,0.51,0.64,0.41,0.79,1.08,1.15,1.18,1.12,0.39,-0.71,-1.03,-1.11,-0.96,-1.23,-1.04,-1.2,-1.23,-0.76,-1.12,-1.07,-1.04,-1.31,-1.37,-7.41,-7.73
-5.79,-5.61,-5.17,-4.06,-3.21,-3.18,-3.59,-4.1,-4.37,-4.49,-4.33,-4.3,-4.64,-4.35,-3.87,-3.46,-3.4,-3.09,-3.24,-3.28,-3.19,-2.62,-2.07,-2.09,-2.41,-2.51,-2.76,-2.93,-2.49,-2.6,-3.17,-3.01,-3.87,-3.14,-2.5,-2.72,-2.53,-2.22,-1.45,-0.5,0.7,2.68,3.71,2.32,-0.52,1.57,0.22,0.13,0.17,0.27,-0.02,0.1,0.58,0.51,0.39,0.51,0.76,1.01,1.25,0.9,1.13,1.11,0.87,-0.32,-0.67,-1.21,-1.04,-1.95,-2.12,-2.63,-1.06,-1.13,-1.04,-0.92,-1.05,-0.63,-1.01,-0.98,-1.54
-6.38,-6.25,-5.96,-5.16,-4.48,-4.48,-4.71,-5.36,-5.39,-5.25,-5.14,-4.96,-4.87,-4.94,-4.77,-4.35,-3.81,-4.02,-3.93,-3.73,-3.56,-3.43,-3.05,-2.91,-3.07,-3.33,-3.58,-3.28,-2.68,-2.45,-2.85,-3.16,-3.31,-3.38,-3.59,-2.88,-2.88,-2.66,-2.28,-1.3,-0.44,1.45,5.21,1.47,-1.61,0.74,-0.4,0.39,-0.09,0.21,0.76,0.67,0.15,0.46,0.36,0.37,0.73,1.13,1.35,1.38,1.12,0.83,0.89,-0.08,-1.25,-1.26,-0.96,-1.38,-1.05,-1.09,-0.52,-0.84,-0.75,-0.34,-0.51,-0.63,-0.99,-1.12,-1.35
-6.75,-6.75,-6.42,-6.03,-5.6,-5.45,-5.72,-5.82,-5.81,-5.66,-5.62,-5.54,-5.53,-5.47,-5.07,-4.46,-4.67,-4.91,-4.72,-4.29,-3.83,-3.91,-4.07,-3.85,-3.92,-4.08,-4.02,-3.62,-3.31,-3.05,-3.15,-3.41,-3.5,-3.62,-3.57,-3.43,-3.33,-3.33,-3.08,-2.18,-1.7,-1.05,0.24,-0.31,-0.37,1.16,0.02,-0.06,-0.04,0.16,0.72,0.6,0.91,0.13,0.36,0.5,0.77,0.83,1.21,0.46,1.16,0.99,1.59,-0.93,-1.2,-1.33,-0.82,-1.33,-1.2,-1.13,-0.94,0.14,-0.49,-0.11,-0.21,-0.36,-0.42,-0.99,-1.41
-7.13,-6.94,-6.69,-6.36,-6.18,-6.05,-6.34,-6.24,-6.07,-5.88,-5.84,-5.82,-5.89,-5.87,-5.7,-5.2,-4.9,-4.88,-5.17,-4.66,-4.88,-4.45,-3.95,-4.1,-4.49,-4.35,-4.32,-4.4,-4.24,-4.17,-4.01,-3.91,-3.92,-4.0,-3.81,-3.89,-3.83,-3.69,-3.31,-2.55,-2.22,-1.2,-1.25,-0.49,1.18,-0.32,0.83,-0.69,-0.38,0.23,0.43,0.46,0.14,0.56,0.32,0.84,-0.03,0.6,1.16,1.03,1.04,1.15,0.48,-0.54,-0.97,-0.58,-0.18,-1.38,-1.17,-1.16,-0.06,0.47,0.23,0.55,-0.21,-0.24,-0.11,-1.28,-1.22
-7.68,-7.33,-7.12,-6.95,-6.53,-6.52,-6.43,-6.39,-6.08,-5.96,-6.0,-6.13,-6.14,-6.18,-6.32,-6.26,-6.04,-5.77,-5.65,-5.59,-4.98,-5.02,-4.88,-4.54,-4.18,-4.22,-4.68,-4.92,-4.91,-4.8,-4.5,-4.56,-4.57,-4.33,-4.19,-4.16,-3.99,-3.83,-3.27,-2.84,-2.64,-1.02,-1.09,1.38,-1.26,-0.71,0.8,0.61,0.04,0.04,0.27,0.31,0.25,0.69,0.36,0.01,-0.07,0.96,0.94,0.69,1.17,1.35,1.22,-1.34,-0.73,-0.36,-1.18,-0.78,-1.16,-1.48,-0.46,-0.04,0.78,0.91,-0.12,-0.17,-0.83,-2.15,-1.53
-7.27,-7.23,-7.16,-6.78,-7.01,-7.13,-6.8,-6.41,-6.14,-6.08,-6.1,-6.34,-6.42,-6.41,-6.32,-6.33,-6.19,-6.16,-5.91,-5.86,-5.61,-5.39,-5.24,-5.01,-5.0,-5.0,-4.85,-5.1,-5.12,-5.26,-5.23,-4.56,-4.49,-4.62,-4.5,-4.75,-4.62,-4.11,-3.55,-3.06,-2.84,-1.25,-0.61,-1.38,-1.21,-0.21,0.88,0.44,0.66,-0.57,-0.35,0.18,0.58,0.78,0.77,0.15,0.16,0.63,0.71,0.49,1.04,1.4,0.6,-0.84,-0.46,-0.63,-1.08,-1.11,-0.46,-0.79,-1.03,0.7,0.86,0.98,0.45,1.01,-1.57,-2.06,-3.4
-7.6,-7.76,-7.67,-7.44,-7.5,-7.21,-7.12,-7.07,-6.59,-6.3,-6.25,-6.32,-6.51,-6.68,-6.72,-6.74,-6.62,-6.26,-6.0,-5.96,-6.05,-5.65,-5.59,-5.52,-5.45,-5.5,-5.78,-5.99,-5.79,-5.29,-4.95,-4.99,-4.58,-4.76,-4.86,-5.2,-4.98,-4.53,-3.94,-3.3,-2.78,-1.9,-0.81,-2.11,-0.52,-2.45,1.72,0.75,1.13,-0.64,-0.37,-0.04,0.24,0.41,0.63,0.79,-0.06,-0.19,0.91,-0.21,1.04,1.15,1.08,-1.24,-0.83,-0.3,-0.61,-1.29,-0.62,-1.2,-0.47,0.79,0.79,1.29,0.35,0.99,-2.47,-1.94,-4.45
-8.24,-8.23,-7.79,-7.48,-7.41,-7.5,-7.64,-7.1,-6.76,-6.6,-6.4,-6.52,-6.68,-6.71,-6.85,-6.99,-6.78,-6.36,-6.16,-6.13,-6.03,-5.99,-5.71,-5.79,-5.84,-6.04,-6.23,-6.15,-5.62,-6.03,-5.58,-5.48,-5.02,-4.7,-4.97,-5.17,-5.17,-4.95,-4.43,-3.82,-3.37,-2.38,-1.41,-1.82,-1.83,0.21,0.77,1.09,0.66,0.77,0.42,-0.48,0.14,0.23,0.02,0.13,-0.02,-0.2,0.34,0.86,0.87,1.09,0.83,-0.86,-0.82,-0.39,-0.95,-1.27,-1.29,-0.6,-0.68,0.54,1.08,1.51,0.3,-1.35,-3.16,-2.51,-3.47
-8.07,-7.75,-7.36,-7.05,-6.9,-7.41,-6.77,-7.21,-6.94,-6.24,-6.53,-6.78,-7.06,-6.97,-7.17,-7.24,-6.87,-6.34,-6.02,-5.98,-6.07,-6.15,-6.29,-6.59,-6.68,-6.98,-6.83,-6.69,-6.57,-6.08,-5.67,-5.47,-5.66,-5.41,-5.13,-5.27,-5.37,-5.24,-4.84,-4.32,-3.62,-2.94,-1.98,-1.66,-1.81,0.71,-2.35,-0.05,0.59,-0.39,0.46,0.63,-0.35,0.66,0.05,0.24,0.28,-0.2,-0.08,1.03,1.14,0.23,-0.11,0.32,-0.78,-1.41,0.26,0.36,-1.14,0.33,0.73,0.1,0.6,1.41,0.68,0.28,-3.36,-2.79,-2.63
-7.14,-7.13,-7.06,-6.78,-6.65,-6.41,-6.63,-7.03,-6.92,-7.51,-6.61,-7.18,-7.45,-7.62,-7.84,-7.15,-6.79,-6.29,-5.88,-5.52,-5.83,-5.82,-6.51,-7.2,-7.22,-7.6,-7.31,-6.96,-6.61,-6.24,-6.47,-5.87,-5.6,-5.63,-5.48,-5.5,-5.52,-5.31,-5.05,-4.59,-4.22,-3.44,-2.51,-1.45,-1.86,-1.27,-1.87,-1.15,0.46,0.2,0.61,0.17,0.73,-0.08,-0.22,-0.66,-0.97,-0.74,-0.74,-0.09,0.1,0.7,-1.02,-0.24,-1.23,-1.06,-0.66,0.53,0.07,0.1,1.08,0.9,1.84,1.0,0.47,-2.07,-2.64,-2.16,-1.9
-6.95,-7.02,-7.11,-7.14,-6.6,-6.02,-6.33,-6.86,-6.79,-7.51,-7.74,-8.19,-7.99,-7.69,-7.7,-6.94,-6.47,-6.38,-5.94,-5.62,-5.72,-5.56,-6.32,-6.84,-7.39,-7.96,-7.35,-6.78,-6.78,-6.22,-6.17,-6.2,-5.74,-5.74,-5.83,-5.8,-5.79,-5.54,-5.37,-5.32,-4.79,-4.11,-3.22,-1.5,-1.87,-1.5,-0.19,-1.16,-1.07,-0.14,0.18,-0.52,0.31,0.35,-1.09,-0.86,-0.69,-0.36,-0.11,0.1,0.17,0.0,-0.67,-1.13,-0.98,-0.95,-0.04,0.57,0.47,0.54,1.19,0.85,1.87,1.28,1.55,-1.78,-2.56,-2.56,-1.49
-6.72,-6.72,-6.89,-6.89,-6.6,-6.33,-6.02,-6.19,-6.24,-6.46,-6.77,-6.68,-6.47,-6.6,-6.57,-6.52,-6.15,-6.38,-6.06,-5.57,-5.87,-5.89,-6.35,-6.64,-6.8,-7.41,-7.06,-6.86,-6.6,-6.36,-6.25,-6.22,-6.17,-5.79,-5.8,-5.86,-5.9,-5.77,-5.57,-5.48,-5.26,-4.72,-3.41,-2.2,-1.7,-2.08,-0.9,0.14,-0.5,1.21,-0.72,0.28,0.8,-1.0,-0.46,-0.96,-2.06,-1.35,-0.55,-0.74,-0.29,-0.29,-0.73,-1.11,-1.16,-1.09,-0.51,0.54,0.27,0.94,0.72,1.42,2.05,1.39,0.62,-2.01,-0.57,-3.39,-2.23
-6.76,-6.47,-6.77,-6.59,-6.27,-6.38,-6.31,-6.41,-6.7,-6.64,-6.3,-5.92,-5.61,-5.57,-5.7,-6.22,-6.04,-5.95,-5.98,-5.64,-5.8,-6.23,-6.39,-6.76,-6.68,-6.76,-6.57,-6.36,-6.25,-6.0,-5.93,-5.86,-5.74,-5.65,-5.59,-5.66,-5.63,-5.47,-5.63,-5.63,-5.41,-5.07,-4.3,-2.95,-2.12,-2.27,-2.51,1.18,-0.45,-0.93,-0.66,0.1,0.0,0.92,-0.36,0.43,-2.26,-1.38,-0.68,-0.78,-0.84,-0.11,-0.88,-0.7,-2.05,-1.48,0.59,0.15,0.45,0.25,0.95,2.17,3.04,0.26,0.93,-1.0,-0.56,-2.44,-2.97
