static/gfs.json
{"header": {"discipline":0,"disciplineName":"Meteorological products","gribEdition":2,"gribLength":76066,"center":7,"centerName":"US National Weather Service - NCEP(WMC)","subcenter":0,"refTime":"2017-03-02T12:00:00.000Z","significanceOfRT":1,"significanceOfRTName":"Start of forecast","productStatus":0,"productStatusName":"Operational products","productType":1,"productTypeName":"Forecast products","productDefinitionTemplate":0,"productDefinitionTemplateName":"Analysis/forecast at horizontal level/layer at a point in time","parameterCategory":2,"parameterCategoryName":"Momentum","parameterNumber":2,"parameterNumberName":"U-component_of_wind","parameterUnit":"m.s-1","genProcessType":2,"genProcessTypeName":"Forecast","forecastTime":0,"surface1Type":103,"surface1TypeName":"Specified height level above ground","surface1Value":10,"surface2Type":255,"surface2TypeName":"Missing","surface2Value":0,"gridDefinitionTemplate":0,"gridDefinitionTemplateName":"Latitude_Longitude","numberPoints":65160,"shape":6,"shapeName":"Earth spherical with radius of 6,371,229.0 m","gridUnits":"degrees","resolution":48,"winds":"true","scanMode":0,"nx":360,"ny":181,"basicAngle":0,"subDivisions":0,"lo1":0,"la1":90,"lo2":359,"la2":-90,"dx":1,"dy":1,"convert-by":"Asper","site":"https://airmap.g0v.asper.tw"}, "data":
[rows 35 to 69 of 181, columns 240 to 319 of 360]
-0.78,-1.22,-1.44,-1.07,-0.1,0.44,-1.02,-1.06,-1.44,-0.63,0.32,0.59,-0.12,0.92,1.38,2.95,2.17,2.07,2.36,2.64,2.83,3.01,2.73,3.15,3.2,2.87,3.23,3.05,3.36,3.89,4.11,4.02,4.49,5.48,5.19,3.7,4.37,4.05,1.28,-0.06,-0.77,-0.81,-1.27,-1.82,-2.42,-2.03,-2.16,-2.55,-1.68,-2.29,-1.23,-1.3,-0.32,-0.09,0.08,-0.09,1.14,-0.18,1.08,1.22,1.59,3.81,4.82,4.25,2.5,-1.63,-1.78,-1.89,-2.05,-3.2,-3.78,-3.88,-2.38,-0.98,-0.96,-0.61,-0.7,-0.84,-0.38,1.14
0.89,1.72,2,0.36,0.66,-0.07,-1.29,-2.27,-1.7,-0.72,-0.08,-0.04,-0.3,-0.49,0.93,1.5,1.86,1.95,2.04,2.47,2.84,2.77,3.12,2.93,3.48,3.28,3.09,3.38,3.37,3.8,4.03,3.88,3.69,4.38,3.81,3.32,3.8,2.33,1.51,0.44,-0.3,-0.84,-1.87,-1.74,-2.53,-1.98,-2.16,-2.34,-2.17,-3.48,-2.17,-2.02,-2.3,-1.82,-0.8,-0.57,-1.9,-0.69,1.07,-0.33,-0.54,-0.3,2.05,3.23,1.24,-0.27,-2.28,-5.39,-7.53,-7.36,-7.56,-7.18,-6.14,-5.63,-5.1,-4.89,-3.8,-3.37,-1.82,0.03
-0.3,-1,0.95,2.79,1.72,1.5,1.89,-0.54,-0.7,0.16,0.19,-0.62,-1.02,0.35,-0.15,-0.29,0.16,0.99,1.46,2.77,2.84,2.52,4.31,1.87,2.39,2.64,2.58,3.46,2.64,3.68,3.33,3.71,3.67,3.44,3.12,3.21,3.41,2.17,2.28,1.5,0.56,0.09,-1.18,-1.34,-1.9,-2.53,-1.64,-3.1,-3.5,-2.78,-3.82,-3.48,-3.04,-2.61,-2.47,-1.79,-1.22,0.17,-1.72,-1.41,0.45,-2.36,-2.08,-0.2,0.61,-1.68,-5.27,-7.87,-9.63,-10.56,-10,-9.94,-8.82,-7.92,-6.6,-5.55,-8.61,-7.6,-5.29,-2.07
-1.84,-1.07,-1.08,0.92,3.04,2.44,1.35,0.78,1.28,1.4,1.2,-0.67,-0.95,-1.33,-1.92,-1.99,-1.44,-0.3,0.88,0.8,2.01,1.67,2.86,1.79,1.56,1.99,1.86,2.13,2.36,2.51,2.93,2.76,3.18,2.79,2.89,3.05,2.28,2.33,2.24,2.92,1.26,0.95,0.53,-0.04,-0.97,-1.18,-1.81,-4.07,-3.45,-4.3,-3.62,-4.21,-5.77,-3.25,-3.96,-3.36,-2.51,-3.72,-1.09,-1.33,-1.77,-2.86,-3.15,-2.68,-0.16,-1.4,-5.14,-4.97,-5.99,-7,-7.58,-9.11,-10.01,-9.8,-8.34,-6.43,-2.4,-5.2,-8.44,-6.17
-2.02,-1.43,-1.32,1.16,-1.46,3.18,0.2,1.01,-0.28,0.91,1.56,0.6,-1.36,0.09,-1.54,-1.52,-2.58,-1.81,-1.18,-1,0.87,2.06,1.44,2.27,0.75,1.84,1.71,1.37,1.6,1.46,1.91,1.85,2.13,2.26,2.74,2.25,2.24,2.12,1.94,1.99,2.38,1.67,1.83,1.8,0.31,-0.15,-0.64,-1.64,-3.78,-3.76,-4.04,-1.12,-5.19,-4.3,-4.58,-1.67,-4.01,-3.73,-2.33,-2.91,-2.6,-2.08,-6.54,-6.75,-0.89,-0.98,0.19,0.07,-0.89,-1.75,-3.23,-4.6,-6.43,-7.86,-8.06,-8.1,-5.9,-2.95,0.95,-6.81
0.01,-1.25,-1.08,-1.73,1.87,1.65,1.25,-0.21,0.74,1.01,2.36,2.44,2.77,0.47,-0.12,-1.42,-2.27,-2.25,-2.16,-1.3,-0.86,0.5,1.02,1.32,1.06,1.5,1.54,1.47,0.82,1.07,1.46,1.88,1.28,1.25,1.88,2.05,1.82,1.83,1.84,1.69,2.38,2.16,2.47,2.52,1.93,1.15,0.33,-0.58,-1.52,-1.99,-3.66,-3.68,-3.01,-3.51,-10.01,-10.85,-9.35,-9.39,-8.24,-8.14,-7.94,-10.33,-5.62,-2.09,-0.1,2.29,4.04,3.91,2.03,0.06,-2.22,-2.66,-3.52,-5.42,-6.62,-7.51,-6.05,-4.06,-1.01,2.5
1.59,-1.23,-0.79,0.66,0.36,-0.42,2.39,-3.06,-0.2,1.01,0.75,1.87,2.56,2.06,2.21,2.14,-2.73,-2.67,-2.17,-2.32,-1.95,-0.17,0.53,0.91,1.01,2.18,1.72,1.24,1.74,1.51,1.58,1.24,1.31,1.4,1.24,1.68,1.57,1.65,1.69,1.95,2.09,2.1,2.55,2.78,3.35,2.63,2.14,1.66,-0.5,-3.3,-3.17,-2.99,-12.75,-7.95,-4.27,-3.87,-8.44,-10.78,-6.84,-10.4,-5.61,-1.96,-0.99,0.25,0.54,3,3.64,6.88,5.37,3.85,2.29,-0.3,-1.82,-2.6,-4.97,-5.51,-4.99,-3.96,-1.13,1.07
1.36,-1.65,-0.98,-0.41,0.89,0.43,0.89,3.44,-4.83,-3.93,-1.37,0.85,1.48,2.34,3.65,3.38,3.05,-1.05,-2,-1.56,-2.19,-1.03,-1.43,0.46,0.93,2.33,2.13,2.57,2.5,2.54,1.64,3.36,2.9,1.56,-0.36,-0.26,0.89,1.31,1.82,1.95,2.34,2.64,3.05,3.21,3.44,3.01,2.86,0.95,1.04,-1.28,-2.85,-2.71,-5.11,-6.66,-6.54,-7.94,-8.88,-10.2,-8.82,-5.59,-0.13,2.89,3.47,4.42,4.17,4.28,4.91,6.74,6.07,7.55,5.54,1.34,-0.8,-3.03,-3.92,-3.49,-3.37,-1.86,0.35,1.76
0.9,-1.53,-0.64,-1.12,0.04,1.54,1.5,0.63,0.11,1.08,-1.12,1.32,0.79,2.11,2.67,3.26,3.95,3.97,0.5,-1.25,-1.59,-0.25,-1.02,-0.03,0.48,1.55,1.97,2.56,3.27,3.68,4.43,2.06,3.79,2.6,0.71,-1.07,0.14,0.85,1.7,2.06,1.34,2.45,3.49,4.37,4.08,2.7,2.74,2.66,0.83,-0.4,1.66,2.86,1.53,-1.83,-3.09,-2.62,-3.59,-3.86,-1.2,3.62,4.34,6.48,8.3,10.34,10.38,8.96,8.08,8.4,8.77,8.64,7.37,4.92,3.84,1.09,-1.3,-3.9,-2.98,0.22,1.46,3.51
2.73,0.48,-1.26,-0.08,-0.64,-0.16,0.55,2.5,2.38,0.8,2.42,-0.69,1,2.42,3.3,3.72,5.12,4.28,3.29,-0.01,-0.83,-1.02,-1,0.17,0.43,0.44,1.45,2.08,2.12,2.26,2.09,0.94,2.05,2.09,0.12,-0.21,1.93,3.01,2.44,1.9,2.06,3.1,4.91,5.03,5.06,5.85,5.01,3.6,4.77,5.06,5.02,3.32,2.78,2.09,0.94,-1.05,-0.93,-0.01,1.95,0.86,3.71,8.62,10.35,11.1,11.15,11.06,10.44,9.38,9.65,9.38,8.65,7.77,7.31,6.66,3.22,2.05,3.45,3.33,2.22,2.96
-1.91,-1.12,-1.05,-0.58,-0.28,1.48,1.84,2.8,0.96,2.31,3.13,-0.82,1.36,0.18,2.69,4.02,5.74,4.51,3.56,0.77,-1.14,-1.59,-0.92,-0.56,1.05,0.66,0.74,0.98,1.79,1.92,2.88,1.62,0.84,3.08,1.78,0,2.6,4.9,2.84,3.97,2.93,3.88,3.92,5.68,7.41,9.21,9.4,5.74,3.82,3.73,1.04,3.03,2.86,3.93,6.45,5.02,0.97,0.96,3.57,6.18,6.42,8.31,9.22,10.24,11.33,12.34,11.5,10.4,10.15,9.39,8.82,7.84,9.49,10.41,7.92,6.01,6.7,5.6,4.67,3.52
-0.94,-0.37,0.62,-0.69,-2.91,-0.58,1.69,1.16,0.34,3.04,4.75,3.76,-1.23,3.17,0.54,2.53,2.93,4.46,4.22,3.71,0.97,-1.92,-0.67,-0.9,-0.08,1.41,1.05,1.86,2.75,2.27,2.6,2.25,1.91,3.18,2.53,2.87,2.8,4.89,6.28,4.3,6.38,6.09,6.52,7.96,8.04,8.33,7.89,6.19,3.62,2.04,3.43,6.8,8.18,8.95,5.21,3.22,6.26,6.26,6.48,6.74,7.41,7.66,9.43,9.83,9.72,9.04,10.23,11,10.21,10.15,9.54,8.26,10.48,11.14,8.74,6.26,6.89,6.04,5.77,5.75
-0.23,0.2,-0.36,-1.55,-2.19,-2.16,-0.07,2.19,-0.73,1.51,1.31,3.92,1.1,3.92,6.52,5.17,5.49,4.97,5.43,5.63,5.33,1.94,-3.1,-1.91,0.2,0.96,1.61,1.97,2.79,3.63,3.75,1.1,1.71,3.13,3.48,3.97,3.74,5.25,4.73,6.45,7.21,6.64,8.14,10,9.03,8.7,8.48,7.3,4.81,3.85,9.71,8.4,8.6,8.17,8.25,9.16,8.08,8.42,8.66,8.78,8.64,10.03,9.67,9.67,9.4,10.18,10.94,9.76,9.52,10.17,8.62,8.23,8.93,13.45,12.88,10.37,7.8,6.67,6.19,6.27
0.41,0.92,0.92,1.13,-0.22,1.58,0.77,-0.98,-0.91,0.13,4.89,6.05,9.63,7.63,10.82,12.21,3.04,4.23,4.14,5.01,5.55,5.15,3.06,-1.3,-3.61,0.9,1.65,2.37,3.26,4.12,4.46,4.63,1.37,4.01,3.51,4.54,4.23,4.34,7.99,8.94,6.01,6.7,7.69,7.53,6.96,7.28,4.08,5.78,5.42,4.86,9.12,10.29,11.27,9.96,8.29,9.76,6.61,6.14,8.49,8.39,10.65,14.27,14.06,11.28,12.04,12.6,12.37,11.17,11.48,12.16,11.04,11.74,7.98,11.9,11.22,8.97,8.07,7.55,6.67,6.4
-0.76,-0.67,-0.99,-1.36,-0.49,0.21,0.71,0.56,-3.61,-1,2.06,3.11,1.47,4.21,6.31,8.73,7.47,5.55,4.11,4.82,4.07,3.94,4.28,3.26,-0.91,-1.22,1.15,2.37,2.81,3.25,4.26,4.53,4.82,2.75,4.57,5.12,5.02,4.03,2.89,2.98,3.97,5.22,7.71,6.67,7.17,5.2,6.02,7.35,10.83,12.28,12.45,13.71,11.46,9.52,8.79,10.29,10.24,11.83,10.73,11,11.93,10.63,9.02,9.04,10.19,11.12,11.55,11.96,13.82,12.67,13.94,14.59,12.26,9.53,8.68,7.99,7.47,7.47,6.62,6.38
-0.96,-0.73,-1.44,-1.16,-0.78,-0.08,1.49,-2.28,-0.82,1.32,1.55,0.61,-0.12,2.62,1.81,1.55,2.67,3.28,3.8,4.28,4.89,5.13,4.6,2.85,1.67,0.45,0.82,0.78,1.6,2.97,3.55,3.79,3.46,3.12,3.55,4.22,3.1,3.93,3.29,3.1,3.42,7.49,5.73,8.02,6.48,6.42,11.67,15.18,15.71,13.47,13.17,11.98,10.8,9.77,10.55,14.26,17.1,11.48,8.11,11.08,12.72,9.97,9.32,10.73,11.24,13.11,13.02,12.34,11.74,12.02,13.91,13.21,12.21,9.26,7.46,7.44,7.41,7.08,5.87,5.73
-1.44,-0.29,-0.63,-0.3,0.32,-1.25,-0.12,-0.74,-0.97,0.23,-0.93,-2.43,-2.09,0.36,3.09,3.03,2.02,0.31,-0.08,1.64,4.28,4.17,3.91,3,1.54,1.39,1.68,0.88,0.91,1.63,2.75,3.46,2.98,2.39,1.8,2.64,3.24,2.56,2.09,3.06,4.45,3.5,3.83,5.05,7,9.96,12.82,16.12,16.01,14.43,15.27,11.83,11.6,10.69,12.97,12.54,11.89,10.42,9.31,10.9,11.44,9.58,10.25,11.12,11.89,11.7,11.91,12.53,12.72,12.63,11.97,10.93,9.46,8.6,7.2,6.22,6.47,6.03,5.08,4.84
-3.8,0.58,0.01,-1.26,-1.03,-0.65,-1.42,-1.91,-2.2,-0.91,-1.38,-0.48,-2.42,2.23,1.56,4.94,3.78,1.67,-0.8,-3.04,0.27,2.68,3.66,2.22,0.59,0.83,0.44,0.59,0.84,1.52,2.36,2.75,2.75,2.13,1.96,1.77,1.91,2.43,2.92,4.17,4.26,4.02,3.52,4.68,8.42,6.33,11.66,13.99,14.35,16.69,16.54,15.54,14.2,13.61,12.5,12.67,12.35,12.69,12.46,11.79,10.5,9.44,9.74,9.88,10.13,9.89,10.08,10.53,10.35,9.88,9.06,8.45,7.11,6.42,6.09,6.05,5.96,4.31,3.47,3.19
0.23,-4.25,0.82,-0.3,-0.79,1.3,-2.55,-2.67,-0.26,-0.8,-0.06,0.79,-1.23,-1.07,0.29,4.37,1.69,2.9,2.03,-0.73,-0.78,0.53,1.84,1.08,-0.88,-1.18,-1.34,0.03,0.53,1.23,1.5,1.24,1.61,2,2.07,1.94,1.49,1.49,2.79,3.79,3.41,3.47,4.11,4.58,8.41,7.4,10.26,13.47,17.27,18.08,15.06,15.83,13.51,12.45,11.08,10.03,10.13,10.9,10.51,9.96,9.49,8.82,9.07,9.36,8.67,8.73,8.61,8.52,8.09,7.36,6.54,5.53,4.85,4.87,5.2,5.43,5.4,3.87,2.03,1.26
0.19,0.03,0.36,-0.55,-0.98,-0.03,-0.53,-1.53,-3.6,-1.01,-1.6,0.67,0.99,-1.09,-1.8,2.12,1.25,-0.15,1.77,0.42,-0.25,-0.32,0.09,-0.58,-0.99,-2.06,-1.52,0.45,1.03,1.31,0.89,0.43,0.95,1.44,1.63,1.71,0.84,2.45,3.12,0.32,2.27,1.85,3.26,3.94,6.89,9.71,15,16.98,15.5,13.84,11.68,9.36,10.33,8.95,8.02,8.13,8.07,7.68,8.35,8.49,8.06,7.56,8.19,7.63,7.63,7.31,6.6,6.03,5.57,4.84,4.09,3.3,3.14,3.3,2.98,2.45,2.12,1.43,0.31,-1.1
-3.36,0.03,-0.39,-1,-0.98,1.1,-3.63,-3.74,-3.06,0.74,-1.6,-2.53,0.97,1.22,4.8,3.51,2.03,2.31,1.78,-0.51,-0.25,-1.44,-1.53,-1.77,-1.16,-1.02,-0.91,-0.18,0.97,0.78,-0.48,-0.11,0.48,0.85,1.14,0.62,1.39,0.89,0.81,0.43,1.3,1.86,2.4,4.06,8.95,15.06,15.3,12.52,13.01,9.18,8.02,8.21,8.34,7.75,7.25,6.68,6.43,6.45,6.58,6.41,6.84,6.97,6.41,6.11,5.46,4.92,4.24,3.66,3.08,2.48,1.72,1.1,0.81,0.77,0.22,-0.31,-1.18,-1.75,-2.24,-2.62
1.24,-2.63,-0.96,-3.76,1.86,2.33,-1.5,-0.75,-2.63,-3.8,-4.83,0.6,1.62,2.09,1.61,4.31,2.43,2.14,1.81,1.57,-1.59,-1.69,-1.76,-1.29,-0.99,-1.58,-1.54,-0.86,0.21,-0.14,-0.68,0.07,0.13,0.64,0.94,1.8,2.59,3.76,0.13,1.18,1.13,2.75,4,10.72,12.02,12.8,13.47,13.07,8.27,6.97,6.33,6.62,6.13,6.16,6.28,6.26,6.13,5.69,4.87,5.66,5.89,4.98,4.43,3.69,3.05,2.51,1.83,1.18,0.73,0.07,-0.77,-1.2,-1.88,-2.95,-2.83,-2.72,-3.05,-3.97,-3.79,-5
0.29,-0.4,-0.81,-3.04,4.14,0.91,0.61,-2.5,-0.22,-3.65,-1.7,-1.85,-1.41,-2.38,-2.03,-0.19,-2.36,-0.38,-0.15,-0.22,-2.06,-2.01,-1.53,-0.92,-0.91,-1.28,-1.43,-1.3,-1.17,-1.56,-1.21,-0.58,-0.05,0.13,0.65,0.8,1.8,3.63,3.44,2.83,3.18,6.26,9.92,11.25,9.23,9.75,9.94,8.71,7.42,6.67,5.79,4.75,4.33,4.84,5.19,5.15,5.22,4.08,4.39,4.3,4.32,3.35,2.33,1.48,0.65,0.06,-0.6,-1.12,-1.66,-2.37,-2.76,-3.27,-4.26,-5.2,-5.39,-5.05,-5.32,-5.28,-5.6,-6.23
-0.29,-0.08,-1.46,-3.6,-6.58,4.09,2.67,-0.66,-2.43,-1.33,-1.95,-2.19,-2.38,-0.54,-1.29,-3.36,-2.12,-3.17,-2.46,-2.21,-2.63,-2.85,-2.01,-1.88,-1.86,-1.67,-1.75,-1.99,-2.29,-2.22,-1.18,-0.78,-0.75,-0.11,0.4,0.71,0.44,2.07,2.75,3.51,7.21,11.55,11.18,8.4,7.08,6.22,6.75,6.07,5.77,5.56,4.47,3.01,2.55,3.05,3.54,3.46,3.6,3.65,3.46,3.05,1.95,1.17,-0.04,-1.06,-1.53,-2.17,-2.81,-3.2,-3.73,-3.98,-4.31,-4.75,-5.71,-6.46,-6.78,-6.69,-6.82,-6.85,-6.46,-7.2
-1.06,-0.71,-1.29,-1.95,-5.07,3.3,5.28,1.41,-1.67,-2.22,-1.23,-3.9,-2.41,-0.95,-0.84,-1.25,-0.32,-2.85,-2.52,-3.03,-3.16,-2.76,-2.97,-3.03,-2.68,-2.02,-2.08,-2.64,-2.79,-1.5,-1.14,-1.02,-0.69,-0.41,0.35,0.13,0.18,0.1,1.91,5.4,9.35,10.01,7.13,6.79,5.97,5.14,4.26,4.54,4.21,4.54,3.71,1.78,0.76,1.06,1.53,1.96,1.12,1.83,1.25,0.58,-0.06,-1.13,-2.2,-2.98,-3.63,-3.98,-4.45,-4.7,-4.99,-5.16,-5.45,-5.82,-6.56,-7.47,-7.23,-7.4,-7.57,-7.86,-7.17,-7.85
-0.76,-0.11,0.93,1.43,-0.68,-8.05,4.43,4.54,-1.5,-0.21,-1.09,-3.13,-0.86,0.7,-1.05,-0.99,-2.12,-2.75,-3.09,-1.96,-3.46,-2.43,-1.94,-2.66,-2.17,-1.46,-1.36,-2.12,-1.73,-1.4,-3.92,-4.25,-3.77,-2.61,-1.99,-0.23,0.44,2.06,1.32,4.25,6.52,6.35,5.05,5.87,5.33,3.71,4,3.34,2.78,2.67,3.14,0.17,-0.51,-0.86,-0.94,-0.67,-1.27,-1.16,-1.05,-1.49,-2.01,-3.07,-3.71,-4.54,-5.33,-5.52,-5.54,-5.71,-5.94,-6.25,-6.49,-6.78,-7,-7.76,-7.98,-7.88,-7.95,-8.57,-7.64,-8.27
-1.42,-1.08,-0.84,-0.75,-1.35,-2.34,-4.96,6.95,4.67,0.4,-2.01,-1.84,-1.62,-1.52,-0.48,-0.84,-0.88,-1.25,-1.23,-0.26,-2.58,-2.85,-2.34,-1.44,-1.2,-5.5,-6.39,-6.4,-6.46,-4.9,-4.7,-4.22,-4.3,-3.62,-4.11,3.3,5.11,3.34,1.22,2.33,4.47,3.19,4.21,4.13,3.84,3.32,2.85,2.45,1.68,1.27,0.26,-0.65,-1.87,-2.83,-2.87,-2.99,-3.44,-3.69,-3.28,-3.4,-3.73,-4.45,-4.98,-5.82,-6.68,-7.02,-6.89,-6.65,-6.73,-6.92,-7.26,-7.29,-7.33,-7.84,-8.15,-8.14,-8.26,-8.42,-8.23,-8.06
-2.07,-1.97,-1.71,-1.5,-2.19,-2.05,0.88,-0.22,8.21,2.56,1.05,-1.93,-2.33,-1.48,-1.22,-1.6,-2.09,-2.82,-1.87,-1.66,-1.54,-2.88,-1.72,-4.14,-4.91,-5.44,-5.93,-5.98,-6.54,-6.06,-5.9,-5.27,-4.38,0.15,5.57,4.22,2.55,2.33,0.78,1.2,4.8,6.3,4.85,3.07,1.93,0.72,0.75,1.19,0.85,0.6,0.02,-1.05,-2.68,-3.85,-4.24,-4.85,-5.49,-5.78,-5.17,-5.09,-5.24,-5.59,-6.02,-6.61,-7.17,-7.9,-8.1,-7.68,-7.19,-7.1,-7.2,-7.28,-7.43,-7.46,-8.02,-7.91,-7.97,-7.86,-7.91,-7.91
-1.83,-2.09,-2.32,-2.51,-1.21,-1,-2.72,-3.92,4.04,8.21,5.67,-0.03,-2.03,-1.74,-0.55,-0.9,-1.52,-2.1,-2.43,-1.15,0,-1.85,-0.69,-4.98,-5.64,-6.18,-6.18,-6.88,-6.98,-5.97,-4.26,0.68,4.68,3.77,3.14,2.21,1.27,0.46,-0.6,0.4,3.39,3.04,0.63,0.61,0.1,-1.16,-1.53,-1.03,-0.75,-0.76,-1.11,-1.68,-2.35,-4.29,-5.2,-6.44,-7.14,-7.4,-6.46,-6.38,-6.52,-6.66,-6.9,-7.17,-7.44,-7.68,-7.84,-7.91,-7.63,-7.28,-7.17,-7.39,-7.58,-7.7,-8.02,-8.11,-7.95,-7.41,-6.94,-6.55
-1.91,-2.18,-2.65,-1.99,-1.51,-0.9,-1.64,-1.3,-4.63,6.19,6.76,2.53,-0.87,-3.35,0.37,-1.28,-2.77,-2.84,-2.59,-0.29,-0.32,1.7,-0.79,-5.05,-6.35,-6.21,-6.14,-5.21,-3.33,1.05,1.56,1.25,1.54,0.84,0.52,0.01,-0.21,-0.17,-1.6,-0.73,0.88,-0.34,-0.26,-0.99,-0.99,-2.19,-2.62,-3.17,-2.85,-2.72,-2.52,-2.85,-3.23,-4.41,-6.2,-7,-7.98,-8.43,-7.35,-7.25,-7.19,-7.54,-7.82,-7.98,-7.85,-7.65,-7.9,-7.95,-7.75,-7.89,-8,-7.84,-7.92,-7.61,-7.53,-7.34,-6.59,-4.91,-3.4,-1.74
-2.25,-2.28,-2.25,-1.71,-1.09,-0.66,-0.81,-0.95,-1.14,-2.45,5.06,5.68,3.06,-1.9,-1.37,-1.17,-1.5,-0.23,-1.38,-0.33,0.7,0.66,1.22,-5.29,-5.31,-5.52,-5.02,-1.56,-3.42,-3.26,-2.81,-2.15,-1.68,-1.43,-0.52,-1.17,-0.93,0.32,-0.98,-1.4,-1.82,-2.85,-1.31,-2.17,-2.76,-3.12,-3.77,-4.2,-5.05,-4.24,-3.97,-4.26,-4.59,-5.45,-6.23,-7.03,-8.26,-8.89,-8.22,-7.41,-7.8,-8.7,-9.14,-9.22,-9.07,-8.72,-8.57,-8.85,-8.94,-8.39,-7.89,-7.6,-7.54,-6.97,-6.1,-5.51,-4.93,-4.56,-4.04,-3.74
-2.5,-2.29,-2.25,-1.85,-1.27,-0.27,0.74,0.61,-0.36,-4.69,1.07,6.01,5.51,2.02,-2.47,-0.24,-1.69,-4.43,-1.69,-3.32,-2.55,2.78,0.25,-4.58,-3.56,-3.79,-3.36,-5.54,-5.87,-5.66,-4.79,-3.7,-3.05,-2.49,-1.72,-1.78,-1.17,-1.24,-0.65,-1.91,-2.26,-4.06,-3.19,-4.11,-4.2,-4.68,-4.68,-5.31,-6.02,-5.96,-5.27,-5.65,-6.07,-6.25,-6.49,-6.73,-7.77,-8.92,-8.85,-8.77,-9.14,-9.75,-10.02,-10.14,-10.13,-9.98,-9.65,-9.27,-8.64,-8.16,-8.13,-8.02,-7.43,-7.03,-6.81,-6.67,-6.15,-5.83,-5.62,-5.61
-2.74,-2.3,-2.18,-1.66,-1.24,-0.53,0.06,0.65,1.29,-2.12,0.01,2.57,4.21,3.76,-0.43,-2.07,-0.3,-1.58,-5.63,-3.52,-1.8,-1.16,-0.33,-2.43,-1.52,-4,-5.28,-6.27,-6.28,-6.13,-5.28,-4.65,-3.3,-2.88,-2.61,-1.38,-1.36,0.82,-0.24,-0.81,-1.83,-4.87,-5.26,-5.29,-5.63,-6.09,-6.17,-6.42,-7.02,-7.09,-6.9,-6.84,-7.08,-7.18,-7.01,-6.9,-7.77,-8.54,-9.15,-9.3,-9.22,-9.58,-9.81,-10.1,-10.25,-10.04,-9.67,-9.23,-8.93,-8.56,-8.4,-8.43,-8.3,-8.24,-8,-7.5,-7.01,-6.63,-6.05,-6.21
-3.17,-2.57,-2.2,-1.59,-1,-0.51,0.13,0.73,1.38,2.15,1.01,-0.33,1.61,2.2,-0.78,-1.84,-1.39,-1.97,-4.05,-3.71,-2.57,1.37,0.56,0.15,-3.16,-3.46,-5.48,-5.39,-6.6,-3.7,-4.68,-3.54,-2.83,-2.33,-3.11,-2.29,-0.37,-1.11,-2.81,-1.67,-0.88,-1.27,-3.01,-6.33,-6.72,-7.26,-7.78,-7.91,-7.79,-7.98,-8.12,-8.21,-8.14,-8.08,-8.04,-7.96,-8.03,-8.62,-9.11,-9.56,-9.83,-9.71,-10.06,-10.48,-10.66,-10.43,-10.12,-9.82,-9.61,-9.44,-9.17,-9.27,-9.11,-9.02,-8.85,-8.2,-7.49,-6.31,-6.29,-4.99
-3.71,-3.19,-2.8,-1.92,-0.96,-0.83,-0.54,-0.34,-0.14,0.81,2.42,0.32,0.51,-0.19,0.11,-2.3,-1.42,-2.77,-1.39,-4.4,-2.35,-0.66,1.28,2.22,-1.28,-2.15,-3.08,-5.75,-4.97,-5.5,-3.12,-2.32,-1.82,-1.18,-2.39,-2.56,-2.75,-2.28,-2.66,-2.47,-3.31,-4.03,-1.58,-1.52,-1.98,-8.54,-9.69,-8.7,-9.49,-8.92,-9.17,-9.08,-8.97,-9,-8.87,-8.61,-8.59,-8.75,-9.18,-10.01,-10.35,-10.29,-10.66,-10.63,-10.6,-10.79,-10.74,-10.44,-10.04,-9.73,-9.71,-9.66,-9.58,-9.17,-8.35,-7.71,-7.5,-6.64,-6.59,-5.99
