static/gfs.json
{"header": {"discipline":0,"disciplineName":"Meteorological products","gribEdition":2,"gribLength":75959,"center":7,"centerName":"US National Weather Service - NCEP(WMC)","subcenter":0,"refTime":"2017-05-22T06:00:00.000Z","significanceOfRT":1,"significanceOfRTName":"Start of forecast","productStatus":0,"productStatusName":"Operational products","productType":1,"productTypeName":"Forecast products","productDefinitionTemplate":0,"productDefinitionTemplateName":"Analysis/forecast at horizontal level/layer at a point in time","parameterCategory":2,"parameterCategoryName":"Momentum","parameterNumber":3,"parameterNumberName":"V-component_of_wind","parameterUnit":"m.s-1","genProcessType":2,"genProcessTypeName":"Forecast","forecastTime":0,"surface1Type":103,"surface1TypeName":"Specified height level above ground","surface1Value":10,"surface2Type":255,"surface2TypeName":"Missing","surface2Value":0,"gridDefinitionTemplate":0,"gridDefinitionTemplateName":"Latitude_Longitude","numberPoints":65160,"shape":6,"shapeName":"Earth spherical with radius of 6,371,229.0 m","gridUnits":"degrees","resolution":48,"winds":"true","scanMode":0,"nx":360,"ny":181,"basicAngle":0,"subDivisions":0,"lo1":0,"la1":90,"lo2":359,"la2":-90,"dx":1,"dy":1,"convert-by":"Asper","site":"https://airmap.g0v.asper.tw"}, "data":
[rows 111 to 147 of 181, columns 0 to 82 of 360]
4.53,4.57,4.43,4.5,4.63,4.92,5.47,5.49,4.7,3.89,3.35,3.26,1.9,-0.22,-3.19,-0.75,-1.15,-1.37,0.87,0.92,0.95,1.64,2.19,1.36,1.05,0.54,0.66,0.7,-1.17,-0.89,-0.9,-0.26,0.31,-1.43,0.77,2.07,2.93,3.72,3.99,5.33,5.09,3.98,2.79,1.71,-0.68,0.3,1.19,-0.22,0.76,1.63,2.82,3.38,4.77,5.07,4.56,2.08,5.31,4.38,3.09,2.53,1.71,2.39,2.9,3.02,3.52,3.28,2.75,2.48,2.48,3.14,2.81,1.91,2,2.05,1.52,0.62,1.09,1.33,2.11,1.74,0.96,0.56,0.66
4.13,4.43,4.32,4.21,4.32,4.34,4.75,5.14,4.41,3.13,1.91,2.01,2.44,1.57,-3.2,-3.03,-1.21,-0.82,-2.26,-1.4,-0.03,0.17,0.62,0.47,0.93,0.47,0.87,1.37,1.46,0.6,0.24,0.49,-0.3,-1.52,0.01,1.48,2.66,2.99,3.92,4.79,5.06,5.38,4.63,-1.61,0.13,0.77,2.53,-0.29,0.47,1.84,2.37,2.92,4.06,4.1,4.32,3.44,3.92,4.11,3.78,3.01,2.86,2.26,1.71,2.04,2.3,2.37,2.19,1.82,1.99,2.22,2.55,2.35,1.97,2.19,1.09,-0.97,-0.08,0.35,1.07,1.6,1.14,0.6,0.32
2.62,3.78,4.07,3.88,4.22,4.22,4.14,4.48,4.13,2.92,1.43,0.61,1.17,2.04,-3.1,-2.95,-2.54,-2.24,-2.96,-3.34,-1.82,-0.59,-0.42,-0.03,-0.31,-0.8,-1.18,-1.09,-0.14,1.05,0.62,0.2,0.01,-1.26,-0.61,0.85,1.8,2.49,3.49,3.86,4.55,6.14,5.79,4.52,-1.56,-1.33,-1.41,0.66,0.98,1.73,1.77,2.31,2.4,3.11,3.67,3.41,2.94,3.26,3.7,3.62,3.44,3.25,2.8,1.18,1.17,1.36,1.38,1.36,1.42,1.54,1.45,1.76,1.96,2.18,2.28,-2.2,-1.28,-0.7,0.07,0.75,0.9,-0.46,-0.99
-0.43,2.26,2.95,3.32,3.48,4.08,4.12,3.99,4,3,1.86,1.43,1.79,1.98,-1.57,-4.84,-0.73,-2.41,-4.15,-3.94,-3.51,-2.59,-2.47,-2.42,-1.75,-0.86,-0.07,-1.66,0.08,-0.2,0.36,-0.86,-1.01,-1.53,-0.93,0.11,0.62,1.4,2.25,3.27,3.76,4.83,5.16,4.72,-0.11,-1.62,-0.85,-0.66,-0.11,0.81,1.65,1.7,2.27,2.58,2.58,2.67,2.47,2.3,3.08,3.48,3.56,3.3,3.15,2.73,0.78,0.24,0.64,0.51,0.72,0.99,0.84,0.87,1.2,1.66,1.68,-3.43,-2.59,-1.46,-1.08,-0.13,0.51,-0.42,-0.72
-3.73,-0.84,1.21,1.75,2.32,3.22,3.95,3.98,4,3.44,2.7,2.65,2.8,2.88,1.73,-1.88,-0.61,-1.39,-4.34,-4.57,-3.83,-3.62,-3.59,-2.72,-0.93,0.92,0.83,0.3,-0.35,-0.75,1.42,-0.27,-2.32,-2.1,-2.17,-1.71,-0.98,0.08,0.84,1.76,1.98,2.96,3.62,3.34,1.8,0.16,-0.42,-2.29,-0.6,0.39,1.52,1.81,2.1,2.22,2.87,2.73,2.75,3.11,2.02,2.53,2.97,3.1,2.88,3.24,2.63,0.91,-0.3,-0.18,-0.14,0.18,0.74,0.35,0.51,0.63,1.55,-3.17,-3.72,-2.33,-1.46,-0.7,-0.39,-0.37,-0.43
-6.56,-4.33,-1.81,-0.22,0.43,1.8,2.81,3.78,3.94,3.67,3.08,2.96,3.72,3.98,3.72,-3.56,-3.15,-2.83,-2.99,-4.6,-4.24,-3.76,-2.93,-2.8,-1.53,0.18,0.69,2.57,2.35,0.2,-0.1,0.76,-1.83,-6.11,-4.83,-3.59,-2.51,-1.49,-0.55,-0.19,0.47,0.93,1.53,1.26,0.62,-0.16,-0.71,-1.13,-0.31,0.61,0.82,1.39,2.13,2.13,2.09,1.7,2.39,3,2.52,1.73,1.98,2.63,3.15,3.45,3.23,3.21,2.63,-1.51,-0.99,-0.54,-0.29,0.54,0.18,0.02,0.9,-3.68,-4.57,-3.21,-2.32,-1.65,-0.88,-0.58,-0.85
-7.68,-6.66,-4.17,-2.95,-1.78,-0.52,1.36,2.2,3.04,3.3,3.24,3.4,3.77,4.34,5.08,3.45,-3.06,-1.07,-1.29,-0.92,-4.01,-4.04,-3.44,-2.19,-0.44,0.56,0.43,0.34,0.5,0.37,0.77,-0.69,-1.26,-6.2,-6.67,-5.39,-3.97,-3.05,-2.44,-1.81,-1.05,-0.44,-0.29,-0.47,-0.71,-1.06,-1.69,-1.51,-0.69,0.19,1.19,1.9,1.93,3.21,2.17,2.26,0.61,-0.05,1.03,1.41,1.03,1.4,2.09,1.78,2.47,2.57,2.33,1.82,1.36,-0.25,-1.6,-1.67,-0.78,-1.16,-0.86,-2.34,-4.83,-4.21,-3.47,-2.54,-1.66,-1.13,-1.1
-9.64,-8.48,-5.72,-4.54,-3.74,-2.32,-0.66,0.14,1.32,1.72,2.35,2.78,3.58,4.64,5.29,5.43,-0.53,-2.24,-4.75,-4.08,-4.86,-4.52,-2.75,-1.7,-1.93,-0.81,-0.27,0.66,1.59,-1.05,-0.6,-0.03,-1.43,-8.77,-7.78,-6.64,-5.48,-4.36,-3.43,-2.56,-1.72,-1.26,-1.25,-1.3,-1.37,-1.48,-1.52,-1.72,-1.39,-0.18,0.85,1.27,1.73,1.83,2,1.96,2.39,1.95,-0.51,-0.67,-0.82,0.09,0.88,1.37,1.33,1.82,1.72,1.4,2.43,2.25,2.9,-1.98,-2.81,-2.04,-2.85,-3.57,-5.1,-5.35,-4.4,-3.79,-2.97,-2.24,-1.72
-11.81,-10.58,-8.43,-5.98,-5.16,-4.09,-2.73,-2.44,-1.05,-0.27,0.29,1.2,1.81,2.74,3.96,4.87,5.28,-0.52,0.54,-0.76,-3.75,-2.94,-1.29,-2.33,-1.52,-2.1,-0.79,0.3,1.26,2.96,1.21,0.16,-4.79,-10,-8.49,-7.52,-6.55,-5.53,-4.39,-3.47,-2.65,-2,-1.57,-1.13,-0.94,-1.19,-1.22,-0.34,0.56,1.3,1.47,1.31,1.57,1.7,1.4,1.07,1.02,0.55,1.25,1.97,1.34,-0.83,-0.71,-0.89,0.18,0.61,-0.3,-0.13,1.13,2.29,2.11,2.53,-1.34,-4.07,-3.64,-4.81,-4.77,-5.59,-5.43,-4.71,-4.53,-3.99,-3.22
-12.99,-12.65,-10.64,-8.19,-6.2,-4.99,-4.31,-3.56,-3.05,-2.48,-1.64,-0.58,0.45,1.21,2.39,3.59,4.63,5.04,-0.9,-5.02,-5.06,-3.58,-4.22,-1.51,-1.45,-2.4,-2.37,-1.4,-0.82,-2.87,-0.11,0.27,-7.18,-9.41,-8.75,-8.02,-7.12,-6.22,-5.26,-4.34,-3.59,-3.05,-2.59,-2.22,-2.02,-1.44,-0.44,0.14,0.79,1.05,1.13,1.51,1.65,1.94,1.93,1.77,0.82,0.34,0.45,0.27,0.66,1.37,2.05,0.24,-0.77,-0.74,-0.35,-1.13,-0.42,1.12,2.11,1.88,2.32,0.92,-5.24,-4.8,-5.62,-6.71,-6.3,-5.48,-5.08,-5.35,-4.8
4.02,-10.16,-12.51,-9.99,-7.73,-5.91,-5.2,-4.94,-4.42,-4.02,-3.28,-2.08,-1.02,-0.02,0.75,2.1,3.59,4.79,1.78,-2.37,-3.39,-3.34,-3.31,-2.75,-2.27,-2.07,-1.96,-2.4,-2.62,-2.71,-0.77,-4.71,-6.83,-8.56,-8.61,-8.02,-7.28,-6.54,-5.9,-5.2,-4.53,-3.9,-3.41,-2.79,-2.47,-1.67,-0.71,0.08,0.45,0.87,1.11,1,1.38,1.14,1.43,1.5,1.42,0.46,-0.45,0.45,0.93,0.97,0.44,0.62,0.24,-0.97,-1.16,-0.91,-1.56,-1.21,-0.62,0.58,1.31,2.01,1.16,-3.62,-4.62,-4.96,-5.25,-5.04,-5.13,-5.87,-5.82
-5.74,-0.88,-9.14,-10.89,-9.42,-7.43,-6.54,-6.19,-6.01,-5.67,-4.5,-3.26,-2.23,-1.28,-0.45,0.52,2.2,3.72,4.16,-0.33,-3.66,-2.76,-5.7,-4.37,-4.62,-2.12,-3.3,-2.43,-2.32,-3.4,-2.99,-6.68,-8.71,-9.18,-8.53,-7.71,-6.97,-6.45,-6.17,-5.65,-5.02,-4.33,-3.3,-3.16,-2.54,-2.09,-1.26,-0.04,0.2,0.11,-0.2,0.02,0.23,0.78,0.79,0.77,0.97,0.03,-1.58,-0.55,0.15,0.15,0,-0.51,-0.38,-0.55,-1.27,-1.73,-1.3,-0.77,-0.7,-1,-0.4,0.49,1.07,1.45,-2.11,-4.87,-5.71,-5.67,-5.69,-5.93,-6.13
-7.07,-6.28,-3.32,-9.24,-9.4,-8.28,-6.99,-7.14,-7.2,-6.33,-5.63,-4.22,-2.85,-1.89,-1.21,-0.81,0.61,2.23,2.16,0.25,-1.69,-1.98,-1.73,-2.9,-3.2,-3.03,-3.58,-2.67,-0.89,0.15,-6.11,-7.39,-7.97,-8.73,-8.92,-8.37,-7.67,-7.3,-6.85,-6.28,-5.57,-4.61,-4.31,-3.87,-3.23,-2.52,-1.98,-1.17,0.04,0.34,0.34,-0.1,0.54,1.44,1.56,1.03,0,-1.28,-1.03,-0.96,-1.5,-1.73,-1.55,-0.84,-0.44,-0.89,-0.8,-1.17,-1.68,-1.11,-0.48,0.1,-0.17,-0.46,-0.45,-0.48,0.34,-0.89,-5.59,-6.19,-6.22,-6.16,-5.79
-8.12,-7.3,-6.01,-8.42,-9.19,-9.12,-7.99,-7.62,-7.36,-6.02,-5.12,-5.01,-3.56,-2.58,-1.8,-0.97,0.11,1.21,0.78,-0.32,1.2,0.25,-0.13,0.62,0.52,1.46,2.96,2.98,2.87,2.1,-1.47,-6.47,-7.18,-6.95,-6.56,-6.11,-6.18,-6.41,-6.55,-6.19,-5.86,-5.41,-4.59,-4.51,-4.21,-3.48,-1.96,-0.46,0.91,1.52,0.67,-0.55,-0.28,0.52,1.34,1.85,1.64,1.1,0.22,-1.63,-2.29,-2.64,-2.7,-1.92,-1.46,-1.97,-1.95,-1.34,-1.01,-1.85,-2.14,-1.91,-0.77,-0.29,-0.71,-0.96,-0.43,-0.53,-0.72,-3.22,-6.99,-7.11,-6.25
-6.67,-8.29,-6.51,-8.36,-9.99,-10.07,-8.74,-7.85,-7.03,-5.75,-4.76,-4.13,-3.6,-2.93,-2.08,-1.23,-0.47,0.05,0.94,-1.48,-1.93,-1.29,-0.57,0.77,1.63,2.39,2.55,2.54,2.77,3.06,1.67,-2.29,-3.98,-4.22,-4.5,-4.68,-4.82,-4.81,-5.27,-5.37,-5.55,-6.05,-5.85,-5.93,-5.1,-2.98,-0.74,0.43,0.93,1.12,0.56,0.27,-0.03,0.46,1.07,1.51,1.37,1.32,1.78,1.76,0.61,-0.55,-1.1,-0.8,0.25,1.1,1.44,0.7,-0.32,-1.47,-3.35,-2.88,-0.16,0.95,1.03,0.21,-0.79,-0.85,-0.61,-1.41,-1.29,-5.32,-8.18
-3.8,-6.7,-7.9,-6.58,-9.32,-9.11,-9.16,-7.88,-6.7,-5.91,-5.08,-4.45,-4.02,-3.45,-2.29,-1.62,-0.86,0.38,0.65,-0.04,0.14,-1.21,-0.46,0.35,1.39,2.03,2.17,1.93,1.48,1.05,0.68,-1.11,-3.34,-3.47,-3.43,-3.75,-4.24,-4.51,-4.86,-5.29,-5.37,-5.94,-6.01,-6.22,-5.47,-3.86,-1.15,0.82,0.65,0.46,0.14,-1.13,-0.11,0.84,1.04,0.88,0.66,0.16,-0.41,0.23,-1.3,-2.11,-1.9,-1.02,0.55,2.06,2.65,2.85,3.05,2.92,2.24,0.11,-1.08,0.7,2.54,4.19,5.31,6.08,4.85,0.56,-1.49,-1.32,0.04
-3.52,-3.33,-3.69,-4.81,-4.92,-8.98,-9.43,-8.33,-6.99,-5.92,-4.98,-4.71,-4.41,-3.53,-2.7,-1.95,-0.76,0.67,1.41,1.61,0.98,0.24,0.29,0.44,0.09,0.54,1.37,1.46,0.82,0.27,-0.47,-1.48,-2.36,-3.46,-4.01,-5.1,-6.16,-6.59,-6.62,-5.93,-5.05,-4.66,-5.97,-5.72,-5.85,-3.67,-0.66,-0.37,-0.15,-0.65,-1.35,-1.16,-0.48,0.46,-0.29,-1.17,-0.84,-0.66,0.19,-0.06,-2.4,-2.43,-1.94,-1.36,-1.2,-1.26,-1.23,-0.16,1.17,1.36,2.1,3.22,4.1,4.4,4.84,5.33,5.77,6.05,6.13,6.06,6.68,6.67,3.73
-4.19,-3.82,-1.74,-1.18,-2.47,-2.58,-3.9,-7.05,-9.2,-8.11,-7.45,-6.18,-5.11,-4.14,-3.74,-3.23,-1.89,-0.55,1.41,2.8,3.14,4.03,4.46,5.25,5.05,3.81,0.23,-2.72,-0.6,-0.04,0.48,0.53,-0.68,-2.44,-3.55,-3.59,-3.33,-3.81,-3.48,-3.21,-2.85,-2.38,-2.34,-4.36,-5.79,-3.24,-1.64,-1.39,-2.03,-2.66,-3.36,-3.08,-2.22,-4.1,-0.57,0.79,0.85,0.83,-0.15,-0.75,-2.47,-2.38,-2.16,-2.03,-1.89,-0.37,1.28,1.98,-2.35,-3.15,-1.7,-0.27,1.02,2.51,3.63,4.11,4.32,4.73,5.07,5.08,5.1,5.19,5.95
-0.65,0.95,1.18,0.4,-0.33,0.79,-0.1,-0.79,-2.89,-4.6,-5.08,-7.91,-7.13,-5.74,-4.72,-3.84,-2.8,-1.83,-0.21,0.93,1.03,3.33,4.66,6.2,5.57,6.04,6.85,7.36,6.43,3.11,0.55,1.71,3.31,4.63,5.98,4.83,0.85,-0.05,0.21,-0.45,-0.18,-0.28,-0.38,-0.29,-3.15,-6.15,-4.58,-3.83,-2.84,-2.12,-5.55,-5.65,-5.71,-4.66,-2.55,-0.39,0.06,-0.54,-1.4,-1.31,-0.68,-0.96,-1.83,-2.59,-2.39,-0.41,0.4,-0.84,-3.91,-2.92,-0.26,1.03,1.42,3.47,4.66,3.85,4.26,5.22,5.7,5.63,5.24,4.95,4.89
-0.01,0.2,0.68,1.12,1.49,1.82,1.96,1.68,1.62,1.65,1.44,0.91,1.04,1.49,2.22,2.77,3.39,3.93,2.58,2.37,2.67,3.73,4.65,5.32,5.76,5.52,5.72,6.03,6.37,6.79,7.44,7.61,6.72,5.93,5.62,5.31,5.71,6.73,6.57,0.82,-4.43,-4.85,-4.55,-3.75,-2.57,-2.44,-3.36,-4.23,-4.13,-4.13,-5.03,-5.99,-4.75,-4.15,-5.61,-2.73,-1.25,-1.42,-1.29,-1.74,-1.61,-1.33,-1.67,-1.4,-1.75,-2.01,-1.61,-2.49,-4.6,-2.5,-0.02,0.04,2.49,3.36,2.53,3.31,4.67,4.98,4.86,4.87,4.78,4.53,4.37
-0.01,0.36,0.71,1.38,1.45,1,1.66,1.84,2.07,2.07,2.4,2.78,2.55,2.1,2.38,2.85,3.06,3.16,3.16,2.65,2.81,3.01,3.11,3.34,4.08,4.82,5.04,5.17,5.28,5.29,5.71,6.17,6.37,6.39,6.55,6.35,5.52,4.98,4.53,4.4,6.29,7.04,-1.17,-4.97,-4.86,-4.59,-4.85,-5.7,-4.91,-4.65,-4.11,-6.43,-6.81,-3.29,-4.72,-3.97,-2,-2.55,-2.13,-1.77,-1.75,-2.1,-2.01,-2.25,-2.49,-2.14,-1.94,-3.49,-4.74,-3.19,-1.25,1.11,2.33,2.06,2.62,4.29,4.44,5.11,5.47,5.38,4.88,4.61,4.43
0.07,-0.25,-0.5,-0.26,0.28,0.88,1.17,1,1.19,1.44,1.43,1.39,1.76,2.09,2.07,2.01,1.92,1.98,2.66,3.44,3.53,4.04,4.36,4.45,5.85,6.58,6.46,5.96,5.45,5.21,5.43,5.83,5.81,5.83,5.57,5.34,5.33,5.29,5.35,5.38,4.02,3.21,3.28,3.62,-1.95,-5.3,-5.66,-7.76,-8.16,-7.18,-6.16,-6,-9.04,-8.92,-7.09,-3.93,-2.87,-3.09,-3.16,-2.28,-2.19,-2.36,-2.52,-2.75,-3.42,-3.29,-4.37,-4.53,-4.41,-1.84,-0.29,0.39,1.21,1.9,3.66,3.77,5.02,5.84,6,6.23,6.14,5.72,5.52
0.79,0.33,0.17,-0.01,-0.15,-0.15,-0.08,0.19,0.92,1.45,1.9,1.99,2.15,2.5,2.53,2.35,2.96,3.1,3.15,3.81,4.27,4.71,5.13,5.54,5.59,5.76,5.89,6.25,6.07,5.77,5.45,5.19,5.73,5.9,6.06,6.27,6.34,6.43,6.38,6.36,6.12,5.56,4.86,4.66,4.84,1.5,-5.51,-7.64,-7.22,-6.99,-8.12,-8.79,-10.65,-11.15,-9.49,-7.76,-4.42,-2.42,-2.67,-3.88,-4.44,-3.77,-3.34,-3.93,-4.29,-5.06,-4.45,-4.31,-3.42,-2.47,-2.21,-0.54,0.28,2.2,2.59,3.87,5.01,6.12,7.09,7.22,6.87,6.64,6.31
1.3,1.63,1.25,0.75,0.28,0.02,0.2,0.59,1.03,1.19,1.61,2.36,2.87,3.04,2.96,2.99,3.78,3.68,3.38,3.6,3.74,4.13,4.67,4.73,5.09,5.33,5.6,5.42,5.2,5.06,5.13,5.43,5.36,5.3,5.27,5.19,5.22,5.44,5.61,5.63,5.48,4.61,4.12,2.81,1.92,1.32,-1.45,-6.56,-8.69,-8.96,-9.27,-10.22,-10.69,-11.26,-10.22,-8.4,-5.81,-3.87,-2.65,-2.91,-3.15,-4.18,-4.72,-4.86,-4.8,-4.43,-4.49,-4.52,-2.94,-1.62,-0.56,0.12,1.05,2.24,3.13,4.49,5.6,6.48,7.39,7.84,8.07,7.96,7.48
1.77,1.11,-0.04,-0.57,-0.83,-0.81,-0.33,1.87,2.05,1.97,2.54,2.79,2.58,2.6,2.63,2.99,3.36,3.53,3.78,3.43,3.72,4.17,3.89,3.79,3.79,3.93,4.14,4.3,4.54,4.39,4.31,4.2,4.06,4.17,4.46,4.74,4.76,4.95,5.28,5.55,5.67,5.44,4.69,3.23,1.73,0.56,-0.51,-2.63,-8.04,-10.69,-11.58,-12.15,-12.31,-11.85,-10.78,-8.22,-5.42,-4.73,-4.8,-4.94,-4.8,-4.24,-3.52,-3.18,-2.58,-1.93,-3.12,-3.56,-3.13,-2.1,-1.42,0.36,1.08,1.9,3.51,4.81,5.67,6.86,8.45,9.52,9.7,9.67,9.37
1.64,1.41,1.68,1.18,-0.01,-0.66,-0.69,-0.09,1.02,1.72,2.07,2.14,2.14,2.16,2.17,2.14,2.32,2.56,2.81,2.89,3.25,3.07,3.2,3.49,3.63,3.62,3.63,3.84,4.17,4.13,3.9,3.94,4,3.8,3.76,4.26,4.75,5.15,5.5,5.86,6.03,5.86,5.18,4.25,3.16,1.7,0.14,-1.24,-2.63,-7.19,-12.08,-14.33,-13.57,-12.42,-11.13,-9.43,-7.35,-6.7,-6.29,-5.51,-5.47,-5.74,-5.95,-6.12,-5.62,-4.19,-3.86,-4.69,-5.36,-5.51,-3.13,-1.46,-0.12,1.2,2.77,4.19,6.04,8.02,9.78,10.32,10.03,9.81,10.66
-0.46,-0.82,-0.82,-0.69,-1.11,-1.35,-0.88,-0.26,0.48,1.19,1.67,1.86,1.74,1.83,1.73,1.57,1.73,1.79,2.55,2.64,2.57,2.94,3.17,2.99,2.79,3.14,3.31,3.23,3.49,3.66,3.8,3.4,3.24,3.6,3.75,3.82,3.95,4.33,5.17,5.32,5.49,5.46,5.16,4.54,3.55,2.49,0.98,-0.31,-2.13,-5.18,-7.13,-10.26,-12.65,-11.69,-10.79,-10.18,-8.71,-7.71,-7.97,-7.87,-7.35,-6.57,-5.54,-5.5,-5.23,-4.77,-5.87,-5.49,-5.87,-5.38,-4.83,-3.28,-1.38,0.71,2.75,4.48,6.5,8.19,9.53,10.74,11.87,12.83,13.4
-1.09,-1.24,-1.5,-1.42,-1.3,-1.16,-0.76,-0.39,0.14,0.67,0.91,0.93,0.91,0.77,0.58,0.66,0.96,1.06,1.35,1.94,2.09,2.12,2.43,2.6,3.06,3.4,3.52,3.56,3.68,3.87,3.91,4.04,3.94,3.78,3.81,4.02,4.26,4.51,4.45,4.58,4.63,4.68,4.51,3.84,2.88,1.82,0,-1.22,-1.55,-3.44,-6.82,-10.44,-12.45,-13.05,-11.98,-10.94,-10.17,-9.39,-8.47,-7.75,-7.83,-8.11,-7.52,-7.23,-6.66,-6.41,-6.51,-5.7,-5.91,-6.14,-5.91,-4.87,-3.56,-2.35,0.29,2.9,5.19,7.25,9.34,11.29,12.75,14.14,15.48
-0.63,-0.87,-1.19,-1.51,-1.66,-1.63,-1.42,-0.95,-0.63,-0.36,-0.13,-0.05,-0.27,-0.11,-0.03,0.15,0.46,0.93,1.18,1.35,1.84,1.86,2.32,2.24,2.95,2.94,2.83,3.26,3.57,3.37,3.66,3.86,3.67,3.66,3.88,3.91,3.52,3.68,3.86,3.85,3.86,4.19,4.54,4.55,3.78,2.94,1.81,0.66,-0.16,-1.61,-3.48,-4.37,-6.32,-7.35,-8.2,-10.01,-11.5,-11.77,-10.58,-8.87,-8.34,-8.84,-9.09,-9.05,-8.67,-8.16,-7.89,-7.52,-6.94,-6.4,-7.07,-5.67,-4.45,-3.18,-0.79,2.09,4.79,6.94,9.15,11.22,12.89,15.03,16.93
-1.52,-1.42,-1.56,-1.69,-1.75,-1.74,-1.71,-1.67,-1.49,-1.23,-0.94,-0.72,-0.49,-0.34,-0.22,-0.04,0.14,0.88,1.04,1.2,1.48,1.23,1.06,1.29,1.54,1.99,2.28,2.47,2.55,2.82,3.13,3.19,3.16,2.97,2.95,3.24,3.53,3.59,3.48,3.18,2.87,2.72,2.68,2.49,2.4,2,1.12,0.1,-0.53,-0.59,-0.86,-1.81,-3.29,-4.59,-6.13,-7.5,-7.2,-7.74,-9.94,-11.7,-10.53,-8.65,-8.1,-7.83,-8.06,-8.56,-9.03,-8.95,-8.2,-7.82,-5.8,-5.46,-5.45,-4.23,-2.61,-0.44,2.94,5.09,7.49,10.18,12.47,14.76,17.26
-2.5,-2.22,-2.01,-2.2,-2.45,-2.58,-2.55,-2.33,-1.96,-1.55,-1.2,-0.88,-0.66,-0.47,-0.18,-0.2,0.11,0.56,0.25,0.05,0.1,0.17,0.24,0.74,0.94,1.23,1.43,1.35,1.66,1.86,1.99,2.13,2.31,2.47,2.69,3.12,3.33,3.2,3.01,2.81,3.2,3.05,2.84,2.77,2.09,0.76,0.08,-0.42,-1.07,-1.87,-2.54,-3.02,-3.56,-4.02,-4.04,-3.96,-5.71,-7.71,-7.76,-8.39,-10.15,-9.64,-7.79,-7.33,-7.68,-8.69,-8.47,-7.57,-7.02,-7.43,-6.78,-6.45,-6.35,-4.91,-3.5,-1.8,0.17,1.78,4.97,8.47,10.85,13.24,15.73
-3.34,-3.84,-4.14,-4.59,-4.7,-4.39,-3.9,-3.34,-2.68,-2.04,-1.47,-1.14,-0.96,-0.98,-0.98,-1.3,-1.68,-1.28,-0.82,-0.66,-0.52,-0.6,-0.86,-0.93,-0.94,-0.71,-0.27,0.13,0.84,1.31,1.48,1.52,1.77,2.13,2.42,2.75,3.23,3.22,2.94,2.49,2.01,1.65,1.59,1.67,2.06,1.17,-0.48,-1.44,-1.87,-2.34,-3.06,-3.63,-3.35,-3.05,-3.51,-4.55,-5.44,-5.6,-7.38,-9.42,-9.75,-9.62,-9.11,-8.26,-7.65,-6.94,-7.05,-7.82,-7.76,-7.12,-6.77,-7.48,-7.51,-6,-4.46,-2.96,-1.31,0.53,2.95,5.56,7.22,9.82,12.88
-4.16,-4.21,-4.66,-5.43,-5.92,-5.77,-5.33,-4.88,-4.28,-3.61,-2.76,-2.79,-3.31,-3.42,-2.84,-2.22,-1.94,-1.78,-1.82,-1.79,-1.57,-1.41,-1.24,-0.75,-0.3,-0.46,-0.81,-0.53,0.01,0.42,1.18,1.74,1.82,1.76,2.26,2.67,2.79,2.71,2.48,2.16,2.06,1.58,1.43,1.62,1.73,1.3,-0.46,-2.03,-2.64,-2.58,-2.79,-2.89,-2.86,-2.74,-2.77,-2.97,-3.99,-5.84,-6.53,-7.51,-10.08,-9.86,-9.38,-8.99,-8.51,-8.09,-7.44,-7.09,-6.76,-6.52,-6.48,-6.91,-7.68,-7.45,-6.41,-4.51,-2.77,-0.67,1.25,3.75,5.05,6.3,9.18
-4.55,-4.94,-5.61,-6.25,-6.71,-6.88,-6.89,-6.98,-6.8,-6.39,-5.71,-4.91,-4.1,-3.41,-3,-2.51,-2.04,-1.55,-1.13,-0.8,-0.56,-0.21,0.16,0.4,0.45,0.12,-0.27,-0.33,0.75,1.53,1.01,0.97,1.61,1.78,1.66,1.67,1.93,2.2,2.23,1.86,0.85,0.6,0.47,1.18,1.87,2.19,0.56,-2.12,-3.25,-3.59,-3.88,-3.64,-2.89,-2.05,-1.1,-1.42,-3.36,-6.18,-6.81,-7.12,-7.4,-8.65,-9.38,-9.04,-8.62,-8.26,-8.07,-7.81,-7.51,-7.36,-7.39,-7.62,-7.84,-8.43,-8.14,-6.63,-4.56,-2.45,-0.25,2.2,4.19,4.74,6.51
-2.77,-3.69,-4.34,-4.7,-4.94,-5.26,-5.94,-6.56,-6.72,-6.71,-6.51,-6.09,-5.25,-4.14,-3.04,-2.12,-1.21,-0.45,0.23,0.7,1.1,1.74,2.42,2.78,2.74,2.97,3.66,3.88,3.17,2.95,3.09,2.98,2.67,2.37,2.18,2.23,2.63,3.07,2.83,1.98,0.81,-0.53,-0.38,-0.93,0.23,1.49,1.27,-0.96,-3.4,-4.05,-4.11,-3.58,-2.85,-2.21,-1.76,-1.42,-1.22,-0.34,-6,-10.6,-8.42,-7.6,-7.18,-7.08,-7.19,-7.55,-7.88,-8.08,-7.74,-7.36,-7.42,-7.73,-7.74,-9.12,-9.95,-8.5,-6.55,-4.29,-1.85,0.44,2.69,3.89,4.47
0.77,-0.45,-1.59,-2.63,-3.35,-3.86,-4.36,-5.17,-6.08,-6.41,-6.11,-5.45,-4.64,-3.53,-2.04,-0.64,0.38,0.91,1.06,1.3,1.98,3.33,4.58,5.44,5.75,5.5,5.38,5.25,5.33,5.45,4.58,4.03,3.61,2.82,2.04,1.32,0.8,1.22,2.09,2.13,1.23,-0.81,-2.81,-2.67,-0.86,0.28,0.24,-0.42,-1.27,-2.29,-2.83,-2.99,-3.13,-2.3,-2.23,-2.53,-2.35,-2.65,-3.44,-3.78,-6.1,-7.06,-6.87,-6.34,-5.98,-6,-6.35,-7.18,-7.91,-7.79,-7.38,-7.05,-7.6,-9.96,-10.87,-9.96,-8.44,-6.03,-3.63,-1.66,0.31,2.48,2.87
1.13,1.04,0.86,0.39,0.13,-0.34,-1.41,-2.86,-4.06,-4.86,-5.05,-4.73,-3.7,-2.25,-1.01,0.02,0.64,1.34,2.3,3.07,3.54,3.67,4.95,5.65,5.67,5.79,5.7,5.79,5.4,4.89,4.3,3.64,3.03,2.46,1.83,1.35,1.48,1.31,0.41,-0.23,-0.88,-1.55,-4.1,-3.67,-1.78,-0.77,-0.67,-0.9,-1.51,-2.15,-2.44,-2.47,-2.15,-2.65,-3.19,-3.15,-3.22,-3.55,-4.12,-4.82,-5.2,-5.2,-5.19,-5.37,-5.25,-5.17,-5.49,-6.61,-8.43,-9.28,-8.7,-8.26,-7.89,-11.05,-12.11,-11.08,-9.78,-7.77,-5.45,-3.7,-2.19,-0.49,1.09
