static/gfs.json
{"header": {"discipline":0,"disciplineName":"Meteorological products","gribEdition":2,"gribLength":76162,"center":7,"centerName":"US National Weather Service - NCEP(WMC)","subcenter":0,"refTime":"2017-04-21T12:00:00.000Z","significanceOfRT":1,"significanceOfRTName":"Start of forecast","productStatus":0,"productStatusName":"Operational products","productType":1,"productTypeName":"Forecast products","productDefinitionTemplate":0,"productDefinitionTemplateName":"Analysis/forecast at horizontal level/layer at a point in time","parameterCategory":2,"parameterCategoryName":"Momentum","parameterNumber":2,"parameterNumberName":"U-component_of_wind","parameterUnit":"m.s-1","genProcessType":2,"genProcessTypeName":"Forecast","forecastTime":0,"surface1Type":103,"surface1TypeName":"Specified height level above ground","surface1Value":10,"surface2Type":255,"surface2TypeName":"Missing","surface2Value":0,"gridDefinitionTemplate":0,"gridDefinitionTemplateName":"Latitude_Longitude","numberPoints":65160,"shape":6,"shapeName":"Earth spherical with radius of 6,371,229.0 m","gridUnits":"degrees","resolution":48,"winds":"true","scanMode":0,"nx":360,"ny":181,"basicAngle":0,"subDivisions":0,"lo1":0,"la1":90,"lo2":359,"la2":-90,"dx":1,"dy":1,"convert-by":"Asper","site":"https://airmap.g0v.asper.tw"}, "data":
[rows 70 to 104 of 181, columns 237 to 315 of 360]
-5.16,-4.52,-4.14,-3.78,-3.3,-2.71,-1.99,-1.48,-0.54,0.34,0.88,1.39,2.06,3.33,3.77,2.29,1.17,-0.98,-0.16,-1.06,-0.33,0.15,0.49,0.1,-0.84,0.48,-0.12,-1.95,-3.07,-2.82,-3.15,-4.39,-5.52,-1.3,0.08,1.09,-1.3,-3.45,-3.94,-3.94,-5.19,-5.77,-8.18,-9.56,-9.25,-6.19,-1.12,-0.49,-3.03,-8.17,-7.24,-7.27,-6.85,-6.7,-6.43,-5.73,-5.91,-5.78,-5.03,-4,-3.4,-2.38,-1.3,-0.42,0.63,1.32,2.06,2.87,3.24,3.29,3.49,3.46,3.65,4.01,4.79,4.34,4.76,5.23,5.2
-5.37,-4.78,-4.38,-4.1,-3.66,-2.97,-2.28,-1.76,-0.96,0.26,0.85,1.88,2.98,3.76,3.41,2.13,1.12,-0.13,-1.14,-0.55,-0.51,-0.84,0.53,0.01,-0.11,-0.18,-0.59,1.46,-1.13,-1.6,-0.63,-0.58,-1.27,-0.94,0.14,1.03,0.29,0.39,-0.59,-1.61,-2.1,-2.4,-3.3,-4.15,-6.41,-9.85,-8.25,-5.91,-2.4,-2.94,-4.22,-1.14,-0.42,0.33,-4.14,-5.78,-6.42,-5.94,-6.31,-4.82,-4.45,-3.86,-2.95,-2.09,-1.18,-0.35,0.12,0.8,1.31,1.79,2.02,2.11,2.43,3.17,3.8,4.39,5.05,5.36,4.32
-5.5,-5.14,-4.59,-4.07,-3.59,-3.04,-2.48,-1.7,-1.09,0.29,1.42,2.6,3.37,3.84,3.84,3.25,2.49,1.61,0.9,0.59,-1.25,-0.31,0.22,-0.01,0.06,-1.49,0.41,0.34,0.67,0.6,0.61,0.81,-0.01,-0.66,0.51,2.37,0.73,0.28,-0.76,-1.53,-1.56,-1.17,-3.59,-5.19,-7.44,-4.12,-0.85,-6.2,-8.63,-8.3,-7.51,-4.47,-5.48,-5.64,-6.15,-4.71,-1.23,-1.98,-5.15,-5.05,-5.11,-4.75,-4.31,-3.75,-2.91,-2.29,-1.75,-1.31,-1.05,-0.41,0.04,0.6,1.24,2.06,2.7,3.1,3.58,3.11,2.64
-5.51,-5.47,-4.64,-4.03,-3.5,-2.96,-2.21,-1.11,-0.54,0.63,1.43,1.98,2.59,3.2,3.54,3.58,3.41,2.86,1.93,1.33,1.36,0.44,-0.14,-0.81,-0.92,-1.49,0.29,0.85,0.24,0.43,-0.66,0.36,0.28,0,0.56,2.63,1.06,0.11,-0.6,-0.51,-0.34,-1.71,-3.61,-5.58,-6.9,-8.23,-8.13,-8.17,-8.45,-8.96,-9.43,-9.94,-8.67,-6.76,-6.39,-7.07,-6.05,-5.37,-5.09,-4.97,-5.26,-5.76,-5.62,-4.89,-4.29,-3.62,-3.15,-2.67,-2.25,-1.96,-1.72,-1.15,-0.32,0.26,0.78,1.64,1.66,1.35,1.28
-5.53,-5.12,-4.59,-3.83,-3.2,-2.63,-1.95,-1.18,-0.83,-0.32,0.3,0.81,1.31,1.89,2.51,2.86,3.01,2.66,2.02,1.36,1.07,0.74,1.1,1.39,0.98,1.04,-0.64,0.91,0.01,-1.14,-0.61,-0.47,-1.13,0.49,1.14,0.85,1.69,2.06,2.49,0.78,-0.75,-1.79,-3.09,-5.3,-5.06,-6.84,-8.23,-9.68,-8.59,-8.91,-9.06,-8.81,-8.15,-7.54,-7.24,-6.82,-6.5,-6.24,-6.42,-5.89,-5.14,-4.31,-5.92,-5.56,-5.01,-4.63,-4.05,-3.23,-2.72,-2.3,-1.93,-1.45,-1.08,-0.84,-0.49,-0.37,0.04,0.08,-0.36
-5.28,-4.84,-4.14,-3.48,-2.71,-2.24,-2.03,-1.77,-1.55,-1.19,-0.87,-0.52,-0.05,0.46,1.03,1.42,1.6,1.45,0.94,0.45,0.24,0.12,0.37,0.49,0.77,1.96,3.44,2.09,-1.35,1.71,-0.02,-2.34,0.78,0.66,0.27,0.89,1.01,0.88,0.72,1.16,-0.88,-2.2,-4.07,-4.98,-4.73,-6.35,-6.58,-7.98,-8.93,-8.71,-8.63,-8.31,-7.87,-7.67,-7.3,-7.08,-6.91,-6.54,-6.94,-7.25,-7.14,-6.52,-5.84,-5.57,-4.99,-4.48,-4,-3.47,-3.09,-2.82,-2.88,-2.54,-2.2,-1.83,-1.4,-1.29,-1.12,-1.28,-1.34
-4.94,-4.28,-3.72,-3.12,-2.81,-2.76,-2.71,-2.61,-2.46,-2.44,-2.29,-2.01,-1.62,-1.15,-0.79,-0.44,-0.12,-0.01,-0.3,-0.4,-0.42,-0.3,-0.21,-0.18,0.82,2.21,2.59,2.65,2.22,1.63,1.68,1.59,0.35,-1.32,0.53,-0.16,0.73,1.06,0.61,0.81,-0.7,-1.8,-4,-4.65,-5.78,-5.92,-6.78,-6.6,-7.1,-8.36,-8.02,-7.53,-7.12,-6.71,-6.49,-6.35,-6.08,-6.12,-6.13,-6.88,-6.52,-7.17,-5.52,-5.99,-5.34,-5.01,-4.9,-4.48,-3.9,-3.51,-3.17,-2.74,-2.25,-2,-2.28,-2.23,-2.34,-2.62,-3.3
-4.63,-4.06,-3.65,-3.63,-3.73,-3.89,-3.75,-3.45,-3.38,-3.45,-3.42,-3.23,-2.77,-2.55,-2.27,-2.09,-1.93,-1.76,-1.72,-1.5,-1.3,-1.19,-0.82,-0.05,0.94,1.55,1.4,1.21,0.92,0.81,1.63,1.7,1.98,2.83,2.3,1.97,-0.31,1.32,0.43,0.85,-0.33,-0.68,-2.4,-3.28,-4.92,-5.14,-5.88,-6.14,-7.8,-7.06,-6.4,-6.83,-7.02,-6.43,-5.83,-5.86,-6.03,-6.18,-6.55,-6.28,-6,-5.1,-5.19,-6.17,-5.62,-4.82,-4.4,-3.99,-3.71,-3.48,-3.26,-2.93,-2.76,-2.92,-2.86,-3.1,-4.06,-4.2,-4.23
-5.08,-4.61,-4.41,-4.46,-4.62,-4.6,-4.3,-4.06,-3.97,-3.9,-3.88,-3.62,-3.76,-3.72,-3.5,-3.23,-3.26,-3.04,-2.69,-2.38,-1.92,-1.44,-0.75,-0.36,0.2,0.35,0.16,-0.5,-0.98,0.62,1.16,1.07,1.36,1.96,2.55,2.16,1.62,2.23,-0.08,0.88,0.93,0.59,-0.1,-0.41,-0.65,-1.62,-2.63,-4.39,-4.65,-5.66,-4.97,-3.7,-5.91,-4.7,-5.17,-5.86,-6.27,-6.46,-6.89,-6.76,-5.93,-5.62,-4.95,-5.13,-6.65,-5.77,-4.64,-4.22,-3.88,-3.59,-3.63,-3.48,-3.33,-3.84,-4.42,-5.1,-5.16,-4.84,-4.76
-5.39,-5.45,-4.99,-5,-4.97,-4.96,-4.73,-4.54,-4.38,-4.1,-4,-3.86,-4.16,-4.23,-4.2,-4.31,-4.14,-3.42,-3.15,-3.16,-2.98,-2.42,-1.74,-1.42,-1.15,-0.92,-0.92,-1.2,-0.18,0.19,0.37,0.59,0.81,1.3,2.28,1.33,1.89,0.72,-0.45,0.94,1.54,1.44,1.66,2.02,2.63,2.68,1.04,-0.02,-0.09,-0.03,-0.04,0.3,0.11,-0.72,-0.24,-5.84,-7.15,-4.45,-7.52,-5.38,-4.66,-4.71,-5.61,-5.61,-6.14,-6.25,-5.7,-4.93,-4.8,-4.65,-4.66,-4.41,-4.96,-5.18,-5.37,-5.56,-5.49,-5.18,-4.83
-5.81,-5.77,-5.49,-5.33,-5.28,-5.06,-5.19,-5.35,-5.11,-4.52,-4.39,-4.18,-3.77,-3.88,-4.62,-3.73,-4.23,-3.82,-3.45,-4.1,-3.76,-2.86,-2.65,-2.19,-2.07,-2.06,-1.9,-1.43,-0.68,-0.19,-0.17,-0.08,0.34,1.43,1.76,1.72,2.27,0.61,-0.67,-0.46,2.75,1.75,0.51,0.37,0.84,2.81,2.9,0.41,0.07,-1.06,0,2.14,-0.26,-0.29,-0.13,0.06,-0.78,-0.21,-0.06,-2.21,-1.63,-4.92,-6.93,-6.63,-6.64,-6.79,-6.36,-5.97,-5.79,-5.85,-5.62,-5.7,-5.79,-5.69,-5.59,-5.47,-5.38,-5.46,-5.61
-6,-5.5,-5.31,-5.58,-6.02,-6.35,-6.41,-5.73,-5.13,-4.81,-4.68,-4.22,-3.87,-4.13,-3.9,-3.52,-3.57,-4.46,-4.37,-4.48,-3.7,-3.37,-3.04,-2.85,-2.72,-2.42,-1.92,-1.25,-0.73,-0.57,-0.76,-0.87,-0.06,1.19,1.69,2.32,2.68,1.74,-0.17,-2.48,-0.1,0.28,-1.56,-0.99,-0.27,0.6,0.66,0.41,0.42,0.16,0.18,0.76,0.35,-0.3,-0.9,-0.85,-3.67,-3.44,-3.72,-5.16,-3.97,-2.34,-2.67,-7.18,-6.77,-6.79,-6.74,-6.52,-6.3,-6.14,-6.06,-5.95,-5.78,-5.7,-5.56,-5.59,-5.42,-5.38,-5.44
-6.16,-6.08,-5.54,-6.39,-6.56,-6.43,-5.93,-5.64,-5.05,-4.32,-3.59,-3.47,-2.85,-3.08,-3.09,-2.72,-2.18,-3.46,-5,-4.36,-3.54,-3.32,-3.22,-3.17,-3,-2.58,-2.09,-1.62,-0.9,-0.97,-1.65,-1.46,-0.15,1.09,1.77,2.48,3.28,1.09,0.76,0.93,-0.17,-0.87,0.6,0.92,-0.09,-0.16,0.31,-0.86,-0.19,-0.12,-0.32,-0.19,0.2,0.13,-1.23,-2.24,-3.85,-5.39,-5.53,-3.91,-2.86,-2.34,-2.09,-2.09,-5.58,-6.28,-6.43,-6.23,-5.98,-5.85,-5.71,-5.67,-5.69,-5.47,-5.51,-5.57,-5.46,-5.17,-4.97
-6.79,-5.97,-6.69,-6.01,-6.16,-6.2,-5.35,-4.63,-4.93,-4.43,-3.34,-2.95,-3.12,-2.39,-2.27,-1.83,-1.23,-3.12,-3.28,-3.52,-3.43,-3.29,-3.24,-3.35,-3.08,-2.73,-2.2,-1.52,-1.95,-1.94,-1.95,-1.09,0.23,1.33,2.19,1.43,2.91,1.47,2.22,2.14,1.78,0.33,0.03,0.99,0.33,-1.17,-0.11,-0.68,-0.66,-0.54,-1.12,1.43,1.5,0.17,0.16,-1.54,-2.02,-1.17,-0.81,-1.55,-3.2,-3.21,-1.91,-1.54,-2.14,-5.96,-6.07,-6.01,-5.65,-5.28,-5.27,-5.53,-5.49,-5.28,-5.38,-5.28,-5.35,-5.32,-5
-5.46,-6.52,-5.68,-5.8,-5.76,-5.41,-4.64,-4.13,-4.53,-4.24,-3.91,-3.12,-3.14,-2.38,-1.96,-1.87,-1.41,-2.26,-2.73,-2.31,-2.68,-2.64,-2.27,-2.42,-2.33,-2.2,-2.39,-2.63,-1.44,0.74,1.78,2.27,1.75,3.22,3.34,2.61,2.95,2.51,2.88,2.65,2.85,3.01,1.97,0.52,0.81,-0.18,0.77,-0.55,0.67,-0.9,-0.33,0.26,-0.05,0.1,1.12,-1.39,0.23,-0.32,-0.79,-0.61,-0.99,-1.14,-1.49,-1.88,-1.45,-1.95,-4.32,-5.05,-4.09,-4.92,-4.9,-5.26,-5.44,-5.39,-5.07,-4.94,-5.09,-5.07,-4.97
-4.53,-4.94,-4.17,-4.49,-4.1,-4.09,-3.79,-3.34,-3.65,-4.46,-3.86,-3.7,-3.23,-2.93,-1.62,-1.55,-1.88,-2.28,-2.69,-2.41,-1.92,-1.46,-1.37,-1.41,0.02,1.05,0.45,1.06,1.84,1.64,1.71,1.71,1.11,1.3,1.22,1.45,2.58,2.02,2.91,3.35,2.69,4.03,-0.85,-0.06,0.8,-0.05,-0.28,-0.12,-1.05,-0.19,0.17,1.1,0.99,1.21,0.52,-0.93,-0.69,-0.06,-0.64,0.49,-0.27,0.01,-0.45,-2.02,-0.85,-1.28,-1.83,-1.55,-2.19,-1.73,-1.52,-4.72,-5.18,-5.34,-5.02,-4.65,-4.77,-4.69,-4.59
-1.61,-1.51,-1.34,-2,-1.9,-1.73,-1.83,-3.31,-4.89,-4.4,-4.09,-3.16,-3.01,-3.03,-2.52,-2.09,-2.16,-2.75,-2.53,-1.55,-0.81,-0.6,-0.64,-0.52,-0.27,0.71,-0.57,0.36,0.13,-0.18,0.59,0.77,0.16,0.24,0.8,0.68,1.65,1.93,2.28,2.85,2.64,2.73,1.44,-0.02,-0.09,-1.16,-1.44,-0.17,-0.16,-0.35,0.85,1.33,0.97,0.41,-0.06,-0.37,-0.5,-0.14,-0.03,0.14,-0.09,0.7,-1.09,-2.77,-2.23,-1.46,-1.67,-1.12,-1.44,-1.5,-1.31,-1.3,-4.13,-4.72,-4.84,-4.74,-4.44,-4.45,-4.52
-1.21,-0.8,-1.54,-0.8,-2.78,-2.64,-3.5,-3.52,-4.81,-4.23,-3.77,-2.99,-2.84,-3.03,-3.11,-3.17,-2.46,-2.45,-2.33,-1.72,-0.8,-1.19,-1.54,-1.68,-1.7,-1.3,-0.73,-0.76,-0.58,-0.5,-0.2,0.29,-0.74,-0.86,-0.11,0.06,0.83,1.12,1.5,1.87,1.85,2.07,2.25,0.04,-0.76,-2.15,-2.23,0.1,0.1,-0.9,0.73,0.27,0.24,0.1,0.08,0.11,-0.25,-0.11,-0.57,-1.67,-0.83,-2.07,-4.03,-4.6,-2.32,-1.46,-1.51,-1.48,-1.27,-1,-1.36,-0.91,-1.86,-3.94,-4.27,-4.57,-4.26,-4.42,-4.84
-1.53,-1.45,-1.57,-3.44,-3.33,-3.77,-4.02,-4.14,-4.18,-4.39,-4.03,-3.47,-3.35,-3.44,-3.38,-3.42,-3.25,-2.85,-1.92,-1.84,-1.73,-2.17,-2.4,-2.18,-2.49,-2.11,-1.27,-1.59,-2.35,-1.49,-0.86,0,-0.89,-1.43,-1.03,-0.89,-0.41,-0.26,0.56,0.94,1.27,1.87,1.7,0.15,-1.23,-0.69,-0.08,0.09,-0.31,-0.74,-0.61,-0.07,0.2,0.02,0.28,0.42,0.33,-0.06,-0.44,-0.44,-1.61,-1.58,-1.76,-3.02,-1.81,-1.16,-1.04,-1.81,-1.46,-0.97,-0.83,-0.58,-1.07,-3.35,-3.9,-4.18,-4.68,-4.52,-4.93
-2.5,-2.3,-2.72,-3.12,-3.87,-4.2,-4.07,-4.12,-4.04,-3.92,-3.69,-3.48,-3.44,-3.27,-3.17,-3.29,-3.22,-3.04,-3.1,-2.71,-2.27,-2.49,-2.67,-2.92,-2.89,-2.49,-1.63,-2.59,-3.05,-2.25,-1.54,0.33,-0.6,-1.68,-2,-1.56,-1.33,-1.18,-0.59,0.19,1.4,1.51,0.97,0.09,-0.55,-1.52,1.36,0.02,-0.52,-0.52,-0.9,-0.15,0.08,0.21,0.17,0.26,-0.14,-1.05,-0.77,-0.45,-0.02,-1.09,-1.78,-1.3,-1.36,-0.94,-0.97,-1.26,-1.53,-0.87,-0.97,-0.35,-1.11,-0.89,-4.31,-4.21,-6,-4.8,-5.2
-2.54,-2.7,-3.04,-3.49,-3.73,-3.86,-4.02,-4.03,-3.94,-3.89,-3.76,-3.59,-3.49,-3.36,-3.35,-3.5,-3.41,-3.2,-3.16,-3.23,-3.05,-2.89,-2.87,-2.73,-3.15,-2.75,-2.81,-3.11,-3.25,-2.9,-2.33,-0.84,-1.78,-0.6,-1.56,-2.43,-2.09,-1.53,-1.11,-0.32,1.16,1.53,0.32,-0.01,-0.27,0.99,0.77,-0.59,-0.57,-0.52,-0.81,-0.11,0.13,0.06,-0.23,0.02,0.14,0.07,0.34,0.1,-0.53,-0.86,-1.19,-1.37,-1.12,-1.18,-0.78,-1.32,-1.22,-1.23,-0.63,-0.44,-0.92,-0.25,-4.76,-5.59,-4.22,-5.37,-5.27
-2.66,-2.9,-3.43,-3.53,-3.57,-3.73,-3.79,-3.9,-3.89,-3.89,-3.57,-3.27,-3.37,-3.86,-3.46,-3.71,-3.06,-3.25,-3.13,-3.02,-3.04,-3.1,-3.07,-2.82,-3.62,-3.36,-3.74,-3.59,-4.38,-3.38,-3.25,-3.05,-1.31,-1.24,-1.56,-3.29,-3.1,-2.19,-1.63,-0.58,0.92,0.77,0.11,-0.58,-1.05,-0.07,-0.35,-0.09,-0.66,-0.66,-0.72,-0.14,-0.02,-0.24,-0.36,0,0.51,-0.38,-0.4,-0.61,-0.25,-0.44,-1.52,-1.12,-0.92,-0.92,-1,-0.77,-1.15,-1.39,-1.1,-0.55,-0.75,-1.19,-1.72,-1.75,-1.5,-3.49,-5.31
-1.83,-2.23,-3.46,-3.6,-3.36,-3.57,-3.56,-3.9,-3.81,-4.3,-4.09,-3.63,-3.73,-3.6,-3.62,-4.22,-3.4,-2.83,-2.74,-3.14,-3.3,-3.72,-3.59,-4.39,-4.55,-4.7,-4.94,-4.77,-4.47,-4.16,-3.9,-3.49,-2.67,-2.14,-2.79,-4.5,-3.78,-3,-2.23,-1.43,-0.52,0.13,0.86,0.49,-0.38,-0.24,0.55,0.01,-0.33,-0.81,-0.27,-0.31,-0.32,-0.3,-0.65,-0.24,-0.02,0.28,-0.37,-0.55,-0.26,-0.51,-0.95,-0.8,-0.94,-0.98,-0.87,-1.2,-0.64,-1.99,-1.34,-0.85,-1.03,-0.91,-1.28,-1.01,-1.18,-1.53,-2.7
-1.16,-2.79,-3.29,-3.66,-3.81,-4.84,-5.56,-6.74,-5.93,-5.36,-5.07,-4.83,-5.21,-4.62,-4.71,-4.39,-3.89,-3.05,-2.68,-2.5,-3.06,-4.32,-5.3,-5.5,-5.76,-5.73,-5.83,-4.94,-4.63,-4.71,-4.39,-3.93,-3.17,-2.22,-3.62,-5.45,-4.96,-4.29,-3.21,-2.41,-1.87,-0.29,2.43,4,0.24,0.65,0.47,0.24,-0.37,-0.43,0.02,-0.28,-0.37,-0.5,-0.63,-0.24,-0.2,0.01,-0.2,-0.47,-0.57,-0.21,0.05,-0.9,-0.89,-0.97,-0.78,-1.04,-1.08,-1.23,-1.09,-1.26,-0.85,-0.71,-0.87,-0.74,-0.81,-1.47,-1.73
-3.1,-4.44,-5.72,-6.04,-6.2,-6.38,-5.3,-6.88,-6.05,-6.21,-6.36,-5.97,-5.51,-5.04,-5.82,-5.35,-4.73,-4.2,-3.9,-4.17,-3.82,-5.31,-6.45,-6.28,-5.97,-7.05,-5.94,-5.37,-5.21,-5.08,-4.94,-4.46,-3.68,-2.65,-3.5,-5.43,-5.83,-5.93,-4.64,-3.58,-2.95,-1.44,0,-1.12,1.31,0.68,0.14,0.13,-0.07,-0.1,0.02,-0.13,-0.27,-0.55,-0.55,-0.3,-0.13,-0.28,0.06,-0.55,-0.62,-0.38,0.19,-1.07,-1,-0.7,-0.81,-1.02,-0.98,-1.07,-1.05,-1.06,-0.71,-0.51,-0.4,-0.23,-0.4,-0.55,-1.24
-4.29,-5.94,-6.41,-6.61,-6.65,-6.34,-6.44,-6.37,-6.17,-5.96,-5.99,-5.65,-5.85,-5.72,-5.98,-5.58,-5.6,-5.78,-5.18,-4.82,-5.03,-5.39,-7.88,-6.45,-7.13,-6.66,-6.01,-5.84,-5.64,-5.52,-5.46,-4.96,-3.68,-3.52,-4.01,-4.56,-6.94,-7.25,-5.66,-4.54,-3.96,-2.8,-1.67,-0.14,-0.26,-0.04,0.43,0.38,0.22,0.19,0.23,-0.17,-0.26,-0.08,-0.27,-0.14,-0.17,-0.45,-0.23,-0.8,-0.74,-0.75,-0.52,-0.78,-0.57,-0.39,-0.71,-0.7,-0.61,-0.54,-0.96,-0.94,-0.61,-0.48,-0.49,-0.65,-0.49,-0.64,-0.95
-5.07,-6.38,-6.56,-6.19,-6.47,-6.84,-6.57,-6.39,-6.07,-5.54,-5.32,-5.34,-5.48,-5.32,-5.7,-5.65,-5.5,-5.8,-5.04,-5.14,-5.13,-6.7,-7.25,-7.14,-6.4,-6.39,-6.34,-6.16,-5.8,-5.78,-6.11,-5.5,-4.19,-3.5,-4.2,-5.72,-7.02,-6.99,-6.14,-4.45,-3.95,-3.95,-2.86,0.38,-1.6,0.4,0.73,0.38,0.53,-0.01,0.18,-0.04,-0.06,-0.1,0.16,0.08,-0.46,-0.11,-0.36,-0.54,-0.68,-0.73,-0.64,-0.25,-0.22,-0.53,-0.53,-0.4,-0.34,0.04,-0.56,-0.5,-0.32,-0.48,0.17,0.07,-1.02,-1.18,-1.99
-5.33,-6.27,-6.18,-5.97,-6.39,-6.81,-6.84,-6.75,-6.01,-5.45,-5.11,-5.06,-5.51,-5.3,-5.47,-5.44,-5.58,-5.3,-5.06,-5.31,-5.27,-6.57,-6.93,-6.89,-6.7,-6.76,-6.45,-6.51,-6.2,-5.7,-6.01,-6.25,-5.56,-5.09,-5.03,-5.94,-6.4,-7.01,-5.89,-4.26,-3.43,-3.11,-3.33,-2.39,0.41,-0.25,-0.37,0.29,0.39,0.02,0.16,0.12,-0.02,0.41,0.35,0.48,-0.31,-0.05,-0.53,-0.69,-0.49,-0.57,-0.28,0.02,-0.16,-0.58,0.25,-0.72,-0.33,-0.07,-0.14,-0.27,-0.19,-0.09,-0.12,-0.46,-3.32,-3.9,-4.22
-5.45,-6.07,-6.15,-6.08,-6.22,-6.64,-6.84,-6.79,-6.13,-5.6,-5.27,-5.17,-5.13,-5.54,-5.79,-5.78,-5.89,-5.37,-6.02,-5.71,-5.73,-6.27,-6.6,-6.99,-6.95,-6.9,-6.96,-7.37,-7.21,-6.66,-6.51,-6.63,-7.11,-6.45,-6.27,-6.14,-6.58,-6.16,-5.82,-4.51,-3.97,-3.44,-3.47,-2.98,-0.14,-1.92,1.54,0.79,0.71,0.41,0.28,0.23,-0.01,0.69,0.78,0.71,0.18,-0.43,-0.73,-0.63,-0.45,-0.18,-0.5,0.01,0.02,-0.01,-0.59,-0.3,-0.42,0.05,0.01,-0.36,-0.63,-0.36,-0.72,-1.86,-2.41,-3.56,-3.96
-5.77,-6.64,-6.51,-6.35,-6.13,-6.3,-6.84,-6.94,-6.57,-5.96,-5.58,-5.17,-5.12,-5.43,-5.81,-6,-6.15,-6.17,-6.16,-6.06,-6.04,-6.38,-6.64,-7.05,-7.39,-7.57,-7.86,-7.58,-7.05,-6.61,-6.56,-6.1,-7.34,-6.78,-6.5,-5.7,-6.29,-5.81,-6.09,-5.64,-4.32,-4.43,-3.91,-3.26,-1.87,0.34,-0.28,-0.8,-0.09,0.91,0.55,0.45,0.62,0.58,0.46,0.58,0.59,-0.16,-0.42,-0.51,-0.55,-0.45,-0.04,-0.11,0.3,-0.25,0.1,-0.09,-0.22,0.31,-0.35,-0.16,-0.9,-0.33,-1.63,-1.85,-2.89,-2.91,-3.83
-6.72,-6.66,-7.02,-6.64,-6.39,-6.49,-6.85,-7.13,-6.76,-5.97,-5.52,-5.13,-5.48,-5.76,-6,-6.13,-6.41,-6.24,-6.41,-6.48,-6.38,-6.69,-7.04,-7.39,-7.72,-7.75,-7.71,-7.47,-6.64,-6.53,-6.28,-6.17,-6.29,-6.37,-6.8,-5.97,-6.21,-5.99,-5.25,-5.31,-5.33,-5.05,-4.39,-4.13,-3.05,0.67,-2.42,-0.07,0.26,0.14,1.01,1.11,0.72,0.64,0.64,0.75,0.74,0.19,-0.42,-0.36,-0.8,-0.45,-0.09,-0.14,-0.01,0.25,-0.1,-0.11,-0.29,-0.27,-0.53,-0.57,-0.52,-0.46,-1.47,-2.65,-4.78,-4.13,-2.97
-6.78,-6.75,-7.04,-6.69,-6.61,-6.99,-7.14,-6.83,-6.79,-6.09,-5.56,-5.18,-5.69,-6.08,-6.32,-6.47,-6.58,-6.52,-6.76,-6.87,-7.06,-7.41,-7.36,-7.68,-7.86,-7.88,-7.95,-7.06,-6.83,-6.55,-6.77,-6.69,-6.55,-6.94,-6.8,-6.56,-6.69,-6.49,-6.13,-5.68,-5.05,-5.48,-5.47,-5.29,-3.51,-1.23,-0.47,0.27,-0.76,0.71,1.04,0.96,1.33,0.85,0.73,0.97,0.81,0.58,0.04,0,-0.91,0.08,-0.03,-0.05,-0.22,-0.16,-0.51,0.32,-0.18,-0.48,-0.11,-0.6,-0.25,-0.46,-1.31,-3.31,-4.68,-4.39,-2.42
-6.38,-6.43,-6.11,-6.27,-6.59,-6.92,-6.76,-6.88,-6.52,-6.34,-6.03,-6.23,-6.45,-6.59,-6.68,-6.6,-6.42,-6.43,-6.83,-7.24,-7.47,-7.59,-7.13,-8.4,-8.07,-8.31,-7.86,-7.12,-7.13,-7.3,-7.29,-7.31,-7.2,-7.01,-6.73,-6.73,-7.01,-6.96,-6.98,-6.34,-5.7,-6.17,-6.18,-6.06,-4.5,-2.82,-0.58,-1.51,-1.02,0.07,-0.76,1.58,1.32,0.95,0.85,0.88,0.88,0.96,0.42,-0.14,0.04,-0.49,0.3,0.09,-0.03,-0.1,-0.36,-0.25,-0.62,0.42,-0.32,-0.25,-0.31,0.02,0.02,-1.11,-2.08,-3.29,-2.16
-5.56,-5.69,-6.26,-6.58,-7.15,-6.74,-6.8,-6.56,-6.54,-6.67,-6.57,-6.09,-5.71,-6.03,-6,-6.32,-5.79,-6.49,-7.67,-7.42,-7.42,-7.96,-7.9,-7.5,-8.25,-7.32,-7.76,-7.28,-7.14,-7.15,-7.44,-7.5,-7.27,-7.16,-7.43,-7.74,-7.63,-7.41,-7.42,-6.82,-6.1,-7.53,-6.42,-6.25,-5.36,-4.33,-1.69,1.08,-0.32,0.69,-1.31,0.61,-1.07,0.63,1.29,1.59,1.48,1.39,1.06,-0.17,0.16,-0.11,-0.19,0.23,0.19,0.35,0.2,-0.14,-0.52,0.06,-0.15,0.28,0.32,0.7,0,-2.87,-2.73,-3.59,-2.74
-5.66,-5.87,-6.32,-6.91,-7.23,-6.44,-6.57,-6.56,-6.99,-6.76,-6.48,-5.46,-5.11,-5.63,-5.25,-5.88,-5.68,-5.77,-7.67,-7.74,-7.28,-7.65,-7.87,-7.54,-7.59,-7.53,-7.39,-7.35,-7.53,-7.62,-7.63,-7.73,-7.21,-7.59,-7.64,-8.64,-8.16,-8.07,-7.84,-6.95,-6.59,-6.47,-6.16,-5.59,-6.07,-5.55,-4.91,0.24,-0.56,0.14,-0.73,0.08,0.77,1.23,0.67,1,1.56,-0.31,0.41,0.16,-0.01,-0.36,-0.13,0.03,0.05,0.67,0.46,0.25,-0.26,-0.67,-0.4,-0.64,0.62,0.84,-1.13,-1.28,-0.74,-3.95,-3.11
