static/gfs.json
{"header": {"discipline":0,"disciplineName":"Meteorological products","gribEdition":2,"gribLength":77485,"center":7,"centerName":"US National Weather Service - NCEP(WMC)","subcenter":0,"refTime":"2016-12-24T00:00:00.000Z","significanceOfRT":1,"significanceOfRTName":"Start of forecast","productStatus":0,"productStatusName":"Operational products","productType":1,"productTypeName":"Forecast products","productDefinitionTemplate":0,"productDefinitionTemplateName":"Analysis/forecast at horizontal level/layer at a point in time","parameterCategory":2,"parameterCategoryName":"Momentum","parameterNumber":3,"parameterNumberName":"V-component_of_wind","parameterUnit":"m.s-1","genProcessType":2,"genProcessTypeName":"Forecast","forecastTime":0,"surface1Type":103,"surface1TypeName":"Specified height level above ground","surface1Value":10,"surface2Type":255,"surface2TypeName":"Missing","surface2Value":0,"gridDefinitionTemplate":0,"gridDefinitionTemplateName":"Latitude_Longitude","numberPoints":65160,"shape":6,"shapeName":"Earth spherical with radius of 6,371,229.0 m","gridUnits":"degrees","resolution":48,"winds":"true","scanMode":0,"nx":360,"ny":181,"basicAngle":0,"subDivisions":0,"lo1":0,"la1":90,"lo2":359,"la2":-90,"dx":1,"dy":1,"convert-by":"Asper","site":"https://airmap.g0v.asper.tw"}, "data":
[rows 0 to 39 of 181, columns 182 to 272 of 360]
-6.67,-6.78,-6.89,-7,-7.1,-7.21,-7.31,-7.41,-7.5,-7.6,-7.69,-7.78,-7.87,-7.95,-8.03,-8.11,-8.19,-8.27,-8.34,-8.41,-8.48,-8.54,-8.61,-8.67,-8.72,-8.78,-8.83,-8.88,-8.92,-8.97,-9.01,-9.05,-9.08,-9.12,-9.15,-9.17,-9.2,-9.22,-9.24,-9.25,-9.27,-9.28,-9.28,-9.29,-9.29,-9.29,-9.29,-9.28,-9.27,-9.26,-9.24,-9.22,-9.2,-9.18,-9.15,-9.13,-9.09,-9.06,-9.02,-8.98,-8.94,-8.89,-8.84,-8.79,-8.74,-8.68,-8.62,-8.56,-8.5,-8.43,-8.36,-8.29,-8.21,-8.14,-8.06,-7.98,-7.89,-7.81,-7.72,-7.62,-7.53,-7.43,-7.34,-7.24,-7.13,-7.03,-6.92,-6.81,-6.7,-6.59,-6.47
-7.8,-7.9,-8,-8.1,-8.1,-8.2,-8.2,-8.3,-8.3,-8.3,-8.3,-8.3,-8.2,-8.2,-8.1,-8,-7.9,-7.7,-7.6,-7.4,-7.2,-7,-6.8,-6.6,-6.4,-6.1,-5.9,-5.6,-5.3,-5,-4.8,-4.5,-4.3,-4,-3.8,-3.6,-3.4,-3.1,-2.9,-2.8,-2.6,-2.5,-2.3,-2.2,-2.1,-2,-1.9,-1.9,-1.8,-1.8,-1.7,-1.7,-1.7,-1.7,-1.7,-1.7,-1.7,-1.7,-1.7,-1.7,-1.7,-1.7,-1.8,-1.8,-1.8,-1.8,-1.9,-1.9,-1.9,-1.9,-1.9,-2,-2,-2,-2,-2.1,-2.1,-2,-2,-2,-2,-2,-2,-2,-2,-2,-2,-2,-1.9,-1.9,-1.9
-8.4,-8.5,-8.5,-8.6,-8.5,-8.4,-8.3,-8.1,-7.9,-7.5,-7.1,-6.7,-6.2,-5.7,-5.1,-4.6,-4,-3.5,-3,-2.6,-2.2,-1.8,-1.6,-1.3,-1.2,-1.1,-1,-1,-1.1,-1.1,-1.2,-1.4,-1.5,-1.7,-1.8,-2,-2.2,-2.3,-2.5,-2.6,-2.6,-2.6,-2.7,-2.7,-2.8,-2.9,-2.9,-3,-3,-3,-3.1,-3.1,-3.1,-3.1,-3.1,-3.2,-3.2,-3.2,-3.2,-3.2,-3.3,-3.3,-3.3,-3.3,-3.3,-3.3,-3.3,-3.3,-3.3,-3.3,-3.3,-3.3,-3.3,-3.3,-3.2,-3.2,-3.2,-3.2,-3.1,-3.1,-3.1,-3,-3,-3,-3,-2.9,-2.9,-2.9,-2.9,-2.8,-2.8
-8.7,-8.4,-8.1,-7.6,-7,-6.2,-5.4,-4.5,-3.7,-2.8,-2.1,-1.5,-1.1,-0.7,-0.6,-0.5,-0.5,-0.6,-0.8,-1,-1.2,-1.4,-1.6,-1.8,-1.9,-2,-2,-2.1,-2.2,-2.2,-2.2,-2.2,-2.2,-2.1,-2.1,-2.1,-2.1,-2.1,-2.2,-2.2,-2.2,-2.2,-2.2,-2.3,-2.3,-2.4,-2.4,-2.5,-2.5,-2.6,-2.6,-2.7,-2.8,-2.9,-3,-3,-3.1,-3.2,-3.3,-3.3,-3.4,-3.5,-3.5,-3.5,-3.6,-3.6,-3.6,-3.6,-3.6,-3.5,-3.5,-3.4,-3.4,-3.3,-3.2,-3.1,-3,-2.9,-2.8,-2.6,-2.5,-2.3,-2.2,-2,-1.8,-1.7,-1.5,-1.3,-1.1,-0.9,-0.6
-6.2,-5.1,-4,-3,-2.1,-1.5,-1.2,-1,-1,-1.1,-1.3,-1.5,-1.8,-2,-2.1,-2.1,-2,-1.9,-1.8,-1.7,-1.8,-1.8,-1.8,-1.9,-2,-2.1,-2.2,-2.4,-2.5,-2.5,-2.6,-2.6,-2.5,-2.4,-2.3,-2.1,-1.8,-1.5,-1.1,-0.7,-0.3,0.1,0.5,0.9,1.3,1.6,2,2.2,2.5,2.7,2.8,3,3.1,3.1,3.2,3.3,3.4,3.4,3.5,3.5,3.5,3.5,3.6,3.6,3.5,3.5,3.5,3.5,3.4,3.4,3.4,3.4,3.4,3.4,3.4,3.3,3.3,3.3,3.3,3.3,3.3,3.3,3.4,3.4,3.4,3.4,3.4,3.4,3.4,3.4,3.4
-2.5,-2.1,-1.9,-1.9,-2.1,-2.2,-2.3,-2.4,-2.3,-2.2,-2.1,-2,-2,-1.9,-1.7,-1.5,-1.1,-0.7,0,0.8,1.7,2.6,3.4,4.1,4.7,5.1,5.3,5.4,5.4,5.4,5.2,5.1,5,4.9,4.7,4.6,4.5,4.5,4.4,4.4,4.4,4.3,4.3,4.3,4.3,4.3,4.3,4.3,4.3,4.3,4.2,4.2,4.2,4.1,4.1,4.1,4.1,4,4,4,4,4,3.9,3.9,3.9,3.9,3.9,3.9,3.9,3.9,3.9,3.9,3.9,3.9,4,4,4,4.1,4.1,4.1,4.2,4.2,4.3,4.3,4.4,4.4,4.5,4.5,4.6,4.6,4.7
-2.8,-3,-3.1,-3.2,-3,-2.6,-2.1,-1.3,-0.2,1,2.6,4.2,5.2,6,6.5,6.7,6.6,6.4,6.1,5.9,5.7,5.5,5.4,5.4,5.3,5.3,5.3,5.2,5.2,5.2,5.1,5,5,4.9,4.8,4.8,4.7,4.6,4.6,4.5,4.4,4.3,4.3,4.2,4.1,4,4,3.9,3.8,3.8,3.7,3.6,3.6,3.5,3.4,3.4,3.4,3.3,3.3,3.3,3.3,3.3,3.3,3.3,3.3,3.3,3.3,3.4,3.4,3.4,3.5,3.5,3.5,3.6,3.7,3.8,3.9,4,4.1,4.2,4.3,4.4,4.6,4.7,4.9,5,5.1,5.2,5.3,5.4,5.5
-4.5,-3.7,-2.1,-0.1,2.4,4.9,6.1,6.8,6.9,6.5,6.1,5.8,5.6,5.5,5.4,5.4,5.3,5.3,5.3,5.2,5.2,5.1,5.1,5,5,4.9,4.9,4.8,4.7,4.7,4.6,4.6,4.5,4.5,4.4,4.3,4.3,4.2,4.1,4,4,3.9,3.8,3.7,3.6,3.5,3.4,3.3,3.2,3.1,3,2.9,2.8,2.7,2.6,2.6,2.5,2.4,2.4,2.3,2.3,2.2,2.2,2.2,2.2,2.2,2.2,2.3,2.3,2.5,2.6,2.7,2.9,3,3.1,3.3,3.4,3.6,3.7,3.8,3.9,4,4.1,4.2,4.3,4.3,4.4,4.5,4.5,4.6,4.7
0.4,3.6,5.7,6.5,6.4,6,5.7,5.6,5.7,5.8,5.8,5.8,5.7,5.6,5.6,5.3,5.2,5,4.9,4.8,4.7,4.6,4.6,4.6,4.6,4.5,4.5,4.5,4.5,4.5,4.5,4.5,4.5,4.4,4.4,4.4,4.3,4.3,4.2,4.1,4,3.9,3.8,3.6,3.5,3.3,3.1,3,2.8,2.6,2.5,2.4,2.2,2.1,2,1.9,1.7,1.6,1.5,1.4,1.3,1.3,1.2,1.2,1.2,1.2,1.3,1.5,1.7,1.8,2,2.2,2.4,2.5,2.6,2.7,2.8,2.9,3,3,3.1,3.2,3.4,3.5,3.7,3.9,3.9,3.6,3.4,2.8,2.2
6.2,6.3,5.8,5.5,5.6,5.8,5.8,5.7,5.6,5.3,5.2,5,4.8,4.7,4.6,4.5,4.4,4.4,4.4,4.3,4.3,4.3,4.2,4.2,4.2,4.1,4.1,4.1,4.1,4.1,4.1,4,4,3.9,3.9,3.8,3.8,3.8,3.7,3.7,3.6,3.5,3.4,3.3,3.2,3,2.8,2.6,2.3,2,1.8,1.5,1.2,1,0.8,0.6,0.5,0.4,0.3,0.4,0.4,0.5,0.7,0.8,1,1.2,1.4,1.5,1.6,1.7,1.7,1.6,1.6,1.5,1.5,1.4,1.4,1.3,1.5,1.9,2.2,2.2,1.8,1.3,1.2,0.7,-0.4,-2.1,-3,-2.6,-2
5.7,5.5,5.7,5.8,5.7,5.4,5.2,4.9,4.7,4.6,4.5,4.4,4.3,4.2,4.2,4.1,4,3.9,3.8,3.7,3.6,3.5,3.4,3.4,3.3,3.3,3.3,3.2,3.2,3.1,3.1,3.1,3.1,3.1,3.1,3.2,3.2,3.3,3.3,3.4,3.5,3.5,3.6,3.6,3.5,3.4,3.2,3,2.6,2.2,1.7,1.3,0.9,0.6,0.4,0.2,0.1,0.1,0.1,0.1,0.2,0.3,0.4,0.5,0.6,0.8,0.9,1,1,0.9,0.8,0.6,0.3,0.2,0.1,0,-0.1,-0.1,0,0.1,-0.1,-0.7,-1,-0.9,-0.4,0.3,0.8,0.5,-0.2,-0.9,-1.3
5.3,5.4,5.3,5,4.8,4.7,4.6,4.4,4.3,4.2,4,3.9,3.7,3.6,3.4,3.3,3.2,3.1,2.9,2.8,2.6,2.5,2.3,2.2,2.1,2.1,2.1,2.1,2.2,2.2,2.3,2.3,2.4,2.5,2.6,2.7,2.8,3,3.1,3.2,3.3,3.4,3.4,3.4,3.4,3.4,3.3,3.2,3,2.7,2.3,1.9,1.5,1.2,1,0.8,0.7,0.6,0.5,0.4,0.3,0.3,0.2,0.2,0.2,0.2,0.2,0.4,0.5,0.6,0.6,0.7,0.8,0.9,1.1,0.8,0.2,-0.8,-1.5,-1.7,-1.7,-1.9,-2.3,-2.2,-1.2,0.4,1.3,0.7,-0.6,-0.9,0.2
4.9,4.9,4.8,4.5,4.3,4.2,4.2,4.1,3.9,3.7,3.3,3,2.7,2.5,2.4,2.2,2,1.8,1.5,1.4,1.2,1.1,1.1,1.2,1.2,1.3,1.5,1.6,1.8,2,2.1,2.3,2.5,2.7,2.8,3,3.1,3.3,3.4,3.4,3.5,3.4,3.4,3.4,3.4,3.4,3.4,3.3,3.3,3.1,3,2.8,2.6,2.3,2.1,1.9,1.7,1.5,1.3,1.2,1,0.8,0.7,0.6,0.5,0.6,0.6,0.4,0.2,0.2,0.2,0.2,0.1,-0.2,-0.4,-0.3,-0.1,-0.1,-0.2,-0.1,0,0.3,0.4,-0.3,-1.5,-2.4,-2.1,-1.1,0.4,1.4,1.6
3.6,3.7,3.4,3.1,3,3.4,3.7,3.7,3.4,2.9,2.4,1.8,1.4,1.2,1.1,0.9,0.6,0.3,0,-0.2,-0.2,-0.1,0.1,0.4,0.8,1.2,1.6,1.9,2.1,2.3,2.5,2.6,2.8,3,3.2,3.4,3.5,3.7,3.7,3.8,3.9,3.9,4,4,4,4.1,4.1,4,4,3.9,3.8,3.7,3.6,3.4,3.3,3.1,2.8,2.7,2.6,2.2,1.6,1.1,0.8,0.6,0.6,0.5,0.4,0.3,0.3,0.3,0.1,0.1,0.2,0.2,0.2,0.1,0.1,0.1,-0.2,-0.6,-0.6,-0.1,0.5,0.3,-1,-1.8,-1.8,-0.9,0.3,0.7,-0.2
1.9,1.8,1.5,1.4,2,3,3.5,3.4,3,2.5,2,1.3,0.7,0.2,-0.1,-0.4,-0.8,-1.1,-1.3,-1.4,-1.3,-1,-0.5,0,0.5,1,1.3,1.7,1.9,2.2,2.5,2.9,3.2,3.4,3.7,3.9,4,4.2,4.3,4.4,4.5,4.6,4.7,4.7,4.7,4.8,4.8,4.8,4.8,4.7,4.6,4.4,4.2,4,3.7,3.5,3.3,3,2.2,2.5,3.3,3.7,3,2.1,2.2,1.1,-0.3,-1.1,-1,-0.4,0.3,0.3,-0.2,-0.9,-0.8,-0.2,-0.1,-0.4,-0.5,-0.7,-1.4,-2.2,-2.3,-1.7,-0.7,0,0.1,0.4,0.4,-0.2,-0.5
-0.3,-0.1,-0.3,-0.1,1.1,2.8,3.6,3.5,3,2.5,1.8,1.2,0.6,0,-0.4,-0.9,-1.2,-1.6,-1.9,-2.1,-2.3,-2.5,-2.3,-1.5,-0.3,0.8,1.6,2.3,2.9,3.4,3.8,4.1,4.4,4.7,5,5.1,5.2,5.3,5.4,5.5,5.4,5.5,5.5,5.7,5.8,6,6,5.9,5.7,5.4,5.1,4.8,4.5,4.2,4,3.7,3.1,2.4,2,1.7,0.9,-0.5,-1.3,-0.2,1.7,1.4,0.3,-0.6,-1.1,-0.9,-0.7,-1,-1,-0.9,-1,-1.3,-1.4,-1.3,-1.2,-1.1,-0.5,0.2,0.3,0.3,0,-0.7,-1,-1.4,-1.8,-2.2,-1.9
-1.1,-0.9,-0.7,0,1.5,3,3.5,3.3,2.7,2.2,1.6,1,0.6,0.2,-0.2,-0.6,-0.9,-1.2,-1.4,-1.7,-2,-2.2,-2.1,-1.4,-0.2,1.1,2.3,3.3,4.1,4.9,5.7,6.1,6.4,6.5,6.6,6.4,6.2,6.1,6.1,6,6,6.1,6.1,6.3,6.4,6.6,6.6,6.2,5.7,5.2,4.8,4.4,4.1,4.2,4.1,3.8,2.9,2.1,2.5,3.1,1.6,0.1,-0.4,-0.6,-0.6,-0.3,0.1,0.2,0.1,0.1,0.3,0.6,0.7,0.1,-0.6,-0.5,-0.2,0.4,1.2,1.4,1,0.8,1.5,1.7,1.2,0.7,0.5,-0.6,-2.2,-1.9,-0.3
-1,-0.8,-0.7,-0.2,0.5,1.4,2.1,2.4,2.1,1.4,0.7,0,-0.7,-1.2,-1.3,-1.1,-1.1,-1.4,-1.6,-1.7,-1.6,-1.5,-1.2,-0.2,1.1,2.8,4.3,5.1,5.8,6.9,7.5,7.5,7.3,7,6.8,6.6,6.4,6.2,5.9,5.8,5.8,5.9,6.1,6.2,6.1,5.8,5.4,5,4.7,4.4,4.2,4.1,4,3.9,3.2,2.5,2.1,1.5,1,0.9,1,1.5,1.6,1,0.6,1.3,1,0.6,1,0.5,0.4,0.4,-1.1,-1.4,-0.4,-0.1,-0.2,-0.1,-0.1,-0.4,0.3,1.4,1.4,-0.3,-1.6,-2.3,-2.2,-1.1,0.1,-0.4,-2
0,-0.1,-0.1,0.1,0.5,0.9,1.1,1,1,1.1,0.9,0,-0.7,-0.8,-0.6,0,0.2,0,0,-0.1,-0.2,-0.3,0.2,1.3,2.3,3,3.9,5.6,7.1,7.1,6.7,6.5,6.6,6.5,6.3,5.9,5.7,5.6,5.5,5.3,5.2,5.2,5.2,5,4.6,4.4,4,3.6,3.3,3.2,3.3,3.3,3.4,3.1,2.3,2.1,2.7,2.2,2.6,4.3,3.8,2.6,2,1.8,1.5,1.1,0.4,-0.5,-1.4,-1.8,-1.1,-1,-1.3,-1.2,-1.1,-0.8,-0.6,-0.4,-0.4,-0.2,-0.1,0.2,2.2,1,-0.8,0,-0.5,-1.4,-0.9,-0.6,-1.3
0.5,-0.2,-0.8,-0.7,-0.4,-0.3,-0.3,-0.3,-0.3,-0.1,0.2,0.4,0.3,-0.3,-1.2,-1.1,-0.7,-1.1,-1.3,-0.8,0.3,1.8,3.7,5,5.9,6,5.7,5,4.9,5.5,5.7,5.6,5.5,5.3,4.9,4.5,4.6,4.7,4.6,4.5,4.2,3.9,3.6,3.4,3.2,2.9,2.6,2.4,2.5,2.8,2.7,2.3,2,2.3,2.4,1.4,2.5,3.1,3,3.2,3,1.9,0.6,0,0.1,-0.1,-0.7,-1.2,-1.2,-1,-0.3,0,-0.3,-0.5,-0.8,-0.8,-0.4,-0.2,0.1,0.5,1,2.5,3.2,2.2,0.9,-0.9,-2.8,-3,-2.3,-1.1,-0.4
-0.7,-0.4,-0.1,0.1,0.4,0.4,0.4,0.1,-0.5,-0.7,-0.3,0.1,0.7,2.3,4.9,6.6,6.1,5.5,4.8,4.4,4.4,4.7,4.8,5,5.3,4.9,4.3,4.5,4.7,4.5,4.4,4.6,4.6,3.2,1.8,2.1,2.5,2.7,2.6,1.8,2.4,3,2.7,3,2.9,2.6,2.8,3,2.9,3,2.6,1.3,1,2.1,3.3,4.2,2.7,0.5,1.2,2.1,3,2.8,2.8,2.7,1.8,1,0.4,-0.2,-0.7,-1.1,-1,-0.7,-0.8,-1.1,-0.8,-0.3,0.2,0.7,0.9,1.2,1.3,0.7,-0.3,-1.6,-1.7,0,1.3,1,-0.4,-1.7,-2.3
-1.8,-1.7,-1.4,-0.8,-0.3,0.1,-0.1,0,0.7,1.5,2.3,4,5.5,5.9,5.7,4.6,4.5,4.7,4.4,4.8,5.5,5.4,5.6,5,3.3,3,3.1,2.4,1.6,1.6,2.1,3,3.6,3.1,0.8,0.7,1,1,2.4,2.3,5.3,4.1,1.3,1.9,2.2,2.3,2.7,2.7,3.4,3.2,2.7,2.1,2.4,3.2,4.2,4.9,4.1,4,3.7,1.8,1.4,2.9,2.8,2.7,3.1,3.1,1.8,0.5,-0.2,-0.9,-1.1,0.3,0.4,-0.2,0.3,0.6,0.9,1.2,1.2,1.2,1,0.6,0.5,0.7,0.9,1.9,1.7,-1.6,-2,-1,-2.2
0.9,0.7,0.4,-0.1,-1.5,-1.6,-1.4,-0.9,-0.3,0.2,0.5,1.2,1.4,1.8,2.7,2.8,4,2.8,3.6,3.2,3,3.5,3.1,2,2.6,1.9,2.3,2.4,1.6,0.4,-0.4,-0.1,0.7,0.6,0.5,1,1.7,1.8,1.7,3.5,5.4,3.4,1.9,1.9,2.8,2.6,1.9,2,1.4,2.3,3.2,2.6,2.2,2.4,2.4,2.3,3.1,3.3,2.8,3.3,4,1.8,1.8,3.5,2.9,1.9,1.7,1.8,1.2,0.7,2.1,2,1.4,1.3,1.3,1,1,1.3,1.2,1.1,1,1.1,1.5,2.7,2.7,1.6,-1.6,-2.2,-0.7,-0.1,-2.1
0.8,0.6,0.8,0.6,-0.4,-0.2,-0.1,-1.7,-2.1,-1.4,-0.6,0.4,2.2,3.1,2.1,0.9,0.2,0,0.1,0.5,0.1,0.1,-0.3,0.1,0.5,0.9,0.6,0.7,1.1,0.9,0.8,-0.7,-0.9,-0.6,0.5,1.4,2.4,2.7,2.2,1.2,1.4,2,0.6,1.7,2.6,3,3.4,1.9,1.9,1.8,2.3,2.2,2.8,2,2.6,2.7,1.1,1.5,3.8,3.4,3.8,3.2,3.4,3.8,4,3.6,2.9,1.8,1.8,1.5,1.6,1.9,1.9,1.5,1.1,1.1,1.1,1.3,1.3,0.9,1,0.4,1.2,2.5,0.2,-0.9,-1.8,-2.1,-3.4,-5.5,-3.6
-2,-2,-1.8,-2.9,-2.2,-1.2,-0.9,-1.6,-4.3,-4.1,-3.1,-2.3,-1.4,-0.5,0.5,1.3,2.3,2.6,2.1,2.1,1,-0.2,-1.9,-1.7,0.4,1.4,1.9,1.5,0.6,1.7,1.7,0.3,0.2,1.5,2.4,2.1,2.1,2.5,1.9,2,2.1,1.5,0.2,0.8,2.2,2.4,1.9,1.6,0.6,1.3,2,2.1,1.7,2.2,2.6,2.4,1.7,2.6,3.8,5.1,4.3,3.5,3.4,2.5,2.3,3.1,3,2.8,3.2,1.9,1.7,1.9,2.1,2.3,1.2,1,1.5,1.5,1,0.7,0.3,0,-0.4,-1.4,-2.8,-3.4,-2.5,-2.3,-2.3,-5,-6.4
-5.6,-7.2,-4,-4.9,-2.4,-1.2,-6.7,-7.4,-7.5,-3.2,5.1,3.9,2.1,2.9,1.3,1.6,2.3,2,1.7,1.2,-0.8,-2,0.3,0.7,0.8,0.6,0.2,0.3,0.1,1.1,0.5,0.4,1.7,3.4,3.7,3.1,3.3,1.6,2.3,2.3,1.9,2,2,2,1.2,1.3,1.6,2.6,1,1.2,1.1,0.9,0.1,1.4,1.6,2,3.1,2.2,2.9,2.2,2.7,2.8,2.4,2.6,3.1,2.6,2.4,2.3,1.6,1.4,2,2.3,1.8,1.9,1.6,0.9,1,0.9,0.1,-0.4,-0.9,-1.7,-2.6,-3.4,-4,-4.3,-5,-5.3,-6.3,-5.8,-5.4
-8.4,-8.9,-6.9,-0.8,-1.7,-7.8,-6,3.4,6.2,5.4,4.6,5.5,3.8,3.7,3.9,3.1,2.3,1.5,0.3,0.7,1.8,2.4,3.1,2.9,2.7,2.3,2.5,3.2,3.2,2.3,2.2,1.5,0.1,0,0,0.6,1.6,1.4,1,1.2,0.2,-0.1,0.1,0.7,0.1,0.7,-0.1,-0.1,0.4,0.6,0.4,0.7,0.5,1.8,0.4,1.2,2.5,2.6,2.3,2.4,2.3,2.4,2.5,2.4,2.6,2.6,2.1,2,1.9,1.7,1.7,1.8,1.4,0.6,1.9,1.5,0.9,-0.2,-0.4,-0.8,-1.9,-2.5,-2,-2.2,-2.8,-3.5,-3.9,-4.4,-3.9,-3.5,-3.2
-12,-11.3,1.7,6,4.1,3.7,3.7,3.8,4.6,5.4,5.9,6.2,5.5,4.3,3.7,3.4,2,1.9,0.7,1.3,1.8,2.3,1.7,1.3,0.4,1.9,1.8,-0.7,0,0,0.6,-0.8,0.3,-0.1,-0.1,1.6,-0.4,0.4,1,0.9,-0.3,-1.1,-0.9,-0.3,-0.1,-0.2,-0.5,-0.4,-0.1,0,0.4,0.1,0.3,-0.4,1.6,1.2,2.3,0.8,-0.3,0.5,2.6,2.5,1.9,2.1,2.2,2.3,2,1.6,1.4,1.9,1.5,1.2,1.1,0.8,0.6,0.1,-0.7,-1.9,-2.3,-3.2,-3.6,-3.7,-4.5,-5.6,-6.4,-6.7,-7.2,-6,-5.1,-3.5,-3
-11.2,-4.1,0.6,1.3,2.1,3.1,4.2,4.9,5.3,5.3,4.8,4.7,2.9,2.7,2,1,1.2,0.3,0.6,0.4,0,0.3,0.6,0.7,1.5,0.6,0.4,-1.4,-0.4,-1.7,-0.5,0,0.1,-0.7,-0.7,0.9,0,-0.9,1.3,1.1,-0.4,-0.1,-0.4,-0.4,0.3,-0.2,-1.1,-0.3,-1,-1.4,-1.7,-2.1,-0.9,0.6,-0.3,0.8,1.4,1.6,0.4,0.5,1.2,1.6,1.8,2.1,3.7,2.8,2.7,2.8,2.8,2.4,1.4,1.4,0.9,0.3,-0.2,-0.7,-1.3,-1.8,-2.5,-3,-3.5,-5,-4.9,-5.2,-5.1,-5.3,-6.5,-5.4,-4.6,-3.8,-3.1
-6.1,-3.7,-1.8,-0.4,1.3,2.7,3.6,4.1,4.7,4.7,4.4,5,4.3,3.5,3.1,2.1,1.2,-0.1,0.5,1.7,0.4,1,0.5,0.1,-0.1,-1.2,-0.4,-2.9,0.2,-2.4,-4.3,-3.3,-2.1,-2.7,-1.7,-1.3,-0.4,1.5,1.9,0.8,-1.1,-1,-0.4,-1.2,-2.1,-0.9,-0.8,-1.4,-2.1,-2.1,-1.6,-0.2,0,0,0.4,-1.7,0.1,0.5,0.6,1.6,0.9,1.5,3.1,3.8,3.4,1.6,2.3,2.5,2.6,2.3,2.4,1.2,0.4,-0.6,-1.2,-1.6,-1.9,-2.6,-3.2,-3.3,-3.8,-4.5,-4.6,-5.2,-6.3,-6.3,-5.8,-4.9,-4,-3.5,-3.1
-5.6,-4.1,-2.3,0,1.7,2.9,4.4,5.6,6,5.5,4.9,4.4,4.4,4.8,3.8,2.5,0.5,0.4,1.1,0.4,-0.6,-1.4,-0.3,-1.2,-0.7,-1,-5.5,-0.3,-2,-5.2,-1.4,-5.8,-3.9,-3.3,-1.5,-3.3,-1.3,0,-0.4,-1.3,-1.5,-1.9,-1.1,-1.1,-1.6,-0.5,-2.1,-0.8,-0.2,-0.7,0.1,0.2,0.9,0.8,0.6,1.2,0.9,1.4,1.7,1.9,1.8,1.4,1.1,0.9,2.6,2.4,1.9,1.9,1.5,0.7,1.1,0.9,-0.2,-1.4,-2,-2.1,-2.4,-2.6,-3.7,-4.4,-4.8,-3.7,-4.1,-4.7,-6.6,-5.6,-5,-4.4,-3.9,-3.5,-3.3
-3.6,-1.8,1,3.5,4.6,5.2,5.5,5.9,5.8,5.5,5.9,6.2,6,5.7,5.9,6.4,4.2,0.1,-1.2,-2.6,-3.3,-2.1,-0.7,1.1,0.1,-4.1,-5.6,-4.7,-3.5,-3.7,-2.8,-2.3,-2.6,-3,-3.4,-6.6,-1.2,5.2,-0.2,-5.1,-1.7,-3.4,-3.2,-2.1,-1.7,-1.3,-2,-1.9,-0.9,-0.1,-0.3,-0.5,-0.4,-0.3,-0.1,1.1,1.3,0.5,-0.1,-0.3,1,2,0.6,0.7,0.2,0.7,0.9,1.6,3.3,2.3,1.4,0.8,-0.2,-1.2,-1.9,-2.6,-3,-3.8,-3.8,-4.1,-4.1,-3.6,-3.2,-3.6,-5.3,-5.3,-5.1,-4.9,-4.8,-4.7,-4.6
3.3,4,4.9,5.9,6.1,6.4,7.1,7.8,7.6,6.7,6.4,6.6,7.4,7.3,6.7,6.1,5.3,4.6,3.8,3,2,0.9,1.7,-0.5,-0.7,0.5,-0.7,-4,-5.8,-5.8,-4.3,-2.9,-2.6,-3.2,-5.3,-1.2,0.1,-0.6,-2.2,-4.5,-3.8,-4.3,-1.2,-1.4,-2.9,-0.6,-1.7,-0.6,-0.6,-0.8,-1,-1.2,-1.8,-0.4,0.7,0.3,0.6,-0.7,1,0.6,-1.2,-2,0.9,-0.9,-1.7,1.7,1.9,2,2.5,2.1,1.3,-0.5,-1.4,-2.2,-2.5,-2.7,-4.4,-3.8,-4.4,-4.2,-3.8,-3.9,-4.1,-3.8,-4.4,-5.4,-7,-6.8,-6.7,-7.2,-7.4
5.5,6.3,6.2,6.3,7.2,7,5.6,4.7,5.4,7.4,8.3,8.5,8.6,8.8,9.1,7.9,6.3,5,6.4,7.7,4.3,3.1,4.4,2.3,-0.2,-0.8,3,0.4,-4.8,-6.6,-6.3,-4.5,-3.5,-4.8,-3.7,-0.7,-3.1,-5.9,-3.7,-1.9,-4.4,-6.5,-4.6,-1.7,-2.6,-1.8,-3,-3,-1.4,-1.9,-2,-1.4,-1.3,-1.5,-0.6,0,0,-0.7,-0.1,0.4,-0.9,-0.6,-0.3,-0.1,0.5,-0.6,0.7,1,0.8,-0.1,-0.7,-1.2,-2.1,-2.2,-2.4,-3.8,-4.7,-3.4,-4.3,-4.4,-3.7,-4,-4.5,-5,-5.5,-6,-6.9,-6.3,-5.9,-5,-3.5
6.3,5.6,5.4,5.4,4.7,4.6,5.6,6.2,6.9,8,9.1,10.5,11.8,11.7,9.3,6.7,5.7,6,3.4,2.7,7.7,6.8,6.1,5.1,2.4,1.4,3.5,1.9,-3.6,-5.8,-6.2,-5.5,-5.3,-5.2,-1.3,-3.3,-4,-4.3,-5.8,-4.1,-3.9,-5.8,-7.8,-5,-4.8,-1.9,-1.2,-1.9,-1.6,-2.1,-2.1,-2.6,-2.1,-2.5,-1.6,-1.4,-1.5,-1.4,-1,-0.8,-1.6,-1.3,-1.3,-1.3,-1.4,-2,-0.3,-0.9,-0.1,-0.7,-0.9,-1.4,-1.8,-2.8,-2.7,-3,-4.1,-4,-4.2,-4.4,-4.5,-4.5,-4.9,-5.2,-6,-6.4,-4.4,-3.4,-3,-3.2,-2.3
5.4,6.3,5.2,3.9,3.5,3.3,3.1,3.7,5.4,7.7,10,11.5,11.7,10.3,10.2,11.1,7.1,7.3,6.6,8.7,9.9,9.3,8.1,6.4,4.4,3.9,4.1,1.2,-3.1,-5,-5.7,-5.6,-6,-4.9,-2.3,-4.1,-4.3,-4.8,-6.2,-6.5,-7.1,-6.1,-7.6,-8.4,-8,-2.2,-4.3,-2,-1.5,-1.3,-1.5,-2.3,-2.6,-2.6,-3.9,-3.3,-1.9,-1.4,-1.7,-2,-2.2,-2,-1.1,-0.2,-1,-1.1,-1.1,-0.6,-1.1,-1.4,-1.9,-2.3,-2.3,-4.3,-2.8,-4.1,-4,-4.3,-4.3,-4.1,-4.3,-4.5,-4.7,-5,-4.4,-2.6,-2.5,-2.2,-1.9,-1.7,-2
4.8,5.8,6.2,4.9,3.5,2.2,2.4,4,6.5,8.6,10.1,8.3,11.7,12.3,12.4,11.6,10.7,10.5,10.2,10.3,10.4,10.3,8.9,7,5.5,5,4.5,1.9,-1.4,-3.2,-4.1,-4.8,-5.3,-5.9,-3.8,-4.3,-5.2,-5.9,-6.9,-7.8,-9.3,-7.5,-7.9,-7.7,-6.7,-3.1,-4.3,-6.3,-0.4,-3,-1.6,-2.4,-1.7,-1,-1.8,-1.8,-0.8,-1.5,-2.2,-2.1,-0.9,-0.7,-1.2,-2.1,-1.7,-1.7,-0.9,-0.9,-0.9,-1.1,-1.8,-1.8,-2.4,-3.7,-4.1,-3.6,-3.5,-4.8,-6,-4.7,-4.9,-4.4,-4.2,-3.2,-2.8,-2.8,-2.8,-3,-2.7,-2.3,-1.9
1.1,3.4,4.7,4,2.1,1.3,1.1,1.9,3.7,5.9,10.1,13.4,14.7,14.5,14.4,13.6,12.8,12.6,13,12.2,11.6,10.4,9.1,8.1,6.6,5.5,4.6,3.1,1.1,-0.7,-2.1,-3.2,-4.2,-5,-6.4,-5.3,-5.7,-6.3,-7.9,-9.2,-10,-11.8,-9.6,-9,-7.7,-6.3,-2.7,-7.5,-5.9,-1.9,-2.3,-1.8,-1.9,-1.6,-1.6,-1.3,-1.7,-1.5,-1.7,-1,-2,-0.6,-0.4,-1.1,-0.8,-0.7,-1.4,-1.1,-1.3,-1.4,-2,-2.5,-2.8,-2.4,-3.3,-4.5,-2.7,-6.4,-7,-5.2,-9.2,-4,-4.4,-4,-3.7,-4.6,-3.4,-3.8,-3.5,-2.7,-1.9
1.1,1.2,2,1.2,-0.8,-3.1,-4,-1.3,4,9.9,12.2,13.3,14.6,15.3,15.1,14.6,14.6,14.4,14.6,15.1,13.4,12.2,10.6,9.1,8.3,7.2,5.6,4.1,2.6,1.2,-0.2,-1.7,-3.3,-4.6,-5.3,-7.1,-7.2,-7.6,-9.2,-10.5,-11.3,-12,-12.2,-10.8,-9.8,-4.5,-6.7,-8.5,-9.2,-6.3,-1.4,-1.9,-1.6,-1.8,-1.6,-2.1,-1.8,-1.3,-1,-1,-0.1,-0.9,-0.7,1,0.5,-0.4,-0.5,-0.6,-0.5,-0.9,-0.7,-2.9,-2.9,-3.1,-3.9,-4.3,-3,-2.9,-7.3,-4.5,-7.1,-8.2,-4.9,-5,-3.9,-3.6,-2.4,-1.2,-0.7,-0.2,0.2
1,0.1,-0.9,-1.4,-2.3,-2.9,-4.3,-4.2,-1.4,3.7,9.8,12.7,13.6,14.4,15.9,16.1,16.1,16.2,16.3,16.3,16.2,14.4,12.8,11.2,9.7,8.3,7.2,5.6,4,2.5,1.2,-0.4,-2.1,-3.9,-5.6,-6.5,-8,-9.5,-10.7,-12.5,-13.1,-13.4,-12.6,-11.2,-8.7,-8.1,-7.9,-7.4,-7.1,-7.9,-5,-0.4,-1.9,-2.5,-3,-2.2,-2.5,-1.6,-0.6,-0.3,-0.6,0.4,0.3,0.1,0.2,0,-0.7,0.3,-0.3,-0.6,-1.5,-2.7,-2.9,-3.8,-4,-5.2,-5,-3.5,-4.8,-6.9,-5.4,-8.6,-5,-4,-2.6,-1.7,-1.4,-0.6,0,0.6,0.7
