static/gfs.json
{"header": {"discipline":0,"disciplineName":"Meteorological products","gribEdition":2,"gribLength":77156,"center":7,"centerName":"US National Weather Service - NCEP(WMC)","subcenter":0,"refTime":"2016-08-29T06:00:00.000Z","significanceOfRT":1,"significanceOfRTName":"Start of forecast","productStatus":0,"productStatusName":"Operational products","productType":1,"productTypeName":"Forecast products","productDefinitionTemplate":0,"productDefinitionTemplateName":"Analysis/forecast at horizontal level/layer at a point in time","parameterCategory":2,"parameterCategoryName":"Momentum","parameterNumber":3,"parameterNumberName":"V-component_of_wind","parameterUnit":"m.s-1","genProcessType":2,"genProcessTypeName":"Forecast","forecastTime":0,"surface1Type":103,"surface1TypeName":"Specified height level above ground","surface1Value":10.0,"surface2Type":255,"surface2TypeName":"Missing","surface2Value":0.0,"gridDefinitionTemplate":0,"gridDefinitionTemplateName":"Latitude_Longitude","numberPoints":65160,"shape":6,"shapeName":"Earth spherical with radius of 6,371,229.0 m","gridUnits":"degrees","resolution":48,"winds":"true","scanMode":0,"nx":360,"ny":181,"basicAngle":0,"subDivisions":0,"lo1":0.0,"la1":90.0,"lo2":359.0,"la2":-90.0,"dx":1.0,"dy":1.0}, "data":
[rows 74 to 110 of 181, columns 83 to 165 of 360]
-3.37,0.29,4.86,6.2,6.12,5.61,5.12,4.83,3.78,2.97,3.44,2.18,3.06,2.8,1.76,0.81,0.39,1.21,2.39,-0.51,0.97,2.17,1.72,1.29,1.39,-1.42,-0.72,1.47,4.21,5.71,6.31,6.23,5.59,5.31,5.17,5.59,6.6,3.24,1.25,4.26,6.01,6.77,6.27,5.7,5.11,5.39,5.48,5.77,5.69,5.32,5.11,4.89,4.57,4.22,4.08,3.94,3.51,3.4,3.57,3.31,3.09,2.9,2.87,2.71,2.74,2.86,2.16,1.45,1.38,0.37,-0.36,-3.13,-3.6,-2.96,-2.29,-1.27,-0.59,0.02,0.67,0.91,1.26,3.12,3.0
-0.49,4.38,5.21,5.23,5.98,6.03,5.43,4.63,3.95,4.14,3.14,2.63,1.98,0.31,0.68,1.04,0.62,1.54,1.61,0.47,1.76,2.11,2.12,2.24,2.2,1.09,-1.49,3.99,6.79,6.68,6.53,6.01,5.58,5.18,5.18,5.91,6.49,3.89,2.52,1.46,5.06,3.4,3.95,4.34,5.46,5.82,5.49,5.6,5.67,5.59,5.19,4.82,4.65,4.43,3.97,3.56,3.54,3.18,2.79,2.64,2.48,2.63,2.7,2.09,2.68,2.46,2.19,0.95,0.58,-0.82,-1.21,-1.82,-2.56,-2.17,-1.6,-1.15,-0.19,0.27,0.7,1.02,0.79,2.36,3.19
1.0,3.75,4.87,5.09,5.74,6.24,5.66,4.51,4.01,3.32,1.97,2.68,1.65,1.28,1.02,1.6,0.16,1.33,0.44,1.65,1.12,0.92,1.91,1.72,1.59,1.19,1.24,5.23,7.3,6.44,6.17,6.17,6.09,5.67,5.18,5.02,5.8,6.53,2.24,3.56,3.41,2.42,5.93,4.62,4.96,5.56,5.61,5.7,5.69,5.52,5.3,4.97,4.65,4.04,3.65,3.24,2.78,2.68,2.35,2.14,2.36,2.53,1.52,2.62,2.14,1.7,0.93,0.43,-0.57,-0.71,-2.43,-2.67,-2.35,-1.64,-1.15,-0.07,0.53,0.63,0.39,0.02,-0.01,2.11,1.83
3.39,4.15,5.76,5.71,6.11,6.53,5.59,4.55,3.79,2.83,2.14,2.49,0.93,0.64,0.81,-1.54,0.57,1.1,1.59,2.92,1.96,0.77,1.44,3.11,2.13,0.17,-0.39,7.34,7.04,6.04,5.84,6.02,6.36,5.57,4.83,4.64,5.47,3.81,1.28,10.09,3.94,2.85,2.13,2.28,4.63,5.46,5.88,6.15,5.98,5.59,5.23,4.74,4.15,3.57,2.94,2.58,2.28,1.82,1.71,1.66,1.88,1.76,2.98,1.98,1.92,1.57,0.81,0.03,-1.08,-2.48,-2.44,-2.88,-2.43,-2.02,-1.43,-0.48,-0.96,0.45,1.02,1.41,1.82,1.65,0.75
4.36,5.46,6.71,5.95,6.28,6.26,6.0,5.41,4.42,3.33,2.94,1.73,1.09,2.28,1.5,0.72,0.29,2.95,0.64,1.07,3.4,1.38,2.65,2.29,2.53,1.41,2.65,8.27,6.32,5.91,5.61,5.47,5.64,4.55,4.35,5.0,4.9,1.54,3.78,5.27,-1.72,3.77,0.95,5.46,5.33,5.99,6.43,6.32,5.83,5.22,4.65,3.91,3.27,2.86,2.52,1.76,1.0,0.78,0.62,1.62,1.92,1.99,1.46,1.53,1.13,0.7,-0.03,-0.86,-1.69,-2.63,-2.97,-3.41,-2.68,-1.35,0.43,0.22,1.26,1.04,2.09,2.37,2.8,1.8,0.71
4.67,5.29,6.11,6.51,6.89,6.29,5.94,5.32,5.04,3.92,2.32,3.2,1.64,2.63,2.77,0.75,-0.01,4.99,2.06,3.22,1.8,0.88,3.57,2.56,2.3,2.04,7.21,6.11,5.82,5.6,5.65,4.8,4.2,4.87,4.6,5.19,1.86,5.03,4.48,1.7,6.42,-0.26,2.09,3.45,4.19,6.08,6.21,5.73,5.12,4.3,3.36,2.75,2.28,2.06,1.06,0.28,0.11,-0.06,1.21,1.65,1.57,1.23,0.95,0.66,0.25,0.09,-0.18,-1.11,-2.13,-3.05,-3.9,-3.21,-1.61,0.75,1.54,1.27,1.28,1.86,2.27,1.61,1.04,0.14,-0.27
3.98,4.56,5.35,6.45,6.36,5.86,5.89,5.68,5.3,5.56,5.44,4.57,2.9,2.1,0.87,0.2,0.51,1.65,1.01,-0.06,-0.18,0.89,2.39,3.07,5.94,4.45,5.39,5.69,5.31,4.97,5.17,5.38,5.23,5.69,6.03,3.0,3.24,4.31,4.39,3.43,-0.13,2.13,4.89,-0.03,3.03,6.04,6.11,5.23,4.2,3.12,2.41,2.09,1.51,-0.02,-0.77,-0.73,-0.07,0.94,1.91,1.4,1.23,0.99,0.71,0.42,0.18,-0.18,-0.97,-1.86,-2.65,-3.09,-3.47,-2.85,-1.89,0.67,1.56,1.11,0.75,1.41,1.18,0.35,-0.95,-1.95,-1.97
2.33,2.98,6.19,6.55,6.25,5.84,6.07,6.07,5.58,4.5,3.88,1.72,1.77,2.46,3.11,2.93,2.44,0.04,1.45,1.67,0.84,2.05,2.85,6.0,4.3,4.86,5.18,5.2,4.2,3.76,4.07,4.0,4.71,6.06,5.89,2.55,4.28,4.69,3.88,2.19,-0.1,-1.13,-2.74,-0.15,4.33,6.23,5.2,4.29,3.47,2.33,1.4,0.19,-1.06,-1.39,-0.49,0.51,1.5,1.9,1.59,1.9,1.34,1.48,1.15,0.33,-0.16,0.01,-0.62,-1.55,-2.49,-2.8,-2.66,-2.2,-0.95,0.47,0.72,0.55,0.92,0.94,0.19,-0.72,-1.46,-1.07,-1.08
-2.16,5.59,6.77,6.49,5.95,5.81,5.77,5.77,5.96,5.09,3.75,4.51,3.37,3.17,2.45,3.4,2.66,1.36,2.79,2.66,2.89,3.39,3.18,3.29,4.13,4.27,4.49,4.61,3.51,2.66,2.8,3.47,4.16,4.37,1.51,2.59,4.51,4.13,3.65,-0.54,0.46,-0.53,0.37,0.47,5.76,5.07,4.23,3.41,2.09,0.63,-0.65,-1.06,-1.44,-0.66,0.05,0.85,1.82,2.35,2.54,2.12,2.05,2.04,1.74,1.38,0.75,0.3,-0.22,-0.85,-1.49,-2.05,-1.84,-0.96,-0.24,-0.47,-0.69,-0.28,0.01,-0.07,-0.56,-1.15,-1.37,-1.63,-1.43
4.01,5.84,6.04,6.0,5.68,5.66,5.46,5.83,5.41,4.52,3.21,2.51,3.93,3.81,3.6,2.92,1.95,0.93,-0.61,-1.09,2.79,3.74,3.62,3.95,3.68,3.83,3.86,3.75,2.69,2.22,2.7,3.54,3.84,2.12,-2.94,2.73,4.33,4.18,3.04,2.0,2.2,0.78,0.77,3.38,5.43,3.87,2.7,1.89,1.02,-0.51,-1.03,-1.14,-0.23,0.1,0.11,0.88,1.54,2.19,1.93,2.06,1.88,1.7,1.46,1.03,0.96,0.73,-0.07,-0.99,-1.84,-1.81,-1.4,-0.91,-1.22,-2.92,-2.27,-1.98,-0.91,-0.89,-1.38,-1.34,-1.9,-2.23,-1.89
4.77,5.03,5.32,5.58,5.58,5.49,5.46,5.37,4.95,4.73,4.39,3.33,4.69,-2.92,1.47,3.25,2.2,0.9,0.57,-0.91,-1.69,3.84,4.06,3.8,3.58,3.92,3.19,2.83,2.52,2.67,3.41,3.9,2.95,-1.62,1.27,-1.08,3.27,2.48,2.91,2.92,3.06,3.88,2.91,3.91,3.12,2.27,1.66,1.25,0.18,-0.51,-0.6,-0.27,0.05,0.46,0.83,0.59,1.22,1.62,1.49,1.63,1.43,1.32,0.94,0.53,0.29,-0.21,-0.43,-1.27,-1.51,-1.92,-2.14,-1.95,-1.81,-1.42,-1.33,-1.1,-1.4,-1.66,-1.96,-2.29,-2.44,-2.8,-2.2
2.66,3.64,4.86,5.26,5.28,5.32,5.27,4.99,5.22,5.17,5.01,4.68,3.51,1.13,-1.63,2.64,2.17,0.92,0.29,1.18,0.6,4.71,4.51,4.32,4.11,2.42,3.44,3.01,3.32,3.56,3.87,1.35,-2.56,1.87,2.06,1.94,4.49,4.13,2.23,2.17,2.17,1.94,2.06,1.25,2.23,1.69,1.18,0.64,0.18,0.38,0.03,0.01,0.02,0.25,0.04,1.06,1.4,1.28,1.04,1.23,1.09,0.98,0.46,0.32,-0.04,-0.34,-0.95,-1.34,-1.4,-2.14,-2.16,-1.89,-1.86,-1.07,-1.4,-1.44,-2.48,-2.5,-2.46,-2.3,-2.57,-2.61,-2.64
1.98,2.4,4.26,5.11,5.19,5.08,5.07,4.5,5.16,5.25,4.82,3.89,1.11,1.62,0.83,-0.07,-0.04,-0.56,1.05,0.88,1.49,4.49,4.46,4.7,4.46,3.03,4.58,4.24,4.37,4.06,2.9,1.3,1.0,1.02,1.2,2.3,2.28,1.64,1.02,1.16,1.5,2.21,1.93,3.0,2.23,1.91,0.91,0.25,-0.26,0.09,0.24,0.04,0.29,0.4,0.6,0.59,0.95,0.94,0.6,0.66,0.32,-0.16,-0.25,-0.12,0.0,-0.17,-0.48,-0.73,-1.04,-1.14,-1.64,-1.76,-1.85,-1.45,-1.06,-2.31,-2.61,-2.4,-2.29,-2.35,-2.19,-1.86,-1.15
2.24,4.1,5.14,5.06,5.13,5.1,5.0,6.09,5.36,4.71,3.86,3.04,1.21,-2.95,-3.75,1.76,0.21,-1.35,2.81,1.24,0.6,2.92,4.54,4.74,4.76,4.09,4.29,4.2,4.5,-1.12,0.93,1.63,1.06,1.12,0.91,-1.79,0.85,1.15,1.19,1.19,1.13,2.44,3.22,3.39,1.69,-0.35,1.53,0.37,-0.04,-0.58,-1.05,-1.16,-0.3,0.2,1.4,1.94,0.8,0.76,0.55,0.2,-0.11,-0.25,-0.17,-0.32,-0.07,0.24,-0.1,-0.68,-1.33,-1.15,-0.27,-0.76,-1.19,-1.56,-2.15,-2.53,-2.33,-1.88,-1.58,-1.24,-0.95,-0.55,-0.33
4.66,7.33,5.45,5.19,4.95,4.86,5.23,5.31,4.69,4.11,3.55,2.77,2.46,0.13,-1.03,1.64,1.87,1.3,-0.08,-0.43,2.25,1.03,4.26,4.4,4.52,4.39,2.01,-1.01,1.94,1.65,1.05,1.43,1.22,0.58,0.92,0.26,1.96,0.48,-0.28,1.03,1.37,-0.13,2.53,5.1,3.33,1.56,1.36,1.15,0.05,-0.72,-0.68,-0.7,0.47,1.16,2.02,1.99,1.9,0.94,0.44,0.6,0.61,0.71,0.68,0.01,0.27,0.3,0.03,-0.47,-0.06,-0.21,-0.48,-0.87,-1.55,-1.9,-2.26,-1.76,-0.85,-0.87,-1.23,-1.35,-1.22,-0.97,-0.74
7.02,7.64,8.7,7.52,5.86,6.06,5.92,5.28,4.67,3.98,3.07,1.84,1.91,1.05,-0.3,-2.33,0.33,0.1,0.6,1.04,0.04,3.11,4.36,4.29,4.5,4.29,1.43,1.43,1.97,1.84,1.1,0.81,0.21,0.18,0.58,1.57,0.86,-2.67,-0.64,-1.3,-3.56,-2.74,5.05,5.39,4.07,0.25,1.83,0.02,-0.24,-0.38,-0.53,-0.26,0.47,0.86,1.51,2.72,3.55,2.44,2.74,2.18,1.52,0.89,1.12,1.44,1.35,0.92,1.26,0.85,0.33,-0.76,-0.82,-1.02,-1.57,-2.57,-2.61,-1.56,-1.29,-1.32,-1.47,-1.68,-1.86,-1.62,-1.17
6.22,5.88,6.27,6.96,6.93,6.41,5.85,5.2,4.7,3.81,2.81,2.38,1.46,0.48,-0.73,-0.91,1.68,2.13,0.77,1.1,0.99,4.01,4.5,4.02,4.15,4.04,3.86,0.93,0.4,0.73,0.58,0.61,0.23,-0.33,0.21,-0.96,0.87,-0.05,-1.04,-0.28,0.78,4.36,2.82,4.07,3.47,2.37,1.45,0.0,-1.99,-1.8,1.16,-1.18,-0.54,0.37,0.62,2.01,2.92,2.77,2.69,2.54,2.63,2.15,2.68,2.77,2.29,2.02,1.83,2.42,1.63,0.98,-0.56,-1.34,-2.2,-3.1,-2.65,-2.3,-2.35,-2.67,-3.2,-2.27,-1.95,-1.63,-0.89
5.43,5.47,5.52,5.78,5.94,5.69,5.28,4.87,4.28,3.6,2.26,1.05,0.32,-0.86,-0.42,-0.78,-2.08,1.49,-0.47,1.16,1.27,-0.58,3.48,2.71,3.5,3.54,4.9,1.8,0.58,1.34,0.35,-0.23,-0.16,0.39,0.82,-1.47,-0.82,-1.58,-2.45,-0.87,4.86,4.85,0.84,2.22,3.87,1.27,2.52,1.07,-1.11,0.04,0.02,-1.93,-2.5,-0.68,-1.67,-1.41,0.59,2.19,2.09,2.33,2.47,2.92,2.49,2.77,3.67,3.93,4.29,4.02,2.27,1.87,1.57,0.68,-1.07,-0.56,-1.72,-2.05,-1.97,-2.21,-1.67,-2.01,-2.24,-1.61,-1.34
4.71,4.7,5.01,5.0,5.12,5.2,4.99,4.54,3.88,3.1,1.73,0.03,-0.17,-1.08,-1.28,-1.17,1.07,-0.46,0.99,0.58,1.77,2.1,1.75,1.33,3.38,3.13,2.39,1.74,0.75,-0.42,-0.82,-0.59,0.23,1.26,2.64,0.07,-1.51,-0.39,0.16,1.53,2.75,4.4,4.5,1.64,3.37,4.07,0.56,2.04,4.34,2.63,1.04,-0.15,-2.88,1.46,-4.92,-1.46,-2.06,-0.07,1.13,1.73,2.06,2.37,3.25,4.41,3.11,5.33,4.96,3.23,2.96,2.88,2.68,2.06,1.65,1.2,0.07,-0.31,-2.43,-2.03,-0.39,-0.5,-0.45,-1.18,-1.16
4.04,4.63,4.65,4.67,4.65,4.86,4.79,4.39,3.26,2.24,0.45,-0.86,-1.06,-1.19,-1.6,-1.53,-1.06,0.25,1.41,1.55,0.65,1.95,2.2,4.36,5.04,2.33,1.81,3.74,2.09,0.38,0.62,-0.13,-0.33,1.45,2.58,0.82,0.47,-0.17,1.89,-0.24,3.48,3.54,1.5,1.56,0.99,0.31,-0.08,1.03,4.46,4.68,0.85,-0.04,-4.9,-1.26,-1.77,-0.95,-0.42,-1.02,-1.0,-1.49,0.05,0.76,3.03,4.36,5.57,6.73,5.89,4.53,3.4,1.4,4.15,4.34,3.43,3.83,3.35,2.33,1.24,1.16,0.1,0.04,0.28,0.33,-0.16
3.72,4.46,4.53,4.11,4.67,4.91,5.12,3.97,2.09,0.89,-0.41,-0.66,-0.57,-0.9,-1.0,-1.48,-1.85,-1.31,-0.29,0.98,0.68,1.63,2.08,4.8,3.38,2.7,2.07,1.73,0.58,-0.54,-1.92,0.23,1.53,3.17,0.53,0.46,1.32,1.37,1.39,-0.55,0.05,1.61,1.97,4.0,2.03,3.28,2.94,4.56,3.85,5.7,1.3,3.63,1.15,0.62,0.6,-0.78,-1.18,-1.1,-0.34,0.2,-0.47,-2.47,1.02,4.17,5.5,6.89,5.7,4.39,0.49,5.15,2.97,4.55,4.99,6.79,5.69,6.07,5.07,3.25,2.03,2.25,2.19,1.3,0.36
3.35,3.88,3.87,4.01,5.24,5.69,5.49,3.31,0.9,1.05,0.81,0.38,0.1,0.4,0.61,0.0,-1.51,-2.01,-1.1,-0.28,1.32,1.11,1.71,3.58,1.59,1.96,2.0,1.3,1.21,1.06,1.15,1.28,1.66,1.74,0.95,0.48,2.47,-0.62,2.99,-1.62,-0.11,0.24,0.71,0.82,0.82,1.45,2.52,3.84,4.02,4.03,3.58,0.65,2.97,5.7,3.08,1.06,0.83,1.79,-0.18,-0.57,-1.26,-1.61,0.53,0.84,4.77,9.41,6.92,5.71,-4.03,3.29,4.57,4.3,5.98,5.91,7.09,6.8,6.38,5.85,6.18,5.08,3.45,2.14,1.29
2.96,3.4,3.88,4.68,6.17,6.16,4.76,2.45,1.36,1.36,1.79,1.87,1.72,1.38,0.47,0.29,-0.21,-1.76,-2.04,-1.28,-0.42,0.35,3.2,-0.26,-2.73,-1.65,1.86,-0.04,0.71,1.29,1.7,1.63,1.73,1.36,1.19,1.36,2.54,-1.65,-0.7,0.77,-1.46,-0.79,-0.29,0.27,0.71,1.52,2.11,2.75,3.08,5.47,6.66,0.92,2.4,2.24,3.21,1.07,0.56,0.37,1.48,0.83,1.59,0.21,0.01,1.97,-2.05,9.15,5.28,3.4,1.15,1.67,7.05,7.03,1.29,5.37,5.79,6.63,6.71,7.13,6.41,5.7,4.52,3.59,0.6
2.89,2.69,3.75,4.64,6.66,6.27,4.62,3.95,2.0,2.73,3.78,2.89,2.34,1.42,0.59,0.29,-0.53,-0.8,-2.3,-2.59,-1.69,-0.88,0.64,4.72,1.15,-0.09,-3.01,-1.81,-0.6,-2.39,-1.29,0.61,1.12,1.19,0.7,0.6,0.14,-0.94,-1.07,-1.5,-1.78,-1.37,-1.27,-0.67,0.8,1.01,1.38,2.26,-1.0,5.27,4.99,4.74,3.16,2.08,0.15,-0.12,0.44,0.67,1.01,1.41,2.41,1.63,1.63,-0.27,-0.34,3.02,6.77,6.16,6.68,5.79,6.47,6.88,5.9,4.2,2.08,3.32,5.8,6.76,6.7,6.31,6.0,6.1,6.56
1.41,2.46,3.82,4.65,5.92,5.46,4.69,5.13,5.62,5.32,4.77,4.42,3.59,2.4,1.16,-0.29,-0.6,-2.52,-2.76,-3.15,-3.08,-1.92,-1.45,-0.75,-1.35,3.47,3.82,5.8,1.9,0.13,-2.15,-1.62,-3.29,-1.81,-1.09,-0.23,-1.05,-3.08,-0.1,-2.02,-4.59,-5.11,-2.38,1.05,-1.28,0.42,1.55,2.42,4.31,3.68,3.77,2.7,2.93,4.86,5.53,1.6,2.29,1.78,1.33,1.32,1.29,7.08,7.82,3.52,-1.03,-1.42,3.84,6.5,6.04,5.72,6.69,6.51,6.64,7.28,2.66,6.16,2.65,4.27,8.24,7.33,6.67,6.17,5.91
1.75,2.8,3.64,4.64,4.87,4.48,5.26,5.44,5.27,5.33,4.88,4.54,4.06,3.47,2.53,1.38,-0.89,-2.18,-2.98,-3.76,-4.4,-4.06,-3.32,-2.81,-2.38,-1.23,0.14,-0.38,0.11,0.62,-0.16,2.82,3.02,4.34,3.08,5.26,-2.04,1.97,3.23,1.96,1.01,-1.25,-2.8,2.46,-0.27,0.13,0.52,0.97,1.39,2.09,2.53,2.54,2.91,3.64,3.46,3.23,3.71,4.86,1.84,1.81,2.27,6.74,7.66,9.46,3.64,-1.61,-0.23,3.34,7.1,6.48,6.25,6.86,6.0,5.95,5.36,5.93,4.37,3.36,1.92,7.19,6.69,5.9,5.15
2.5,2.44,2.44,2.33,3.36,3.82,4.52,4.74,4.93,5.29,4.89,4.23,3.82,3.79,2.57,1.02,-0.41,-2.23,-3.73,-4.47,-5.08,-5.24,-4.92,-4.62,-3.66,-2.59,-0.78,-0.44,-0.7,-0.53,-0.71,-0.09,0.64,1.39,1.45,-0.1,2.81,2.25,-1.67,-3.33,-4.24,1.81,-0.91,-1.38,-1.63,-1.0,-0.54,-0.3,0.09,0.65,1.41,1.69,1.79,2.53,2.78,2.92,2.7,2.84,3.01,5.14,6.97,7.25,6.95,7.66,9.09,4.76,1.91,1.95,2.64,5.41,5.81,6.98,6.66,5.81,5.74,5.83,6.31,5.26,4.59,7.42,6.82,6.36,4.89
1.2,1.57,1.66,1.49,2.23,3.08,3.75,4.57,5.33,5.55,5.42,4.87,4.21,4.04,3.24,2.68,0.5,-2.46,-4.55,-5.88,-5.67,-5.14,-4.79,-5.58,-4.69,-3.23,-1.59,-0.02,-0.29,-1.07,-1.39,-0.48,0.6,1.03,1.0,0.6,0.64,0.3,-0.77,-2.55,-1.0,-2.26,-2.88,-2.99,-2.71,-2.33,-2.24,-3.57,-3.18,-2.94,-0.43,0.02,-0.03,0.01,1.11,1.93,2.1,1.81,-0.31,2.47,7.84,6.92,6.61,6.69,6.47,5.38,4.16,4.5,5.75,5.75,5.71,7.13,7.38,6.86,5.87,5.06,4.8,5.35,5.34,4.76,6.09,6.12,5.69
0.9,0.97,0.65,0.41,0.94,1.88,3.07,4.01,4.64,5.33,5.72,5.33,4.85,4.8,4.15,2.93,4.18,-0.81,-4.53,-6.56,-6.37,-6.24,-5.97,-5.13,-4.86,-3.36,-1.88,-0.96,-0.88,-1.64,-1.78,-1.36,-0.87,-0.48,-0.36,-0.19,0.06,-0.64,-1.23,-2.66,-4.23,-4.39,-3.99,-3.56,-3.65,-3.44,-2.91,2.73,-0.35,-1.91,-3.96,-3.97,-5.82,-4.89,-0.76,0.29,1.03,1.69,2.51,-0.38,3.97,7.53,7.1,6.92,6.58,5.99,5.9,6.1,6.4,6.59,6.61,7.17,7.89,7.91,7.83,6.82,5.77,5.91,6.08,5.62,5.55,5.88,5.4
2.28,1.7,0.24,-0.29,0.3,0.77,1.94,2.96,4.1,5.35,5.51,5.01,4.46,5.45,5.67,5.21,6.13,7.09,-1.29,-6.35,-7.59,-6.73,-6.56,-5.89,-4.45,-3.25,-2.15,-1.23,-1.1,-3.02,-3.64,-3.43,-2.68,-1.71,-1.21,-1.07,-0.76,-1.26,-3.17,-3.43,-4.67,-4.68,-4.51,-4.27,-4.44,-4.75,-3.65,-5.94,-2.16,-1.57,-2.48,-2.54,-1.66,0.46,-1.58,-0.27,0.61,2.05,4.34,-0.51,0.85,5.8,6.87,6.88,6.74,6.58,6.42,6.4,6.48,6.5,6.86,7.4,7.71,8.69,9.22,9.4,8.51,7.45,7.26,7.17,6.4,5.39,5.62
7.64,2.39,0.9,-0.35,-0.14,0.69,1.17,2.66,3.96,5.32,5.48,5.1,4.57,4.87,4.95,6.21,7.45,8.39,7.27,-3.95,-9.46,-7.51,-5.91,-4.64,-4.18,-3.13,-2.06,-1.35,-0.91,-2.99,-4.9,-3.88,-3.06,-2.89,-1.71,-1.39,-1.51,-1.71,-3.54,-4.05,-3.86,-3.76,-4.08,-4.6,-4.85,-4.11,-4.72,-3.27,-1.23,-1.5,-1.87,-2.27,-1.17,-1.53,-1.75,-0.62,0.94,2.26,5.29,-0.03,-0.51,1.83,6.96,6.18,5.61,5.46,5.65,5.8,5.67,5.83,6.2,6.69,6.91,7.71,8.42,8.79,9.18,9.25,8.99,8.32,7.31,6.06,4.96
6.81,6.44,2.58,0.49,0.05,0.21,0.89,2.21,3.17,4.09,4.46,5.06,4.36,5.02,5.2,6.11,7.39,8.97,9.39,4.24,-8.87,-6.92,-4.92,-3.5,-2.96,-2.8,-0.25,2.11,4.2,5.74,4.55,3.32,2.84,2.51,2.35,1.36,-1.22,-2.52,-3.45,-4.03,-3.9,-3.34,-4.36,-4.28,-4.69,-6.7,-5.27,-2.01,-2.57,-1.78,-1.13,-2.3,-2.97,-0.87,-1.28,-1.3,0.09,1.71,4.09,0.03,-0.63,0.59,2.72,5.88,5.24,4.98,4.98,5.15,5.38,5.65,5.9,5.86,6.42,6.78,7.23,7.51,7.81,7.89,8.24,8.58,8.31,7.33,6.4
6.22,5.88,6.69,3.0,1.53,0.14,0.43,1.99,3.09,3.13,3.77,4.26,4.09,4.34,5.13,5.79,6.11,7.72,7.92,6.53,4.27,-1.91,0.15,0.33,1.17,2.81,3.38,4.24,4.81,5.27,6.21,5.51,4.9,4.83,4.6,4.38,5.22,2.71,-3.03,-4.18,-4.05,-4.69,-2.59,-3.32,-5.92,-5.8,-5.11,-4.52,-3.09,-2.99,-2.32,-2.83,-3.71,-4.96,-3.26,-2.38,-1.77,0.32,2.5,0.1,-1.87,-2.34,1.14,5.28,4.72,4.5,4.59,4.85,4.86,4.74,4.81,5.4,5.92,6.42,6.87,7.35,7.75,8.16,8.33,8.35,8.25,7.2,6.3
5.98,5.4,5.13,6.44,5.65,4.65,3.77,3.17,3.26,3.46,3.07,2.89,3.11,2.97,4.37,5.55,5.45,6.1,6.68,5.86,4.04,3.79,2.3,3.26,2.96,3.37,4.13,4.76,5.31,5.59,5.7,6.56,6.75,6.81,6.32,4.79,2.9,3.07,4.74,2.95,-1.83,-3.22,-2.05,-2.5,-3.17,-4.19,-4.83,-4.45,-4.46,-4.3,-2.83,-2.15,-3.24,-5.27,-4.39,-4.59,-2.72,-1.95,-0.62,-0.19,-0.92,-1.62,-0.86,4.96,3.62,3.56,4.03,4.29,4.54,4.69,5.01,5.4,5.77,6.1,6.42,6.75,7.25,7.82,8.48,8.8,8.27,7.38,6.92
7.45,6.25,5.07,4.92,4.96,4.25,4.34,4.51,4.11,3.48,2.51,2.26,2.03,2.25,3.12,3.82,4.78,4.93,5.87,5.46,4.21,3.62,3.59,3.3,3.8,4.13,4.4,4.78,4.93,5.18,5.56,5.78,6.21,6.2,6.26,5.13,3.5,2.91,-0.7,-1.3,0.62,2.54,0.75,-0.8,-2.0,-3.33,-3.29,-4.87,-5.86,-5.7,-4.23,-2.73,-2.95,-5.49,-5.81,-2.17,-3.62,-4.43,-1.23,-1.0,-1.12,-0.31,0.68,1.51,2.92,2.81,3.02,3.43,3.58,3.99,4.55,5.07,5.56,5.97,6.4,6.94,7.29,7.56,7.97,8.75,8.92,7.35,7.92
7.87,8.4,6.72,5.38,4.45,3.84,3.79,3.62,3.86,3.29,1.56,0.23,0.72,1.59,3.31,3.36,3.79,4.1,4.42,4.36,3.74,3.3,3.09,3.09,3.27,3.49,3.81,3.97,4.16,4.54,5.2,5.77,5.84,5.63,4.43,3.45,2.31,1.36,1.49,-1.74,-3.97,-1.3,0.42,0.55,0.96,-2.9,-3.32,-4.64,-6.5,-6.24,-5.22,-4.35,-3.71,-5.91,-6.79,-6.25,-3.95,-3.52,-2.54,-1.35,-0.56,-1.33,-2.04,-2.1,2.1,2.98,3.03,3.06,3.37,3.91,4.54,5.18,5.7,6.28,6.75,6.92,7.43,7.85,8.18,8.47,9.07,6.43,6.25
8.02,7.95,7.48,5.77,4.99,4.77,3.6,3.01,2.83,2.29,1.36,-0.44,-0.24,0.65,1.09,2.06,2.53,2.75,2.75,2.97,2.58,2.32,2.15,2.48,2.81,2.93,3.34,3.71,4.26,4.76,5.44,5.77,5.39,4.5,1.3,0.31,-1.14,-2.03,-2.77,-2.68,-2.8,-2.7,-2.09,0.3,0.15,-1.12,-1.45,-4.94,-7.72,-6.76,-5.76,-5.36,-5.06,-5.78,-6.32,-6.46,-4.83,-4.11,-3.74,-1.16,0.42,-3.07,-2.51,-2.89,-2.72,0.58,3.91,3.17,3.17,3.29,3.59,4.1,4.84,5.59,6.4,7.26,7.75,8.26,8.59,8.69,9.02,10.5,1.65
