static/gfs.json
{"header": {"discipline":0,"disciplineName":"Meteorological products","gribEdition":2,"gribLength":75917,"center":7,"centerName":"US National Weather Service - NCEP(WMC)","subcenter":0,"refTime":"2017-05-22T06:00:00.000Z","significanceOfRT":1,"significanceOfRTName":"Start of forecast","productStatus":0,"productStatusName":"Operational products","productType":1,"productTypeName":"Forecast products","productDefinitionTemplate":0,"productDefinitionTemplateName":"Analysis/forecast at horizontal level/layer at a point in time","parameterCategory":2,"parameterCategoryName":"Momentum","parameterNumber":2,"parameterNumberName":"U-component_of_wind","parameterUnit":"m.s-1","genProcessType":2,"genProcessTypeName":"Forecast","forecastTime":0,"surface1Type":103,"surface1TypeName":"Specified height level above ground","surface1Value":10,"surface2Type":255,"surface2TypeName":"Missing","surface2Value":0,"gridDefinitionTemplate":0,"gridDefinitionTemplateName":"Latitude_Longitude","numberPoints":65160,"shape":6,"shapeName":"Earth spherical with radius of 6,371,229.0 m","gridUnits":"degrees","resolution":48,"winds":"true","scanMode":0,"nx":360,"ny":181,"basicAngle":0,"subDivisions":0,"lo1":0,"la1":90,"lo2":359,"la2":-90,"dx":1,"dy":1,"convert-by":"Asper","site":"https://airmap.g0v.asper.tw"}, "data":
[rows 70 to 104 of 181, columns 237 to 315 of 360]
-3.29,-2.9,-2.63,-2.04,-1.98,-1.86,-1.6,-1.38,-0.93,-0.45,0.21,1.11,1.77,2.27,2.72,3.04,2.03,1.83,-0.21,-0.57,0.47,1.16,0.29,-0.01,-1.32,-0.61,-0.19,-3.93,-8.19,-7.49,-6.5,-7.3,-7.32,-2.38,-1.59,-1.05,-7.8,-7.48,-6.98,-6.16,-6.03,-6.08,-5.99,-5.23,-3.87,-3.99,-1.01,-0.86,-1.77,-8.27,-7.92,-8.35,-7.08,-7.34,-6.96,-7.22,-6.78,-5.91,-5.44,-4.72,-4.12,-3.82,-4.02,-4.17,-4.29,-4.32,-4.36,-4.5,-4,-3.91,-3.83,-4.03,-4.28,-4.64,-5.23,-5.21,-4.99,-5.07,-5.16
-4.1,-3.98,-3.69,-3.28,-3.21,-2.91,-2.79,-2.52,-2.02,-1.54,-1.02,-0.32,0.39,1.02,1.57,1.92,1.37,1.96,2.84,-0.03,1.41,-1.59,2.02,2.07,-0.45,-0.49,0.86,-0.73,-5.98,-6.4,-7.68,-8.08,-2.9,-1.68,-0.98,-1.24,-7.96,-7.83,-7.53,-7.36,-7.04,-6.38,-6.45,-6.39,-7.21,-7.45,-7.44,-8.16,-6.49,-2.25,-1.9,-0.47,-0.58,0.81,-4.01,-7.75,-6.78,-6.62,-5.02,-3.88,-4.19,-4.35,-4.7,-4.9,-5,-4.98,-4.9,-5.21,-4.88,-4.85,-4.87,-4.7,-5.08,-5.5,-5.89,-5.9,-5.75,-5.85,-6.02
-4.94,-4.87,-4.45,-4.25,-4.06,-3.97,-3.97,-3.62,-3.03,-2.56,-2.08,-1.58,-1.08,-0.57,-0.03,0.43,0.59,1.28,2.29,3,2.6,-0.12,1.35,-0.17,0.54,-1.54,-0.4,1.43,-0.23,-0.74,-1.82,-2.59,-2.39,-2.15,-1.22,-8.56,-9.46,-9.03,-8.27,-8.04,-7.88,-6.84,-5.52,-3.94,-2.23,-1.11,0.25,-3.44,-4.94,-5.98,-5.32,-3.34,-4.63,-5.59,-5.77,-4.57,-1.56,-1.01,-4.54,-4.44,-4.79,-4.82,-5.23,-5.37,-5.75,-6,-5.89,-6,-5.97,-6.07,-6.06,-6.08,-6.1,-6.22,-6.45,-6.58,-6.47,-6.55,-6.69
-5.54,-5.25,-5.07,-4.73,-4.76,-4.76,-4.68,-4.48,-3.95,-3.43,-2.9,-2.41,-2.01,-1.67,-1.08,-0.2,0.39,0.8,1.62,2.37,2.5,2.31,2.65,-0.39,0.21,0.84,-1.03,-0.02,0.02,1.06,-0.43,-0.11,-0.5,-1.62,-1.72,-9.88,-11.03,-9.27,-8.1,-8.68,-8.31,-7.87,-7.36,-7.85,-8.66,-9.05,-8.94,-7.59,-7.37,-7.94,-8.97,-9.62,-9.33,-8.17,-7.23,-8.26,-7.7,-6.51,-5.61,-6.12,-6.37,-6.22,-6.25,-6.48,-6.5,-6.85,-7.05,-7.11,-6.91,-6.97,-6.94,-7.04,-7.04,-7.09,-7.12,-7.28,-7.17,-7.16,-7.24
-6.06,-5.41,-5.28,-5.37,-5.45,-5.13,-5.12,-4.94,-4.52,-3.91,-3.39,-2.98,-2.68,-2.35,-1.71,-0.75,0.05,0.59,1.27,1.73,1.73,1.69,1.96,1.66,2.08,-0.16,-0.2,-0.64,-2.07,-3.35,0.51,-0.95,1.16,-1.02,-0.7,-7.02,-7.12,-6.35,-4.28,-6.48,-8.36,-8.59,-7.99,-7.97,-8.3,-8.54,-8.61,-8.7,-8.8,-9.2,-9.63,-9.58,-9.27,-8.71,-7.93,-8.21,-7.55,-6.63,-6.12,-6.25,-6.21,-5.03,-7.09,-7.21,-7.38,-7.77,-7.74,-7.85,-7.65,-7.59,-7.68,-7.6,-7.54,-7.52,-7.6,-7.79,-7.79,-7.76,-7.79
-6.07,-5.83,-5.62,-5.75,-6.01,-5.48,-5.31,-5.19,-4.74,-4.06,-3.55,-3.19,-3.03,-2.78,-2.24,-1.35,-0.43,0.17,0.76,1.16,1.38,1.71,1.82,1.27,1.26,0.65,-2.51,-4.53,-4.39,-3.35,-5.37,-0.61,0.42,-0.88,0.39,0.3,-1.41,-0.69,-0.13,-0.73,-7.71,-9.1,-8.41,-8.21,-8.34,-8.8,-9.11,-9.11,-9.33,-9.6,-9.69,-9.52,-9.22,-8.88,-8.25,-8.56,-8.22,-7.94,-8.03,-8.38,-8.57,-7.96,-7.68,-7.56,-7.78,-8.05,-8.41,-8.3,-8.25,-8.28,-8.14,-8.35,-8.25,-8.28,-8.23,-8.15,-8.16,-8.17,-8.24
-5.91,-5.78,-6,-5.84,-6,-5.89,-5.47,-5.22,-4.77,-4.08,-3.52,-3.32,-3.17,-3.02,-2.85,-2.09,-1.23,-0.57,0.17,0.32,0.7,1.05,0.77,0.45,0.55,-1.23,-3.1,-5.63,-4.24,-4.02,-4.41,-5.01,-1.09,-0.95,0.18,-0.74,-0.74,-0.97,-0.27,0.05,-7.2,-8.36,-8.42,-8.57,-8.72,-8.73,-9.04,-9.51,-9.87,-10.22,-9.96,-9.54,-9.24,-8.78,-8.32,-8.62,-8.57,-8.78,-8.7,-8.74,-9.03,-9.22,-7.08,-7.87,-8.22,-8.55,-8.71,-8.87,-8.71,-8.8,-8.8,-8.91,-8.87,-8.86,-8.76,-8.78,-8.83,-8.82,-8.8
-5.87,-5.67,-5.75,-5.82,-5.55,-5.77,-5.71,-4.85,-4.33,-4,-3.61,-3.3,-3.22,-3.24,-3.1,-2.83,-2.14,-1.43,-1.07,-0.7,-0.4,-0.11,0.12,0.2,0.1,-1.85,-3.53,-4.88,-3.66,-3.17,-3.48,-3.99,-4.04,-5.25,-4.09,-1.74,-1.48,-2.14,-0.25,0.85,-6.51,-7.13,-7.64,-8.16,-8.32,-9.07,-9.18,-9.7,-10.74,-10.75,-9.88,-10.13,-9.28,-9.21,-8.26,-8.36,-8.26,-8.48,-8.87,-8.54,-8.03,-7.92,-8.46,-8.24,-8.7,-8.82,-9.05,-9.38,-9.44,-9.41,-9.36,-9.3,-9.41,-9.22,-9.01,-8.91,-9.19,-9.17,-8.97
-5.29,-5.02,-4.72,-4.9,-5.38,-5.35,-5.55,-4.72,-3.89,-3.64,-3.59,-3.27,-3.05,-3.05,-3.22,-3.46,-3.21,-2.7,-2.18,-1.7,-0.99,-0.62,-0.3,0.69,-0.43,-0.46,-1.29,-1.25,-0.25,-0.02,-0.77,-1.64,-3.54,-5.2,-6.16,-8.68,-7.83,-3.07,-1.31,-0.03,-5.97,-5.8,-6.75,-7.14,-7.79,-8.03,-8.79,-9.27,-10.21,-11.02,-8.48,-6.72,-9.33,-7,-8.88,-9.07,-9.88,-9.78,-9.37,-9.09,-8.64,-8.87,-8.29,-8.08,-8.58,-8.86,-9.58,-9.89,-9.78,-9.53,-9.55,-9.48,-9.82,-9.56,-9.56,-9.43,-9.49,-9.38,-9.09
-4.18,-3.86,-4.09,-4.59,-4.99,-5.15,-5.16,-4.53,-3.88,-3.45,-3.7,-3.72,-2.96,-3.1,-3.26,-3.6,-3.65,-3.02,-2.42,-2.06,-1.66,-0.38,-0.62,0.43,0.64,2.41,3.2,4.24,4.38,4.05,2.7,2.12,2.54,-1.63,-5.75,-7.13,-8.17,-5.94,-2.43,-0.43,-3.58,-1.51,-5.24,-5.23,-6.05,-6.7,-7.23,-7.52,-5.07,-1.45,-0.61,-1.49,-4.09,-2.74,-0.81,-9.52,-8.45,-7.62,-9.42,-6.71,-7.6,-6.76,-8.13,-8.11,-8.43,-8.84,-9.46,-9.54,-9.7,-9.77,-9.73,-9.91,-10.13,-9.89,-9.86,-9.97,-9.8,-9.43,-9.27
-4.15,-3.5,-3.92,-4.12,-4.86,-5.29,-4.94,-4.38,-4.45,-4.29,-4.1,-4.02,-3.61,-3.05,-3.12,-3.46,-3.18,-3.04,-3.04,-1.96,0.98,3.27,3.8,4.29,5.15,5.48,6.25,6.51,6.35,5.95,4.84,3.95,5.62,4.09,1.75,-0.2,-2.39,-4.78,-1.43,-1.35,1.77,0.98,1.22,-0.58,0.01,-2.14,-1.37,-1.09,0.75,-0.09,-0.82,2.15,-1.94,-1.94,-0.08,-0.17,-0.96,-0.26,-1.13,-2.67,-0.54,-5.68,-7.45,-7.8,-8.12,-8.75,-9.12,-9.62,-9.15,-9.61,-9.76,-10.08,-9.84,-10.04,-10.24,-10.07,-9.85,-9.62,-9.29
-4.43,-4.35,-4.38,-4.3,-4.55,-5.14,-5.57,-5.25,-5.01,-5.79,-4.94,-4.18,-3.62,-3.46,-2.97,-2.72,-3.34,-4.18,-0.02,3.14,3.02,2.86,4.47,4.54,5.09,5.64,6.31,6.51,5.18,6.33,6.08,5.7,5.51,4.29,4.45,0.1,-1.43,-1.81,-2.13,0.49,0.17,0.58,3.85,1.34,0.18,1.02,2.87,1.09,1.16,1.05,0.9,1.08,-0.18,0.58,-0.84,-1.41,-1.67,-2.06,-3.12,-5.23,-3.61,-0.94,-1.45,-7.87,-8.32,-8.42,-9,-9.27,-9.15,-9.25,-9.43,-9.43,-9.53,-9.33,-9.61,-9.54,-9.66,-9.42,-9.05
-4.32,-4.3,-4.55,-4.09,-5.83,-6.82,-6.16,-4.1,-3.31,-6.92,-4.86,-4.47,-3.88,-3.61,-3.87,-2.42,0.34,4.25,4.79,3.28,2.22,1.13,2.44,4.03,4.22,5.42,5.38,6.21,5.05,5.04,5.46,4.97,4.68,4.5,4.78,2.18,3.45,-0.72,-1,1.93,2.34,2.37,0.51,0.17,-0.16,0.16,0.02,0.79,0.7,1.24,-0.41,-0.73,1.07,1.31,-1.43,-0.66,-1.88,-2.9,-3.78,-4.05,-2.05,-2.08,-0.51,-0.72,-5.9,-8.5,-8.07,-8.88,-9.07,-9.15,-9.07,-9.06,-9.11,-8.75,-8.69,-8.72,-9.18,-9.31,-9.48
-4.85,-1.87,-1.03,-0.3,1.48,-1.15,1.23,0.43,0.21,4.05,-2.02,-1.63,-1.15,0.26,0.23,-0.11,1.52,2.43,3.04,1.98,1.12,0.35,1.65,2.41,2.97,3.37,3.99,4.51,3.78,3.63,4.14,3.7,4.51,2.24,2.61,4.79,5.41,2.7,2.66,1.87,2.38,2.83,3.31,1.04,1.7,-0.48,-0.08,-0.03,0.92,0.59,-0.92,2.25,1.72,-1.45,-1.09,-1.02,-1.7,-0.09,0.17,-0.12,-1.87,-2.07,-1.01,-0.43,-0.44,-8.68,-7.27,-8.49,-8.99,-8.67,-8.84,-8.79,-8.48,-8.1,-8.13,-9.2,-10.08,-9.82,-9.76
-1.75,-2.2,-0.63,-1.56,-0.71,-0.52,-1.85,-0.79,-0.49,0.15,-1.93,-1.94,-1.61,0.03,-0.06,-0.1,-0.5,0.59,0.81,0.3,-0.41,-0.04,0.65,1.31,1.78,1.99,2.6,3.04,2.47,2.47,3.23,3.08,2.42,1.72,2.13,2.78,3.63,4.76,2.46,3.93,3.65,4.51,2.59,2.68,3.04,3.79,-0.09,-0.64,1.31,-1.05,-1.35,0.63,-0.9,0.87,0.01,-0.36,-1.79,0.09,-0.28,-1.22,-0.64,-1.3,-1.6,-0.44,-0.65,-0.87,-5.04,-5.97,-5.27,-7.13,-8.22,-8.24,-7.72,-8.02,-8.61,-8.48,-9.54,-8.97,-8.54
-2.09,-0.65,-1.4,-3.09,-3.01,-2.73,-2.39,-1.86,-1.76,-1.37,-1.67,-2.47,-2.35,-2.26,-2.74,-2.09,-1.35,-0.76,-0.82,-1.49,-1.59,-1.07,-0.18,0.26,0.51,0.78,1.04,1.02,1.91,2.09,2.1,1.31,0.76,1.05,1.35,1.47,3.1,3.44,2.71,4.24,4.14,3.37,2.51,3.26,3.83,2.98,-0.4,0.34,0.16,-1.22,0.87,-1.14,-1.06,-0.68,-1.87,0.57,-1.13,-0.22,-0.53,0.27,-0.79,-0.85,-0.57,-1.36,-0.28,-0.22,-0.86,-1.1,-2.45,-1.3,-0.73,-6.39,-6.57,-7.3,-7.83,-8.38,-8.65,-8.14,-7.67
-2.57,-2.23,-1.9,-3.06,-3.32,-3.5,-3.08,-3.07,-2.63,-2.51,-2.69,-3.26,-3.85,-3.67,-3.38,-3.14,-2.67,-2.27,-2.64,-3.14,-2.88,-2.18,-1.23,-0.75,-0.58,-0.49,-0.18,0.58,0.79,1.07,1.14,0.18,-0.49,0.15,0.31,1.27,2.27,2.35,3.11,3.73,4.02,3.61,3.48,3.11,3.02,1.61,-0.58,-1.49,-0.47,1.07,0.78,-1.82,-1.12,-0.33,-0.64,-0.31,-0.55,-0.49,-0.22,0.5,-0.62,-0.14,-1.8,-0.99,-0.78,-0.48,-1.1,-0.63,-1.09,-1.14,-0.93,-0.7,-4.92,-7.21,-7.98,-8.16,-8.23,-8.09,-7.58
-3.17,-3.04,-2.82,-3.54,-3.83,-4.02,-3.82,-4.03,-3.45,-3.37,-4,-4.28,-4.69,-4.36,-4.42,-4.33,-4.03,-3.82,-3.91,-4.27,-4.01,-3.25,-2.46,-1.74,-1.4,-1.39,-1.21,-0.92,-0.15,0.43,0.68,-0.41,-1.59,-0.93,-0.06,0.62,0.89,2.2,2.9,2.78,2.86,3.31,3.88,3.17,4.78,-0.54,0.51,-0.84,-1.4,-0.94,1.35,-1.26,-0.23,0.07,-0.33,0.7,0.94,-0.07,-0.69,-1.24,-0.97,-1.39,-2.39,-2.34,-1.09,-0.76,-1.01,-0.84,-1.1,-0.96,-1.71,-0.81,-2.15,-7.1,-8.08,-8.09,-8.61,-8.01,-7.84
-3.91,-3.47,-3.64,-3.97,-4.02,-4.1,-4.37,-4.78,-4.43,-4.42,-4.69,-5.24,-5.44,-5.3,-5.32,-5.55,-5.27,-4.96,-5.05,-5.18,-4.84,-4.2,-3.42,-2.79,-2.46,-2.36,-2.14,-1.74,-1.37,-0.81,-0.54,-1.2,-2.2,-2.28,-1.39,-0.69,-0.02,0.92,1.74,2.01,2.29,2.8,3.52,3.65,3.46,-0.39,0.08,1.37,0.07,-0.24,0.94,-0.83,-0.4,0.05,-0.32,-0.1,1.03,-0.33,-0.76,-1.05,-0.69,-0.79,-0.91,-1.29,-1.02,-0.8,-0.68,-1.07,-0.98,-0.88,-1.17,-0.66,-0.93,-7.22,-8.26,-8.12,-8.58,-8.25,-8.17
-4.66,-4.09,-4.39,-4.32,-4.15,-4.03,-5.35,-5.36,-5.29,-5.1,-5.41,-5.86,-5.7,-5.77,-6.11,-6.2,-5.65,-5.89,-5.9,-5.77,-5.65,-4.86,-4.15,-3.61,-3.51,-2.88,-2.91,-2.69,-2.28,-1.56,-1.36,0.48,-3.35,-3.14,-2.3,-1.86,-1.12,-0.44,0.21,0.95,1.6,2.79,3.63,3.78,0.8,-1.77,0.75,0.67,-0.13,-0.37,0.11,0.15,0.38,0.49,0.49,0.57,0.88,-1.42,-1.08,-0.64,-0.57,-0.43,-0.97,-0.96,-1.07,-0.44,-1.09,-1.17,-1.24,-1.12,-1.21,-0.87,-0.78,-4.59,-8.72,-8.48,-8.88,-8.72,-8.44
-4.66,-4.24,-4.24,-4.35,-4.26,-3.9,-6.17,-5.83,-5.75,-5.8,-5.68,-5.83,-5.4,-5.54,-5.67,-5.37,-5.94,-6.3,-6.36,-6.38,-6.06,-5.29,-4.51,-3.89,-3.65,-3.49,-3.58,-3.1,-2.65,-2.15,-1.23,-1.2,-1.79,-2.06,-2.37,-2.62,-2.02,-1.28,-0.83,0.04,1.04,3.03,3.74,1.42,-0.16,-1.33,1.21,-1.04,-0.03,-0.76,-0.14,0.76,0.96,0.73,0.8,0.29,-0.56,-1.08,-0.76,-1.02,-1.04,-0.39,-0.51,-0.99,-0.79,-1.36,-1.07,-1.32,-1.43,-1.05,-0.95,-0.61,-3.28,-4.21,-8.95,-9.09,-9.5,-9.48,-9.39
-4.71,-4.29,-3.95,-3.92,-4.29,-4.74,-6.66,-6.21,-6.14,-6.25,-5.87,-5.59,-5.17,-5.28,-5.46,-6.12,-6.66,-7.01,-7.02,-6.84,-6.36,-5.56,-4.8,-4.35,-4.2,-4.17,-3.98,-3.47,-2.93,-3.17,-2.83,-3.41,-1.77,-2.96,-2.58,-2.79,-2.49,-2.03,-1.24,-0.27,0.81,2.61,2.87,0.88,-2.9,2.4,0.56,-0.94,-0.48,-0.29,0.68,0.68,0.73,0.18,-0.23,-0.3,-0.85,-0.78,-0.89,-1.01,-0.81,-0.66,-0.73,-1,-1.11,-1.14,-1.06,-1.08,-1,-1.13,-1.02,-0.3,-1.07,-1,-1.62,-1.1,-1.3,-8.31,-9.36
-5.23,-4.84,-4.62,-4.53,-5.15,-6.16,-6.75,-6.56,-6.76,-6.82,-6.61,-5.95,-6.09,-5.87,-6.41,-6.88,-7.56,-7.61,-7.44,-7.33,-6.82,-6.34,-6.32,-5.48,-5.25,-4.94,-4.82,-4.51,-4.34,-4.08,-3.77,-3.92,-3.97,-3.83,-3.78,-3,-2.58,-2.59,-1.74,-1.09,0.14,1.85,2.77,0.89,-1.96,2.35,-0.86,-0.46,-0.55,-0.17,0.63,0.95,0.2,-0.26,-0.62,-0.4,-0.45,-0.52,-0.47,-0.94,-0.58,-0.7,-0.78,-1.03,-1.08,-1.32,-1.2,-1.92,-1.05,-1.82,-0.85,-0.61,-0.31,-0.97,-1.16,-0.93,-1.06,-1.05,-1.28
-6.02,-6.11,-5.96,-5.95,-6.42,-6.67,-6.73,-6.85,-7.15,-7.42,-7.33,-7.14,-7.17,-7.23,-7.4,-7.69,-7.94,-7.84,-7.87,-7.65,-7.25,-7.04,-6.88,-6.51,-6.21,-6.07,-5.75,-5.43,-5.17,-4.89,-4.71,-4.11,-4.76,-4.38,-4.04,-3.69,-3.58,-3.02,-2.37,-1.9,-0.96,0.81,3.46,2.76,-0.32,1.62,-0.24,-0.85,-0.79,-0.07,0.64,0.9,1.22,0.15,-0.78,-0.83,-0.47,0.05,0.38,-1.02,-0.61,-0.88,-1.1,-0.99,-0.86,-1.23,-1.1,-1.1,-1.07,-1.01,-1.01,-0.48,-0.42,-0.63,-0.71,-0.73,-0.75,-0.82,-1.09
-7.41,-7.03,-6.85,-6.68,-6.8,-6.78,-6.82,-6.98,-7.27,-7.55,-7.77,-8,-8.04,-7.59,-7.85,-7.89,-8.26,-8.27,-8.1,-8,-7.9,-7.87,-7.44,-7.03,-6.99,-6.72,-6.67,-6.28,-5.99,-5.94,-5.43,-4.95,-4.66,-4.69,-4.46,-3.42,-4.1,-3.29,-3,-2.81,-2.19,-1.44,-0.01,-0.49,0.17,1.45,1.05,-0.45,-0.5,-0.27,0.65,0.95,1.26,-0.49,-0.74,-0.78,-0.62,-0.32,-0.04,-0.97,-0.01,-1.3,-0.97,-0.87,-0.89,-0.98,-0.48,-0.71,-1.01,-1.07,-0.51,-0.49,-0.64,-0.57,-0.75,-0.85,-0.79,-0.61,-0.68
-8.08,-7.51,-7.06,-6.9,-6.79,-6.83,-7.15,-7.39,-7.91,-8.06,-8.41,-8.71,-8.34,-8.12,-8,-8.05,-8.3,-8.64,-8.81,-8.81,-8.6,-8.64,-8.25,-7.87,-7.59,-7.31,-7.02,-6.79,-6.61,-6.39,-5.98,-5.12,-4.61,-4.53,-4.84,-4.37,-4.19,-3.97,-3.81,-3.67,-3.38,-3.21,-1.59,-0.4,1.5,0.1,1.03,0.14,-0.48,-0.64,0.31,0.73,0.91,-0.12,-0.92,-0.67,-0.57,-0.7,-0.3,-0.77,-0.27,-1.17,-0.9,-0.7,-0.96,-0.99,-0.58,-0.35,-1.01,-0.78,-0.88,-0.97,-0.9,-0.72,-0.86,-0.88,-0.62,-0.62,-0.52
-8.38,-7.59,-7.16,-7.06,-7.22,-7.78,-8.1,-8.26,-8.78,-8.66,-8.9,-8.79,-8.26,-8.15,-8.15,-8.23,-8.28,-8.73,-9.07,-9.24,-9.13,-9.15,-9.03,-8.62,-8.13,-7.72,-7.41,-7.01,-6.98,-6.76,-6.56,-5.75,-5.18,-4.69,-4.65,-5.1,-4.81,-4.78,-4.64,-4.03,-3.68,-3.26,-2.09,1.51,-0.19,1.07,1.08,0.92,-0.18,-0.99,0.06,0.7,0.31,0.69,-0.97,-0.82,-0.65,-0.6,-0.32,-1.04,-0.97,-0.94,-0.83,-0.62,-0.8,-0.66,-0.43,-0.76,-0.07,-1.09,-0.89,-1.08,-0.24,-0.76,-0.51,-1.42,-1.44,-1.34,-1.78
-8.17,-7.57,-7.58,-7.61,-7.91,-8.5,-8.73,-9.2,-9.03,-9.09,-9.01,-8.74,-8.23,-8.2,-8.15,-8.06,-8.39,-8.9,-9.7,-9.98,-9.47,-9.38,-9.29,-9.01,-8.52,-7.8,-7.82,-7.91,-7.4,-6.87,-6.33,-6.37,-5.76,-5.62,-5.21,-4.66,-4.88,-5.48,-5.05,-4.26,-3.31,-2.92,-1.97,-2.16,-1.46,0.35,0.85,1,0,-0.93,-0.26,0.5,0.26,0.52,-0.54,-0.56,-0.47,-0.39,0.07,-1.09,-0.83,-0.85,-0.54,-0.33,-0.89,-1.01,-0.46,-1.06,-0.73,-0.16,-0.97,-0.91,-0.55,-0.95,-1.06,-1.51,-2.12,-1.78,-1.83
-7.62,-7.43,-7.68,-8.2,-8.84,-8.89,-9.09,-9.24,-9.22,-9.36,-8.82,-8.9,-8.63,-8.46,-8.36,-8.55,-9.19,-9.67,-10.12,-10.11,-9.66,-9.48,-9.32,-8.92,-8.83,-8.16,-7.95,-7.98,-7.75,-7.34,-7.2,-6.32,-6.35,-6.17,-5.86,-5.35,-5.13,-5.36,-5.2,-4.63,-3.74,-3.12,-1.99,-1.26,0.15,-1.69,1.84,1.14,0.5,-0.89,-0.56,0.38,0.08,0.19,-0.53,-0.46,0.05,-0.03,0.17,-0.68,-0.73,-0.6,-0.36,0.07,-0.7,-0.6,-1.36,-1.02,-0.71,-0.75,-0.53,-1.01,-1.1,-0.58,-1.4,-1.73,-1.91,-1.74,-2.4
-7.52,-7.37,-7.68,-8.43,-8.54,-9.07,-8.8,-9.39,-9.23,-9.19,-9.24,-9.21,-9.02,-8.63,-8.72,-9.04,-9.46,-10.22,-10.05,-10.2,-9.36,-9.12,-9.29,-9.19,-9,-8.46,-8.21,-8.23,-8.05,-7.7,-7.31,-7.16,-6.81,-6.27,-5.96,-5.85,-5.64,-5.38,-5.63,-4.92,-4.19,-3.08,-2.3,-1.82,-2.48,0.5,0.18,-0.11,0.18,-0.53,-0.52,-0.57,-0.42,-0.24,-0.32,-0.09,0.25,-0.04,0.09,-0.73,-0.68,-0.92,-0.67,-0.08,-1.1,-1.07,-1.14,-1.19,-1.04,-0.56,-1.16,-0.98,-1.24,-0.45,-1.88,-1.84,-3.11,-1.75,-2.29
-7.63,-7.85,-7.85,-8.63,-8.81,-8.84,-8.98,-9.27,-9.31,-9.23,-9.64,-9.54,-9.3,-9.08,-9.2,-9.41,-9.72,-10.2,-10,-9.85,-9.68,-9.58,-9.68,-9.53,-9.34,-9.03,-8.79,-8.47,-8.41,-8.12,-7.72,-7.37,-7.02,-6.62,-6.32,-6.03,-5.9,-5.71,-5.6,-5.31,-4.53,-3.27,-2.3,-1.75,-1.87,0.38,-1.6,-0.81,-0.47,0.25,0,0.31,0.21,0.24,0.18,-0.07,0.12,-0.35,-0.19,-0.36,-0.55,-0.98,-0.55,-0.78,-1.13,-1.16,-0.67,-0.91,-1.12,-0.74,-0.52,-0.84,-0.51,-1.44,-1.27,-1.75,-2.28,-2.74,-1.88
-8.4,-8.07,-8.31,-8.55,-8.62,-9.21,-9.38,-9.47,-9.39,-9.67,-9.85,-9.67,-9.42,-9.24,-9.51,-9.71,-9.98,-9.96,-9.76,-9.64,-9.86,-9.92,-9.82,-9.87,-9.58,-9.28,-9.06,-8.78,-8.64,-8.43,-8.17,-7.7,-7.28,-6.7,-6.38,-6.13,-5.95,-5.55,-5.76,-5.64,-5.02,-3.68,-2.86,-2.01,-1.45,-1.04,-0.97,1.23,0.03,1.21,1.07,0.47,0.41,0.31,0.47,0.22,-0.35,-0.54,-0.73,-0.58,0.08,-0.56,-0.65,-0.74,-1.02,-0.97,-1.12,-0.97,-0.94,-0.81,-0.92,-0.85,-0.71,-1.11,-1.56,-2.36,-2.81,-2.37,-1.7
-8.27,-8.22,-8.47,-8.55,-9,-9.49,-9.49,-9.43,-9.51,-9.87,-10.43,-10.42,-9.68,-9.4,-9.53,-9.91,-9.98,-9.91,-9.74,-9.88,-10.06,-10.11,-10.12,-10,-9.58,-9.43,-9.21,-9.01,-8.82,-8.57,-8.26,-7.91,-7.19,-6.76,-6.65,-6.31,-6,-5.43,-5.39,-5.65,-5.43,-4.49,-3.47,-2.47,-1.38,-0.23,0.63,0.11,0.29,0.01,-0.14,0.99,0.92,0.56,0.35,0.24,-0.03,-0.69,-0.51,0.05,-0.21,-0.56,-0.84,-0.94,-0.92,-0.95,-1.05,-0.77,-1.06,-0.81,-1.07,-1.25,-0.8,-0.55,-1.58,-1.82,-1.87,-2.34,-1.27
-7.99,-8.31,-8.57,-8.86,-9.51,-9.64,-9.82,-9.87,-9.91,-10.65,-10.81,-9.96,-9.76,-9.57,-9.75,-10.14,-10,-9.99,-10.05,-10.04,-10.26,-10.36,-10.19,-10.09,-9.8,-9.54,-9.56,-9.28,-8.92,-8.71,-8.28,-7.8,-7.25,-6.74,-6.38,-6.08,-5.8,-5.69,-5,-5.42,-5.79,-5.17,-3.81,-2.88,-2.1,-1.17,0.01,-0.24,0.75,-0.56,-1.3,1.36,-0.01,0.8,1.05,0.78,0.18,-0.91,-0.53,-0.21,0.23,-0.67,-1.12,-1.11,-1,-1.1,-1,-1.1,-0.97,-0.92,-1.13,-1.56,-0.93,-1.69,-1.04,-1.21,-1.67,-2.24,-1.86
-7.92,-8.38,-8.91,-9.28,-9.51,-10.03,-10.26,-10.21,-10.49,-10.75,-10.54,-10.37,-10.07,-10.06,-10.03,-10.16,-10.21,-10.29,-10.31,-10.37,-10.32,-10.19,-9.91,-9.63,-9.52,-9.49,-9.47,-9.18,-8.75,-8.5,-8.13,-7.57,-7.05,-6.68,-6.41,-5.92,-5.51,-5.37,-5.21,-5.07,-5.65,-5.84,-5.02,-3.96,-2.77,-2.56,-2.25,1.08,1,-1.12,-0.52,0.13,-0.59,0.05,1.37,1.52,-1.72,-1.1,-0.35,-0.22,-0.31,0.13,-1.07,-0.97,-1.21,-1.25,-0.91,-1.41,-1.46,-1.52,-1.12,-0.98,-1.16,-1.6,-0.41,-1.69,0.58,-2.66,-1.95
