static/gfs.json
{"header": {"discipline":0,"disciplineName":"Meteorological products","gribEdition":2,"gribLength":75841,"center":7,"centerName":"US National Weather Service - NCEP(WMC)","subcenter":0,"refTime":"2017-03-02T12:00:00.000Z","significanceOfRT":1,"significanceOfRTName":"Start of forecast","productStatus":0,"productStatusName":"Operational products","productType":1,"productTypeName":"Forecast products","productDefinitionTemplate":0,"productDefinitionTemplateName":"Analysis/forecast at horizontal level/layer at a point in time","parameterCategory":2,"parameterCategoryName":"Momentum","parameterNumber":3,"parameterNumberName":"V-component_of_wind","parameterUnit":"m.s-1","genProcessType":2,"genProcessTypeName":"Forecast","forecastTime":0,"surface1Type":103,"surface1TypeName":"Specified height level above ground","surface1Value":10,"surface2Type":255,"surface2TypeName":"Missing","surface2Value":0,"gridDefinitionTemplate":0,"gridDefinitionTemplateName":"Latitude_Longitude","numberPoints":65160,"shape":6,"shapeName":"Earth spherical with radius of 6,371,229.0 m","gridUnits":"degrees","resolution":48,"winds":"true","scanMode":0,"nx":360,"ny":181,"basicAngle":0,"subDivisions":0,"lo1":0,"la1":90,"lo2":359,"la2":-90,"dx":1,"dy":1,"convert-by":"Asper","site":"https://airmap.g0v.asper.tw"}, "data":
[rows 72 to 107 of 181, columns 80 to 159 of 360]
1.53,1.15,0.39,2.09,6.93,4.22,1.68,0.12,-1.21,-1.97,-2.9,-3.37,-3.55,-3.43,-3.5,0.5,1.11,0.82,0.5,2.03,0.73,0.61,0.96,0.92,-0.3,-1.51,-0.44,-2.7,0.08,0.4,-5.77,-4.39,-3.98,-4.66,-6.25,-7.44,-8.17,-8.63,-8.38,-9.93,-10.95,-0.18,-0.65,-5.99,-6.95,-7.46,-8.05,-8.37,-8.7,-9.3,-9.13,-8.62,-8.08,-7.48,-7.16,-6.56,-5.07,-2.81,-1.23,-0.45,0.12,0.68,0.42,0.67,0.43,0.19,-0.29,0.2,-0.07,0.22,0.46,0.19,-0.26,-0.8,-1.28,-1.93,-2.55,-3.36,-4.18,-4.87
0.45,3.99,4.07,4.94,2.05,0.33,-0.77,-1.63,-2.41,-3.18,-3.69,-3.93,-4.33,-4.7,-5.62,-2.09,4.59,4.19,0.31,1.13,1.24,0.57,-0.21,-2.43,0.69,-0.77,-0.74,-1.05,0.74,-2.83,-5.14,-5.26,-4.71,-5.41,-6.93,-7.86,-8.84,-8.92,-9.31,-10.37,-9,0.5,-0.49,-4.31,-5.69,-5.82,-6.52,-7.49,-7.72,-7.88,-7.89,-7.05,-6.2,-5.94,-5.86,-5.47,-4.22,-3.11,-2.53,-1.9,-1.45,-1.16,-0.06,-0.21,0.06,0.36,0.94,0.48,-0.14,-0.54,-0.97,-1.42,-1.72,-1.99,-2.21,-2.41,-2.75,-3.15,-3.51,-3.95
4.34,3.08,2.81,0.1,-1.38,-2.15,-2.27,-2.48,-3.02,-3.36,-3.51,-3.7,-4.09,-4.33,-5.56,3.37,3.34,-0.4,0.13,0.62,2.51,0.38,-2.44,-1.56,-1.36,-2.31,-1.73,-0.82,-0.32,-4,-5.83,-6.13,-6.29,-6.92,-7.5,-8.26,-8.88,-9.33,-9.56,-8.75,-3.14,-1.57,-5.28,-5.48,-6.22,-6.24,-6.2,-6.66,-6.56,-6.6,-6.13,-5.59,-5.47,-5.76,-5.72,-5.12,-4.36,-4.3,-3.83,-2.5,-1.83,-0.65,-0.07,1.12,1.31,1.33,0.89,0.55,0,-0.82,-1.54,-1.96,-1.97,-1.9,-2.22,-2.74,-3.1,-3.59,-4.13,-4.53
1.73,0.84,-0.78,-2.1,-2.79,-2.89,-3.01,-3.33,-3.64,-3.86,-3.69,-3.49,-3.59,-3.8,-2.75,0.77,-0.45,-2.1,0.22,-0.54,-1.69,-1.19,-1.35,-1.33,-1.22,-2.41,-1.07,-1.43,-2.02,-3.84,-6.99,-7.37,-7.61,-7.73,-8.18,-8.62,-9.17,-9.44,-9.46,-8.55,-2.53,-0.16,-4.02,-5.58,-5.1,-5.94,-5.79,-6.14,-5.18,-5.56,-5.28,-5.38,-5.6,-5.51,-5.09,-4.77,-4.92,-5.09,-3.79,-2.71,-2.29,-1.8,-0.23,0.75,1.13,0.92,0.79,0.56,-0.04,-0.5,-1.04,-1.79,-2.4,-3,-3.19,-3.25,-3.58,-3.95,-4.28,-4.8
1,-0.93,-2.25,-2.99,-3.29,-3.73,-3.85,-3.84,-3.78,-3.68,-3.58,-3.59,-3.59,-3.33,-2.9,-2.33,-2.92,-2.87,-2.58,-1.88,-2.16,-2.04,-1.71,-2.18,-1.75,-1.25,0.79,2.72,-0.51,-0.64,-7.76,-8.22,-8.36,-8.59,-8.97,-9.25,-9.46,-9.67,-9.9,-9.02,-4.57,-0.66,-6.04,-1.8,-4.61,-5.58,-5.51,-5,-4.06,-3.95,-4.09,-4.98,-5.2,-5.11,-5.41,-6.03,-5.88,-5.07,-3.81,-3.28,-3.25,-2.27,-0.15,0.4,0.51,0.35,-0.12,-0.07,0.29,0.04,-0.54,-1.08,-1.69,-2.09,-2.45,-2.97,-3.61,-4.03,-4.54,-4.96
-0.56,-2.11,-2.86,-3.37,-3.77,-3.78,-3.6,-3.5,-3.61,-3.77,-3.9,-4.11,-5.22,-3.06,-3.75,-3.75,-3.7,-3.55,-2.37,0.06,2.44,1.68,-0.42,1.87,-1.73,-1.47,0.73,0.33,-0.16,0.07,-8.59,-8.71,-8.85,-9.37,-9.64,-9.84,-9.93,-10.06,-10.17,-9.05,-8.14,-0.87,-6.33,-5.62,-3.84,-5.68,-5.43,-4.98,-4.69,-4.78,-4.8,-4.87,-5.28,-5.69,-6.58,-7.15,-5.62,-4.02,-3.6,-3.16,-2.28,-0.73,-0.42,-0.45,-0.14,-0.3,-0.65,-0.91,-1.14,-1.14,-0.97,-1.11,-1.37,-1.63,-1.91,-2.31,-2.86,-3.35,-3.93,-4.54
-2.77,-3.55,-4.25,-4.67,-4.45,-3.66,-3.31,-3.56,-3.88,-4.49,-4.7,-5.14,-6.72,-2.71,-3.89,-3.61,-3.63,-4.14,-3.02,0.82,0.54,3.61,2.83,-2.37,-2.03,-1.47,-4.14,-2.65,-1.75,-2.6,-10.19,-9.44,-9.49,-9.67,-9.73,-9.91,-10.11,-10.17,-10.19,-7.56,0.55,-3.24,-5.24,-5.84,-6.1,-1.51,-5.68,-5.07,-4.79,-4.69,-5.12,-5.91,-6.5,-6.38,-6.13,-5.02,-4.32,-4.17,-3.53,-3.19,0.35,-0.92,-1.75,-1.33,-1.11,-1.04,-0.87,-1.11,-1.27,-1.74,-2.03,-2.42,-2.51,-2.4,-2.68,-3.11,-3.52,-4.14,-4.64,-5.14
-4.76,-4.59,-3.91,-4.62,-4.4,-4.28,-2.99,-3.9,-5.24,-5.72,-5.15,-4.62,-2.88,-4.3,-4.07,-3.8,-3.79,-4.79,-3.93,0.49,-0.98,3.38,2.1,0.77,-1.15,-0.25,3.97,3.37,0.27,-12.38,-11.24,-10.41,-10.11,-10.18,-10.14,-10.15,-10.34,-10.02,-8.78,-5.39,-5.07,-7.68,-3.75,-5.05,-2.73,-2.58,-5.48,-5.28,-5.2,-5.5,-5.81,-6.34,-6.56,-6.37,-5.96,-5.23,-3.87,-4.06,-3.21,-0.9,-1.43,-0.27,-0.96,-0.87,-1.43,-1.9,-1.46,-1.16,-1.19,-1.7,-1.86,-1.94,-2.02,-2.22,-2.46,-3.21,-3.93,-4.38,-4.74,-4.54
-5.06,-3.87,-5.04,-3.77,-1.49,-2.23,-3.66,-5.41,-4.83,-4.02,-3.52,-2.6,-2.47,-2.88,-3.1,-3.58,-4.72,-5.28,-4.96,-0.14,1.53,1.92,1.77,2.03,1.15,2.12,1.34,-2.48,-7.06,-11.42,-11.48,-10.93,-11.16,-11.08,-11.22,-10.8,-10.17,-9.35,-8.85,-1.16,-6.26,-6.7,-8.36,-1.21,-4.4,-5.08,-4.32,-5.31,-5.69,-5.69,-6.13,-6.07,-6.14,-5.95,-5.21,-4.17,-4.11,-4.69,-2.93,-0.59,0.33,-0.7,-0.36,-0.91,-0.89,-1.39,-1.23,-1.41,-1.75,-1.95,-1.89,-1.62,-1.59,-1.89,-2.73,-3.49,-4,-4.29,-4.28,-4.05
-2.98,-3.71,-4.77,-4.1,-3.69,-3.84,-4.15,-3.26,-1.26,-1.28,-1.22,-0.94,-1.3,-2.14,-2.05,-2.54,-2.93,-3.17,-2.46,-2.77,2.53,1.36,0.14,-0.06,0.8,0.06,-2.62,-4.46,-8.68,-10.18,-10.95,-10.88,-9.71,-9.64,-9.08,-9.2,-8.62,-8.23,-1,-5.76,-5.99,-5.67,-4.4,-1.63,-6.31,-3.54,-1.12,-6.43,-6.33,-6.03,-5.59,-5.39,-5.13,-5.03,-5.13,-4.05,-3.94,-3.48,1.52,1.2,-0.38,-0.16,-0.23,-0.89,-0.98,-0.57,-1.04,-0.97,-1.7,-1.81,-2.09,-2.49,-2.47,-2.31,-2.15,-2.83,-3.66,-3.97,-4.4,-4.7
-2.33,-0.14,-4.65,-4.75,-4.83,-4.25,-2.36,-0.03,0.56,0.54,-0.62,-1.28,-1.6,-1.23,-1.8,-2.14,-2.32,-2.86,-3.13,-1.26,-0.62,1.28,0.04,-1.36,-1.6,-3.24,-5.03,-7.07,-8.73,-9.21,-9.19,-8.98,-8.71,-8.87,-8.74,-7.74,-6.65,-4.45,-4.98,-4.86,-5.93,-4.89,-5.37,-1.31,-1.39,-1.01,-0.35,-5.73,-6.05,-6.33,-5.9,-4.94,-4.85,-4.62,-4.83,-4.34,-3.43,-1.22,0.4,0.92,0.31,-2.33,-0.74,-0.18,-0.21,-0.35,-1.01,-1.4,-1.15,-1.57,-2.16,-2.68,-3.01,-3.02,-2.98,-2.68,-2.97,-3.42,-3.49,-4.05
0.21,-1.33,-6.43,-6.28,-5.87,-3.84,-2.28,0.55,1.07,0.62,0.35,-1.66,-2.35,-2.18,-1.3,-2.19,-1.77,-1.79,-1.87,-4.04,-1.39,1.09,0.04,-1.56,-3.75,-5.43,-6.88,-7.72,-8.25,-7.95,-7.68,-7.98,-7.31,-6.78,-6.59,-6.87,-5.73,-1.35,-3.73,-6.05,-6.06,-6.95,-1.62,1.65,-0.42,0.03,-1.92,-8.34,-6.18,-5.76,-5.37,-4.62,-4.12,-4.4,-4.02,-3.04,-2.42,-1.94,1.39,0.69,0.56,0.51,0.1,-0.02,0.46,-0.42,-1.06,-1.81,-1.84,-1.35,-2.39,-2.99,-3.05,-3,-2.86,-3.24,-3.24,-3.07,-3.01,-3.6
2.91,-5.08,-8.39,-6.23,-5.46,-5.35,-2.79,0.56,1.28,0.72,-0.39,-1.39,-1.59,-1.57,-2.33,-1.65,-1.05,-2.04,-3.01,-1.54,0.25,-0.64,0.65,-3.16,-5.1,-6.54,-7.44,-7.89,-7.68,-7.25,-6.77,-6.6,-6.1,-6.1,-5.95,-6.23,-6.31,-0.96,-2.85,-5.93,-6.35,-3.91,-2.09,-0.35,-2.87,0.7,-5.01,-8.22,-5.81,-4.57,-3.68,-4.47,-4.23,-3.69,-2.75,-1.98,-2.64,-3.66,-0.79,1.43,2.56,3.05,3.59,1.56,0.65,-0.11,-0.53,-1.18,-2.09,-2.8,-2.6,-2.76,-2.98,-3.29,-3.83,-4.14,-4.08,-4.29,-4.57,-4.47
0.21,-4.49,-6.13,-5.63,-5.38,-5.06,-3.9,-0.57,1.11,0.44,0.27,-1.34,-2.23,-2.3,-3.7,-2.49,-1.2,-0.51,-2.25,-0.75,1.09,-0.6,-0.55,-1.08,-6.37,-7.29,-7.93,-8.1,-7.03,-6.93,-6.53,-6.03,-5.4,-5.12,-5.09,-2.6,-0.05,-0.46,-1.37,-4.95,-5.65,-5.79,-3.49,-1.19,0.65,1.95,-6.39,-8.15,-5.87,-4.63,-4.31,-2.77,-2.61,-3.33,-1.29,-0.87,-2.11,-3.7,-1.92,3.62,5.62,4.55,3.83,2.32,1.01,-0.01,-0.05,-0.72,-1.47,-2.24,-2.78,-2.9,-3.23,-3.84,-4.37,-4.56,-5.1,-5.1,-5.11,-4.94
-0.62,-3.36,-5.04,-5.35,-5.06,-4.46,-3.55,-1.77,-0.5,-0.86,-0.31,-0.77,-1.38,-2.92,-2.99,-2.25,-0.87,-0.21,-1.1,-2.82,0.57,0.41,0.57,-1.29,-7.09,-7.22,-7.36,-7.61,-4.11,-7.13,-6.64,-4.72,-2.46,-1.48,-0.54,-0.63,-0.2,-0.53,-3.86,-7.16,-6.67,-6.5,-3.46,-0.08,0.39,-0.24,-4.85,-4.1,-4.64,-4.39,-2.84,-3.02,-1.54,-0.44,-0.43,0.13,-1.51,-2.72,-1.31,1.42,4.32,4.21,3.95,3.1,1.41,1.03,0.97,-0.56,-0.87,-1.68,-2.36,-3.1,-4.09,-4.61,-4.8,-5.13,-5.29,-5.96,-6.66,-6.32
-0.52,-2.23,-3.69,-4.5,-4.66,-4.14,-3.4,-2.36,-1.68,-1.7,-1.89,-1.19,-1.32,-3.03,-3,-2.32,-2.14,-3.73,0.56,-0.04,-0.58,-2.6,-0.82,-0.93,-6.81,-7.25,-7.86,-7.19,-6.96,-6.51,-6.67,0.43,-2.25,-0.55,-1.6,-0.63,-0.46,0.34,-1.53,-5.6,-5.45,-5.05,-2.65,-0.5,-0.21,-2.63,-5.54,-4.38,-3.75,-3.92,-3.79,-2.85,-2.25,-1.87,-1.28,-0.56,-0.61,-0.61,0.09,1.18,3.42,3.75,3.39,3.15,2.62,1.25,1.13,0.24,-0.85,-2.47,-2.89,-3.79,-3.57,-4.08,-4.73,-5.26,-5.38,-5.29,-5.23,-4.66
-1.71,-2.71,-3.33,-4.02,-4.31,-4.32,-4.04,-3.23,-2.37,-2.14,-2.09,-2.21,-2.04,-1.72,-1.71,-1.6,-0.55,0.17,-3.75,-0.48,-0.78,-0.6,-6.21,-1.24,-3.13,-7.47,-7.61,-7.58,-7.33,-5.95,-5.1,0.04,0.16,-1.34,-0.74,0.4,0.39,1.05,-1.33,-3.9,-4.29,-3.69,-2.2,-1.07,-1.47,-2.18,-4.57,-4.1,-1.64,-2.85,-4.38,-3.37,-3.19,-2.63,-1.96,-1.34,-0.77,0.22,1.26,2.44,3.11,2.94,3.03,2.8,2.45,1.5,0.82,0.64,-0.12,-1.1,-2.7,-4.09,-4.62,-4.45,-5.11,-5.16,-5.14,-5.25,-4.53,-1.84
-1.32,-2.51,-3.05,-3.54,-4.15,-3.72,-3.45,-2.98,-2.39,-2.27,-2.62,-2.95,-2.63,-2.23,-1.78,-1.49,-1.18,-0.49,-0.31,1.48,0.52,-0.36,-0.79,-0.91,-3.53,-8.28,-8.34,-7.49,-5.95,-0.47,-0.59,-0.02,-0.01,0.82,-0.26,-0.13,-0.44,1.02,-1.2,-3.3,-2.98,-0.33,-0.37,-1.01,2.84,-3.21,-6.78,-5.36,-0.61,-4.63,-4.83,-3.51,-3.36,-2.74,-2.6,-1.69,-0.91,0.17,1.36,2.14,2.7,2.47,2.48,2.05,1.7,1.79,1.34,1.13,0.86,-0.19,-1.65,-3.11,-4,-5.09,-5.18,-5.53,-5.13,-4.44,-3.06,-2.48
-0.55,-1.16,-2.56,-3.03,-3.06,-3.26,-3.18,-3.03,-3.03,-2.89,-2.97,-3.34,-3.49,-3.16,-2.87,-2.3,-1.72,-0.34,0.68,0.62,0.29,-0.63,-0.53,-0.52,-5.66,-6.69,-7.72,-3.32,-2.73,0.17,0.05,0.57,-0.76,-0.64,0.55,0.53,0.86,0.54,-1,-6.12,-0.7,2.78,2.74,-5.67,-0.88,1.1,-4.91,-4.55,-1.66,-0.74,-2.95,-1.84,-1.75,-1.94,-3.45,-2.31,-1.52,0.13,0.62,1.29,1.93,2.01,1.24,1.62,0.69,0.55,0.5,0.27,0.3,0.01,-0.93,-1.92,-2.37,-2.89,-3.84,-3.35,-2.59,-2.41,-2.71,-3
-0.13,-0.56,-1.63,-2.6,-2.97,-3.29,-3.8,-3.94,-3.67,-3.83,-4.09,-4.17,-4.34,-3.82,-3.56,-3.12,-2.43,-1.18,-0.8,-0.56,2.07,-0.09,-1.02,-0.72,-4.56,-5.36,-5.36,-4.42,-2.99,-0.4,-0.85,-0.78,-0.73,-0.65,0.07,0.88,0.56,0.23,-1.91,-4.81,0.98,3.2,0.59,-2.32,-0.24,-1.25,-1.52,-4.02,-0.74,0.31,-2.51,-0.68,-0.98,0.26,-1.12,-2.21,-0.87,-1.22,-1.17,-0.12,0.09,0.53,0.43,0.46,0.5,-0.03,-0.14,-0.82,-0.95,-0.69,-0.81,-1.48,-2.33,-2.09,-2.02,-2.04,-1.41,-1.12,-2.68,-2.9
0.1,-0.43,-0.73,-1.5,-2.29,-2.52,-2.05,-2.67,-3.84,-4.48,-4.91,-4.8,-4.54,-3.92,-3.77,-3.74,-2.7,-1.94,-1.32,-1.02,0.78,0.74,-0.68,-1.15,-1.04,-6.13,-1.69,-4.93,-3.48,-2.4,-0.51,-0.95,-0.98,-0.76,-0.87,-0.6,-0.1,-1.05,-2.36,-2.86,-0.49,-0.12,0.4,1.26,1.4,0,-0.47,-2.25,-2.21,-2.44,-1.06,-3.45,-2.66,-0.78,-0.78,-7.11,-3.43,-2.06,-0.24,-0.9,-0.56,-1.2,-0.62,-1.28,-0.66,-0.8,-0.79,-0.3,-1.63,-1.85,-1.72,-2.26,-2.44,-1.67,-0.68,-1.15,-1.6,-2.48,-2.12,-3.4
0.03,-0.25,-0.55,-0.78,-1.26,-2.11,-2.53,-2.68,-3.59,-4.28,-4.81,-6.05,-5.34,-4.28,-3.38,-3.03,-2.99,-2.01,-1.57,-1.34,-0.51,1.19,0.8,-1.16,-1.52,-1.67,-2.92,-5.98,-1.29,-3.68,-2.82,0.33,-0.79,-1.16,-0.07,-1,-0.95,-2.1,-2.47,-0.75,0.03,0.52,0.27,-0.57,-0.11,0.27,3.14,-1.33,-0.2,-0.09,0.24,-1,-1.67,0.14,-1.1,-3.88,-0.31,-0.68,-1.39,-0.96,0.18,-0.14,-0.6,-1.58,-2.19,-1.16,-1.08,-0.84,-1.17,-1.86,-2.55,-3.12,-1.1,-1.8,-1.91,-1.93,-2.1,-1.16,-1.56,-1.12
1.06,0.58,0.38,-0.09,-0.49,-0.96,-2.4,-2.98,-3.24,-3.76,-4.13,-4.56,-4.95,-4.17,-3.65,-2.77,-2.16,-2.09,-2.01,-2.3,-1.49,-0.33,-0.69,0.76,-0.8,-1.6,-3.67,-3.66,-2.45,-2.28,-2.91,-1.42,-0.32,0.53,-0.33,-1.2,-1.62,-1.25,-1.39,-0.05,-0.45,1.61,0.59,-0.29,0.65,1.39,-0.32,2.64,4.02,4.63,2.51,1.34,-1.65,-1.57,-4.17,-1.15,-1.38,-0.7,-0.09,1.03,1.25,0.23,0.28,-0.32,-1.11,-1.46,-1.01,-0.37,-0.5,-0.93,-1.71,-0.9,-1.09,-0.63,-2.59,-2.11,-1.81,-1.52,-0.77,-0.01
1.43,1.42,1.06,1.86,1.25,0.17,-1.14,-3.24,-3.73,-3.61,-5.89,-6.12,-5.31,-4.63,-3.72,-3,-2.72,-3.09,-2.49,-2.23,-2.2,-1.69,-0.63,-0.39,0.63,1.79,0.87,-1.08,-1.33,-1.65,-1.62,-0.89,-1.07,-1.05,-0.81,-1.08,0.25,1.04,-0.57,-0.21,-0.05,3.17,2.13,2.34,4.27,3.37,2.16,1,2.8,0.67,1.68,0.59,-0.08,-4.36,-3.14,-0.8,-0.06,-0.85,-0.31,0.28,-0.61,0.78,0.44,0.45,0.2,0.53,0.71,0.03,0.1,-0.03,1.18,-0.79,-0.51,-3.83,-3.2,-1.77,-2.25,-2.28,-1.28,-0.49
2.34,2.52,2.5,2.1,0.15,0.46,-0.52,-3.39,-3.19,-1.62,-2.22,-5.66,-5.94,-5.17,-3.78,-3.13,-2.89,-2.64,-3.45,-2.27,-2.16,-1.46,-0.24,1.45,0.89,1.53,1.18,-2,-1.33,0.01,-1.47,-1.34,-1.39,-1.36,-1.64,-0.99,0.52,1.7,0.18,-2.1,-1.76,2.89,1.88,2.11,3.4,2.64,1.46,-0.09,1.89,1.31,2.58,3.11,2.02,-2.17,-2.99,-2.81,-3.03,-1.11,0.19,0.52,0.51,-0.79,1.08,0.15,-1.29,-1.18,0.99,-0.53,0.1,0.35,-0.2,0.45,-1.72,-2.78,-2.45,-0.68,-2.35,-2.72,-2.49,-2.03
3.17,2.57,1.46,1.53,-0.38,-1.07,-1.88,-3.42,-3.62,-4.32,-2.74,-2.66,-3.39,-3.97,-3.8,-3.07,-2.51,-1.65,-2.72,-1.62,-1.49,-1.52,-1.94,-0.43,0.68,1.93,2.93,1.96,1.47,1.51,-0.18,0.8,-1.14,-1.64,-2.6,-2.14,1.48,-0.21,0.42,-2.17,-0.76,0.03,0.76,0.92,1.17,0.89,-0.01,1.41,4.1,4.62,4.33,6.13,5.78,0.38,-2.44,-2.13,0.15,-0.35,0.1,0.54,1.14,1.22,0.06,-1.31,0.21,0.55,-0.81,0.53,0.61,0.57,1.13,1.05,0.7,-1.63,-0.37,-2.21,-5.27,-1.29,-2.87,-2.8
1.74,2.99,1.04,1.81,-0.42,-0.98,-1.95,-3.28,-3.23,-2.97,-2.43,-1.17,-1.91,-2.98,-2.69,-2.25,-0.76,-0.76,-1.62,-2.08,-1.62,-2.59,-3.04,-1.59,-0.21,1.13,2.31,3.12,2.94,3.26,2.16,2.76,3.37,1.35,0.33,-1.47,5.56,0.05,0.44,-0.12,-2.23,-1.5,-2.14,-0.16,-0.11,-0.34,-0.52,0.98,5.34,5.14,5.39,4.92,4.97,4.92,-1,-1.12,-0.54,-0.95,-0.42,0.28,1.52,0.99,1.12,1.15,3.12,3.02,0.22,-0.6,2.15,0.33,-0.5,-0.86,-0.72,-0.82,-0.32,-1.76,-2.69,-1.5,-3.35,-1.5
-0.8,0.74,3.65,4,2.5,0.41,-2.05,-2.61,-3.12,-0.65,0.21,-0.4,-0.56,0.48,0.61,1.07,0.87,1.63,1.93,1.57,-0.58,-0.34,-3.74,-1.77,-0.68,0.36,1.05,2.29,2.3,3.18,2.93,3.02,3.78,3.65,2.73,2.76,4.1,1.37,3.57,1.29,1.04,0.6,0.18,2.1,2.41,0.46,0.41,3.04,4.91,4.6,4.71,5.25,3.86,6.53,2.03,-0.15,-0.83,0.22,2.61,3.17,3.59,1.11,1.32,0.95,2.58,2.48,3.33,0.76,0.31,0.47,-1.01,-0.19,-1.07,-1.15,-1.63,1.48,1.64,0.69,-2.4,-0.36
-0.92,1.64,2.76,3.83,4.58,3.9,3.9,2.26,0.94,0.44,1.85,0.98,2.26,1.82,1.65,1.92,2.3,2.46,2.44,3.02,3.02,0.84,-1.96,-1.51,-1.14,-0.36,-0.11,0.52,1.96,2.66,3.18,3.19,3.04,2.61,3.02,3.44,4.18,4.53,5.23,5.1,1.3,3.16,2.98,4.07,0.43,2.55,2.49,3.99,5.03,5.41,4.31,4.79,2.27,4.41,5.29,3.9,2.08,1.86,3.28,3.05,1.94,1.69,2.71,1.62,0.46,0.81,1.52,2.33,0.87,-1.17,-0.86,-1.51,1.04,0.04,-0.21,0.91,1.51,1.12,-2.59,-3.94
2.77,2.54,2.01,3.47,3.78,3.65,3.29,2.85,2.87,3.24,3.19,3.01,2.08,2.45,2.61,2.49,2.92,3.66,5.4,5.44,4.56,3.55,3.43,2.01,-0.18,-1.15,-0.27,0.62,1.65,2.77,3,2.67,2.73,3.4,4.11,4.61,5.28,5.7,5.65,5.06,4.46,3.91,3.99,3.87,3.36,2.89,3.04,3.74,4.59,5.28,3.28,0.67,2.87,1.99,2.34,4.05,3.8,3.94,3.75,3.28,3.12,1.25,0.8,-2.02,-1.83,-1.22,-0.29,0.81,2.8,3.91,-1.47,-1.08,0,0.06,1.35,1.84,2.53,2.19,-1.03,-3.09
1.25,2.34,2.94,3.01,3.5,3.64,3.41,2.72,2.64,2.05,2.3,2.65,2.59,2.39,2.68,3.26,4.42,4.72,4.71,5.29,5.89,5.84,2.78,1.59,0.94,0.23,-0.16,0.68,1.35,2.17,2.74,2.65,3.01,3.89,4.76,5.16,5.33,5.57,5.32,4.6,3.81,3.3,2.91,3.09,2.33,2.38,2.55,2.73,3.17,3.62,2.77,-0.41,-1.91,-0.03,0.24,0.84,2.78,3.62,4.34,4.99,5.33,4.44,0.98,-0.87,-2.89,-2.49,-1.7,-0.87,1.27,1.39,-1.12,-1.72,0.1,1.44,1.89,2.88,3.25,2.84,0.22,-1.75
2.1,2.06,2.69,3.3,3.5,3.53,3.27,3.02,2.64,2.27,2.03,1.72,2.36,3.33,3.58,3.66,4.03,4.44,4.74,4.97,5.12,5.43,3.68,2.84,2.64,1.92,1.24,0.51,1.21,1.88,2.48,3.15,3.74,4.64,5.31,5.57,5.52,5.28,4.96,4.45,4.15,3.45,2.71,2.12,1.75,1.58,1.89,1.52,1.12,1.07,1.33,-2.27,-1.64,-0.18,0.27,1.25,1.05,3.11,4.05,5.09,5.01,4.55,1.41,0,-2.4,-2.34,-2.18,-2.31,-0.91,0.22,-1.02,-1.35,-0.38,0.38,1.06,1.97,2.94,2.52,1.09,-2.47
2.85,3.12,3.23,3.41,3.51,3.6,3.9,3.77,3.42,3.15,2.98,3.13,2.74,2.83,3.22,3.6,4,4.27,4.61,4.77,4.61,4.53,4.2,3.78,2.87,2.26,2.1,1.37,1.22,1.57,2.71,3.88,4.89,5.46,5.58,5.49,5.13,4.75,4.38,4.12,3.89,3.57,3.14,2.42,1.85,1.24,1.67,0.24,-1.54,-0.75,0.6,1.35,-0.27,-0.77,-0.59,-0.02,1.56,3.09,3.31,3.3,4.61,4.36,0.66,0.86,0.07,-0.88,-2.38,-2.23,-0.6,-1.06,-1.32,-1.73,-0.82,0.1,0.37,1.01,1.99,1.96,1.24,-1.48
2.43,2.61,2.71,2.74,2.82,3.1,3.27,3.35,3.25,3.34,3.3,3.21,3.19,3.38,3.47,3.7,4.04,4.3,4.54,4.53,4.54,4.63,4.5,4.2,3.99,3.23,2.24,2.11,2.02,1.77,3.22,4.51,5.2,5.5,5.54,5.35,4.94,4.32,3.62,3.36,2.98,2.73,2.55,2.18,1.07,0.83,-0.74,-2.3,-1.82,-0.6,-0.13,-0.36,0.51,-1.12,-1.82,-1.51,-1.94,0.08,1.67,2.3,3.03,4.67,0.1,0.06,0.95,1.04,1.09,-0.16,-0.19,-0.43,-0.64,-0.35,0.86,0.23,-0.65,0.4,0.99,1.42,1.37,-0.4
2.35,2.27,2.52,2.65,2.79,2.66,2.63,2.62,2.8,3.08,3.06,3.05,3.44,3.22,3.44,3.54,3.88,4.34,4.45,4.58,4.63,4.41,4.77,4.57,4.23,3.69,2.63,2.07,2.37,2.51,3.71,4.73,5.23,5.3,5.18,4.74,3.98,3.56,2.45,1.38,1.2,1.33,0.85,0.88,1.31,-1.03,-1.13,-1.66,-0.28,-1.17,-0.2,1.16,-0.02,0.39,-0.54,-2.59,-1.84,-0.97,-0.72,-0.43,1.46,2.98,-0.64,-0.66,-0.35,1.37,3.41,1.64,1.17,0.21,0.71,2.2,1.96,0.97,-0.93,-0.98,-0.25,0.29,0.65,0.59
1.93,2.26,2.62,2.63,2.58,2.48,2.19,2.13,2.35,2.38,2.63,3.09,3.64,3.19,3.4,3.56,3.91,4.3,4.53,4.65,4.5,4.4,5.21,4.92,4.01,3.86,2.88,2.35,2.37,2.87,4.05,4.77,5.14,5.05,5.08,4.91,4.56,3.88,3.09,2.77,1.67,-0.27,0.1,0.67,-2.08,0.99,-0.7,-1.87,-2.35,-1.76,-1.66,-0.88,-0.42,-0.07,2.11,1.8,-1.54,-1.34,-0.9,-0.23,0.93,1.06,-1.41,-1.12,-0.89,0.53,4.32,1.23,0.83,0.82,0.89,1.84,2.57,1.78,0.84,0.58,-0.55,-0.95,-1.47,-0.87
