static/gfs.json
{"header": {"discipline":0,"disciplineName":"Meteorological products","gribEdition":2,"gribLength":76442,"center":7,"centerName":"US National Weather Service - NCEP(WMC)","subcenter":0,"refTime":"2017-04-21T12:00:00.000Z","significanceOfRT":1,"significanceOfRTName":"Start of forecast","productStatus":0,"productStatusName":"Operational products","productType":1,"productTypeName":"Forecast products","productDefinitionTemplate":0,"productDefinitionTemplateName":"Analysis/forecast at horizontal level/layer at a point in time","parameterCategory":2,"parameterCategoryName":"Momentum","parameterNumber":3,"parameterNumberName":"V-component_of_wind","parameterUnit":"m.s-1","genProcessType":2,"genProcessTypeName":"Forecast","forecastTime":0,"surface1Type":103,"surface1TypeName":"Specified height level above ground","surface1Value":10,"surface2Type":255,"surface2TypeName":"Missing","surface2Value":0,"gridDefinitionTemplate":0,"gridDefinitionTemplateName":"Latitude_Longitude","numberPoints":65160,"shape":6,"shapeName":"Earth spherical with radius of 6,371,229.0 m","gridUnits":"degrees","resolution":48,"winds":"true","scanMode":0,"nx":360,"ny":181,"basicAngle":0,"subDivisions":0,"lo1":0,"la1":90,"lo2":359,"la2":-90,"dx":1,"dy":1,"convert-by":"Asper","site":"https://airmap.g0v.asper.tw"}, "data":
[rows 72 to 107 of 181, columns 0 to 80 of 360]
3.92,3.91,3.62,3.72,3.73,2.23,0.87,-0.89,0.85,1.65,0.58,0.69,-0.26,-0.49,-0.87,-2.06,-1.8,-0.98,-1.62,-2.96,-2.37,-2.1,-1.41,-0.68,-0.91,-1.58,-2.28,-1.96,-3.32,-4.06,-3.73,-2.57,-1.92,-1.35,-0.56,1.07,3.52,-3.41,-1.91,0.62,-0.79,-1.74,1.75,2.32,1.6,0.34,-1.34,-2.77,-3.57,-4.43,-5.76,-5.8,-5.85,-5.5,-5.03,-5.66,3.85,5.89,4.07,2.99,1.86,1.44,2.29,3.35,4.08,3.82,3.53,3.52,2.95,2.85,1.13,1.95,3.82,3.05,-0.24,-1.53,-0.6,-0.92,-1.69,-2.73,0.58
2.16,3.6,3.12,3.3,1.87,0.7,-0.26,0.83,1.69,-0.78,-0.87,-0.79,-1.24,-2,-2.79,-2.95,-2.1,-1.69,-2.62,-2.61,-2.46,-1.49,0.77,0.72,-1.06,-1.85,-2.2,-3.14,-4.06,-4.53,-3.61,-3.74,-2.77,-2.1,-1.27,0.14,0.39,-5.7,-0.07,1.84,-0.77,-1.39,-1.46,1.53,-1.48,-0.16,-2.58,-3.61,-4.98,-5.71,-5.68,-4.16,-2.16,-3.67,5.8,5.32,4.76,3.89,2.47,1.34,1.08,1.86,2.72,3.14,3.24,3.14,2.86,2.47,2,0.18,1.33,3.52,3.64,2.49,0.3,1.58,-1.81,-0.46,-0.93,-0.5,0.4
1.79,1.98,2.36,2.12,-0.46,-0.87,-0.89,-0.57,0.36,-0.83,-1.67,-2.08,-2.23,-2.79,-2.78,-2.6,-2.73,-2.99,-3.05,-2.6,-1.93,-1.4,-0.11,-0.42,-1.59,-2.36,-2.72,-3.76,-4.68,-4.5,-4.21,-3.67,-2.86,-1.7,-1.73,-1.86,-0.38,-1.76,-2.26,0.7,-1.52,0.24,1.35,1.55,-0.76,-0.32,-2.42,-2.31,-2.25,-1.76,-1.43,-1.3,3.15,4.9,3.91,3.49,2.59,1.35,1.1,0.81,0.21,-0.57,1.16,1.92,2.05,2.04,1.88,1.61,0.41,1.94,3.29,3.13,2.82,1,0.76,-2.14,-2.55,-1.2,0.8,3.22,3.91
2.93,3.78,2.37,1.4,0.85,-1.31,-1.77,-1.3,-0.93,-1.62,-1.51,-1.61,-2.37,-3.64,-3.43,-3.09,-3.33,-3.15,-3.07,-2.07,-1.49,-1.42,-0.54,-1.47,-1.93,-1.92,-2.46,-3.38,-5.22,-5,-4.86,-2.24,-2.46,-2.33,-3.69,-3,-0.85,-0.46,0.49,-1.12,-3.55,0.39,3.51,3.4,-0.6,-4.38,-4.21,-5.37,-6.56,1.4,3.67,4.55,3.44,2.4,1.81,1.6,1.22,0.99,0.85,1.34,2.11,2.78,0.81,1,1.28,1.44,1.43,0.39,1.47,2.36,2.51,2.34,1.36,0.91,1.27,3.54,-0.46,-0.06,0.9,-0.68,5.64
1.62,1.76,2.66,2.28,2.65,1.84,1.1,-0.29,-0.92,-1.14,-1.43,-2.06,-1.02,1.01,-1.03,-4.49,-3.79,-2.41,-0.27,0.91,-0.09,0.55,-0.53,-1.44,-0.83,3.74,1.78,-0.68,-2.64,-3.17,-2.66,-1.87,-2.81,-2.81,-3.3,-2.69,0.99,-0.48,2.53,4.95,2.9,1.99,4.35,9.73,-2.25,-3.49,0.73,5.79,3.83,0.6,2.04,2.31,2.35,1.47,0.45,0.7,0.32,0.51,0.9,1.37,1.76,2.45,3.07,2.42,1.93,1.15,0.33,0.96,1.76,1.73,1.47,0.78,0.25,0.49,1.51,2.1,2.65,1.95,2.04,1.86,2.65
2.29,1.49,0,0.94,1.63,1.95,1.45,0.38,0.2,-0.24,-0.72,-1.88,-2.56,-2.86,-3.43,-4.87,-2.94,0.09,0.25,1.49,0.86,0.22,-0.15,-0.55,2.38,1.99,2.22,1.41,-0.03,-0.59,-0.6,-1.24,-1.38,-1.3,-1.71,-0.34,0.81,1.55,0.2,1.25,2.93,1.78,1.44,8.38,6.29,3.25,0.63,0.93,0.18,-1.18,-0.6,1.56,2.28,0.97,-4.06,0.23,0.32,0.31,0.53,0.79,1.18,1.76,2.32,2.5,1.91,1.09,0.95,1.37,1.02,0.63,0.06,-0.29,0,0.72,0.61,1.17,1.14,2.38,-1.76,0.43,4.34
2.71,2.36,1.57,1.37,1.15,1.32,0.28,-0.13,0.03,-0.57,-1.95,-1.83,-2.71,-4.14,-5.01,-1.46,0.92,1.57,0.42,1.41,0.7,0.4,0.2,1.57,2.61,1.98,2.15,1.87,1.82,0.2,-0.53,-1.79,-1.73,-0.67,-0.17,-0.29,0.78,-1.58,1.38,0.32,2.98,1.35,2.13,2.46,0.09,-1.24,-2.34,-2.83,-3.64,-4.38,-3.37,1.03,3.07,2.38,4.69,1.57,0.62,0.22,0.32,0.59,0.86,0.96,0.91,0.56,0.15,0.22,0.42,0.22,-0.03,-0.37,-0.54,-0.46,-0.07,0.52,0.45,1.22,1.22,0.5,0.97,-0.36,6.77
2.4,3.02,1.69,1.5,1.13,1.84,1.82,0.67,-0.25,-1.79,-1.33,-0.62,-0.73,-2.41,-2.93,2.1,2.92,2.01,1.85,1.66,1.47,0.44,0.53,0.62,1.46,1.31,0.94,1.31,1.58,1.34,0.55,0.54,-0.16,0.32,0.71,-0.31,0.24,0.76,-2.12,-0.99,-0.05,-1.61,-2.59,-3.13,-5.87,-6,-4.05,-5.82,-4.59,-5.26,-2.15,3.96,3.3,1.57,1.3,1.17,0.83,0.45,0.38,0.6,0.56,0.29,-0.23,-0.79,-0.85,-0.62,-0.58,-0.73,-1.03,-1.04,-1.01,-0.67,-0.07,0.39,0.37,-0.48,0.24,1.91,-0.05,1.44,9.35
3.43,2.61,2.06,1.98,1.65,3.42,2.75,1.18,-0.51,-2.16,-1.01,0.49,-0.69,0.38,-1.4,0.79,3.18,2.32,1.25,1.44,1.34,1.22,-0.58,-0.54,0.4,0.56,1.35,1.58,1.35,0.91,0.54,-0.22,-0.37,-0.02,0.38,-0.77,-0.55,-1.46,-0.99,-1.19,-3.25,-4.03,-4.74,-3.65,-8.06,-3.54,-3.16,-2.16,-0.86,-2.36,-1.61,4.89,2.73,1.64,1.36,1.4,0.89,0.56,0.67,0.25,-0.06,-0.39,-1.1,-1.4,-1.39,-1.36,-1.36,-1.47,-1.56,-1.5,-1.22,-0.57,0.31,0.67,-0.41,-2.41,-2.44,0.26,1.39,8.27,9.33
3.49,1.85,1.69,2.37,3.03,2.61,0.99,1.37,0.63,2.34,1.21,1.12,0.24,-0.34,-0.52,1.13,2.59,2.12,1.18,0.14,0.26,0.2,0.35,-0.69,-0.68,0.48,0.96,1.1,0.88,1.15,1.9,1.06,2.9,1.71,0.94,-1.7,-1.15,0.01,-0.92,-0.14,-4.59,0.07,1.24,1.27,-1.9,-1.46,-0.71,-0.05,-0.33,1.34,4.05,3.45,2.42,1.87,1.5,0.97,0.68,0.15,-0.21,-0.52,-0.71,-1.22,-1.46,-1.66,-1.73,-1.68,-1.58,-1.66,-1.69,-1.42,-0.78,-0.16,-0.27,-0.88,-0.85,-1.69,-3.56,-1.5,2.4,10.88,7.1
2.97,1.31,2.81,3.96,3.52,2.02,1.46,1.97,1.69,1.02,0.69,0.1,-0.61,-0.2,-1.52,-0.29,0.45,1.08,1.18,1.34,0.91,1.58,1.1,1.53,1.7,1.4,1.5,1.99,2.28,2.14,1.95,2.22,2.76,1.76,-0.24,0,-1.36,-1.08,-0.7,-5.21,-1.29,0.85,3.71,3.83,1.62,-1.35,0.33,0.9,1.74,2.62,4.56,3.04,2.47,1.96,1.41,0.96,0.23,-0.5,-0.73,-1.07,-1.55,-1.77,-1.9,-1.88,-1.76,-1.55,-1.59,-1.61,-1.43,-1.1,-0.24,-0.15,-0.44,-0.6,-0.36,-0.36,0.63,-0.5,6.09,6.71,4.42
2.93,2.77,1.52,0.74,2.87,2.37,2.78,3.12,2.25,1.49,-1.01,-1.6,-0.73,0.93,0.62,0.35,2.25,2.01,1.28,2.08,1.9,1.91,1.61,1.59,1.77,1.74,1.65,1.4,1.1,1.21,0.24,0.95,2.01,3.31,1.64,-0.13,0.82,0.55,-0.17,-1.72,-1.34,2.26,0.56,3.29,1.91,1.5,1.08,0.58,1.11,4.47,2.89,2.54,2.15,1.53,0.91,0.3,-0.18,-0.49,-0.88,-1.3,-1.46,-1.67,-1.59,-1.6,-1.33,-1.1,-1.28,-1.3,-0.99,-0.21,0.56,1,0.7,0.93,1.03,1.42,1.1,1.74,2.57,2.84,1.55
3.35,4.14,3.77,2.74,2.17,2.36,0.76,2.26,2.13,-0.87,-2.11,0.13,1.11,1.59,1.75,2.09,2.68,2.25,2.38,2.65,2.59,2.24,2.37,1.94,1.46,0.37,0.23,0.53,0.68,1.66,1.29,0.89,1.6,1.95,2.31,2.02,0.78,0.79,1.54,0.7,0.83,1.02,1.43,0.54,1.78,1.16,0.88,0.83,3.01,4.82,3.3,2.44,1.53,0.9,0.01,-0.42,-0.62,-0.8,-1.11,-1.13,-1.37,-1.45,-1.34,-1.1,-1.34,-1.35,-1.01,-0.75,-0.23,0.88,1.84,2.26,2.31,2.35,1.68,1.54,1.55,0.94,1.3,1.26,-0.03
2.3,3.36,4.04,4.62,4.93,4.83,1.82,2.24,2.42,1.52,1.6,1.71,0.04,1.41,2.5,2.64,2.47,2.35,2.59,3.45,2.83,2.92,2.36,1.99,0.78,0.47,0.91,0.45,-0.35,1.17,-0.51,0.77,0.47,0.58,4.13,2.72,4.27,1.25,0.26,1.51,1.17,1.04,-0.25,0.19,0.54,0.85,0.54,2.43,4.56,3.18,2.37,1.8,1.18,0.07,-0.76,-1.55,-1.79,-1.9,-1.75,-1.58,-1.44,-1.46,-1.7,-1.77,-1.19,-0.95,-0.7,0.48,0.91,2.25,2.63,2.65,2.54,2.5,2.58,1.63,1.33,1.17,1,0.86,0.89
4.23,4.44,4.77,5.17,5.17,5.05,4.24,3.97,2.92,-0.07,1.66,0.32,0.55,1.19,1.32,1.15,0.06,1.9,3.55,3.46,3.42,3.18,2.5,1.5,1.6,1.51,1.98,-0.17,0.3,0.46,-1.92,0.11,-0.23,0.13,0.02,2.51,1.9,4.04,3.09,2.39,2.75,1.25,0.98,0.28,2.31,1.15,2.69,5.22,3.06,2.64,2.02,1.51,0.96,0.18,-1.24,-2.73,-2.83,-2.98,-2.78,-2.34,-1.77,-1.2,-1.35,-0.74,0.12,1.15,1.81,2.57,3.27,3.23,3.32,3.21,2.95,2.63,2.52,2.16,1.98,1.68,1.38,1.03,0.72
5.53,5.66,6.2,6.1,5.57,5.52,5.12,4.44,3.66,2.65,0.72,0.27,0.61,0.62,1.01,1.24,1.38,1.78,1.91,2.15,2.85,2.64,1.44,1.34,1.79,1.43,1.9,1.55,0.77,0.63,0.36,1.21,1.18,0.52,-0.63,0.99,0.75,4.62,2.93,3.22,2.81,1.96,1.98,2.17,2.58,4.72,5.5,3.81,3.31,2.7,1.99,1.51,1.09,0.26,-0.75,-1.86,-0.64,-0.44,-0.5,-0.92,-0.9,0.88,1.78,1.04,1.56,2.59,3.18,4.13,4.09,3.92,3.55,3.08,3.01,2.77,2.93,2.83,2.35,1.84,1.41,1.63,1.04
5.53,6.43,5.86,5.44,5.3,5.41,4.7,5.09,4.51,4.24,-0.74,-0.42,0.09,1.01,1.18,1.11,2,1.7,2.29,1.8,1.74,1.37,1.67,2.22,1.83,1.86,1.73,1.21,0.64,0.5,1.26,2.4,0.56,0.81,-1.12,-1.93,-0.84,1.04,2.64,2.58,2.78,2.53,2.43,3.18,5.04,5.73,4.1,3.99,3.42,2.85,2.12,1.58,1.38,1.02,0.33,-0.01,-0.89,-1,-1.56,-0.68,-0.43,-0.23,0.88,2.02,2.65,3.87,4.51,4.18,3.78,3.86,3.6,3.59,3.54,3.42,3.12,2.4,1.78,1.96,2.22,2.12,1.94
3.78,4.48,5.48,5.1,5.08,5.45,3.64,5.31,4.45,3.79,0.9,0.32,0.57,0.85,0.7,0.89,1.2,1.13,1.6,1.23,1.13,1.74,2.31,2.61,1.93,2.24,1.51,1.04,1.35,1.11,0.48,3.23,2.17,1.25,1.58,-1.06,-2.32,-0.08,1.93,2.31,2.76,1.99,2.84,5.06,5.71,4.67,3.96,3.31,2.77,2.13,1.59,1.07,0.85,0.64,0.56,0.28,0.01,-0.43,-0.07,-0.3,-0.17,-0.43,0.87,2.17,2.66,3.29,3.81,3.8,3.81,3.93,3.98,3.73,3.61,3.42,3.03,2.88,2.6,2.69,2.43,2.12,2.34
5.46,4.39,4.34,4.79,4.58,4.65,5.35,4.98,4.98,4.02,0.84,0.83,0.37,0.98,1.1,1.04,1.81,1.41,1.66,2.11,1.58,1.22,1.49,0.14,-0.53,0.55,0.98,0.97,-0.78,0.4,2.74,3.55,5.12,4.1,3.09,2.02,-4.18,-0.46,1.32,3.77,3.13,2.42,4.64,5.92,5.04,4.46,3.91,3.26,2.19,1.67,1.22,0.97,0.13,-0.38,-0.65,-0.56,-0.07,0.06,0.18,0.18,0.22,0.95,1.26,1.03,1.33,2.33,2.85,3.31,3.73,3.81,3.63,3.64,3.4,3.23,2.7,2.46,2.89,2.74,2.51,2.63,2.8
5.86,5.53,5.27,4.5,4.09,3.86,5.02,6.68,6.2,2.91,1.73,0.87,0.95,1.14,1.92,2.21,1.74,1.38,1.86,1.89,1.23,1.14,0.86,0.74,0,-0.36,-0.69,-0.21,-0.64,-1.32,0.64,2.06,3.07,1.13,-2.24,-0.36,4.33,-0.83,0.98,3.26,3.57,4.58,6.13,5.57,5.08,4.63,3.61,2.83,2.1,1.52,0.9,0.45,0.1,-0.54,-1,-0.65,-0.54,-0.11,-0.24,-0.46,-0.1,0.65,1.01,1.94,2.18,2.51,3.09,3.37,3.41,3.27,3.25,3.23,3.13,2.45,3.09,3.3,2.94,2.62,2.6,2.52,2.39
6.57,6.12,5.74,5.09,5.01,2.61,-0.61,2.01,3.92,6.53,2.4,1.6,1.55,1.74,2.41,3.4,2.05,1.73,0.86,0.27,0.26,-0.07,0.45,-0.54,1.22,0.77,1.44,-0.15,-0.56,0.35,1.95,1.46,-0.76,-0.76,0.58,1.02,0.25,0.61,1,2.32,4.51,6.25,5.52,5.36,4.94,4.35,3.26,2.56,1.63,1.1,0.65,0.01,-0.25,-0.61,-0.8,-0.56,-0.38,-0.23,0.68,1.03,0.84,0.85,0.9,1.28,1.75,2.29,2.57,2.85,2.83,2.99,2.81,3.1,3.21,3.69,3.38,3.37,3.12,3.05,3.27,3.65,4.1
6.77,6.55,6.07,5.92,5.66,4.87,-0.43,-4.17,-2.49,0.55,3.37,1.26,1.95,2.16,1.86,2.55,2.7,1.52,0.09,-0.45,-0.16,0.33,1.11,1.22,1.54,1.91,1.13,0.92,-0.46,0.53,1.79,1.89,-1.64,1.13,0.68,0.77,1.46,0.64,0.13,2.57,5.24,4.69,4.74,4.69,4.38,4.2,3.18,2.17,1.21,0.49,0.21,0.64,0.5,0.17,0.16,0.09,0.22,0.35,0.62,0.18,-0.08,-0.27,-0.07,0.44,0.89,1.21,1.7,2.37,3.14,2.98,3.16,3.31,3.71,4.27,4.32,4.08,4.15,4.15,4.38,4.24,3.9
6.26,6.74,6.92,6.45,5.91,5.65,3.87,-1.66,-4.22,-2.68,0.43,0.56,1.11,2.22,1.63,1.13,1.91,1.58,-0.75,0.19,0.74,1.43,1.49,1.48,1.02,-0.54,1.02,1.79,1.88,0.64,-0.36,-0.36,0.51,0.31,0.24,-1.06,0.52,-0.11,0.57,3.4,6.11,3.63,4.01,4.22,4.32,3.81,3.51,1.92,0.92,1.01,1.54,1.97,1.47,1.06,1.71,1.53,0.65,0.53,-0.2,-0.49,-0.91,-1.28,-1.22,-0.89,-0.36,0.23,0.51,1.25,2.42,2.48,2.8,3.41,3.75,4.16,4.13,4.87,4.84,4.38,4.13,4.18,4.19
6.05,6.23,6.7,6.94,6.11,5.27,4.88,2.75,0.2,-2.01,-3.41,-0.69,0.54,1.17,2.19,1.31,2.38,1.9,0.51,0.01,1.34,0.83,0.49,1.84,0.88,1.21,1.02,2.08,2.41,-0.55,1.19,0.24,0.21,-0.37,0.38,0.58,-1.4,-0.23,2.14,3.8,4.77,2.8,3.46,3.75,3.81,4.05,3.46,2.14,1.53,1.29,1.4,1.59,2.6,2.5,2.72,2.73,2,1.29,0.17,-0.81,-1.53,-2.25,-2.55,-2.05,-1.56,-1.15,-0.67,0.58,1.35,1.85,2.6,2.75,2.89,3.55,3.8,4.25,4.95,5.19,4.64,3.95,4.19
6.03,6.13,6.26,5.91,6.74,5.55,4.29,3.88,3.27,2,2.31,0.12,-1.5,-0.67,-0.72,0.66,1.5,0.72,-0.66,0.58,0.98,1.16,0.67,0.35,1.95,1.4,0.21,0.73,0.84,0.76,0.18,1.09,0.39,-0.03,-0.01,-0.41,0.99,1.51,2.34,3.76,4.01,2.81,3.47,3.93,3.68,3.66,3.5,2.77,1.54,1.62,1.96,2.86,3.27,3.37,3.08,2.52,1.9,0.77,-0.12,-1.44,-1.78,-2.55,-3.84,-3.64,-2.78,-1.04,0.25,0.66,1.56,1.64,2.21,2.82,3.39,3.56,3.84,4.22,4.56,4.84,4.62,3.83,4.31
5.85,5.95,5.99,6.24,6.2,5.36,4.58,3.77,2.8,3.3,3.09,1.26,-2.44,-1.24,-1.48,0.19,1.88,2.18,2.06,1.04,0.98,1.11,0.43,0.77,1.62,0,0.23,0.45,0.73,-1.48,0.66,0.24,1.34,0.36,-0.04,-0.45,0.78,0.93,2.02,2.15,4.14,4.19,3.5,3.19,2.88,2.87,2.08,1.83,3.11,3.25,2.76,2.63,3.28,3.38,2.73,2.38,2.2,1.77,1.52,0.51,-1.46,-1.68,-2.96,-2.56,-1.74,-1.28,-0.41,0.22,0.8,1.39,1.87,1.98,2.52,3.28,4.05,4.27,4.42,4.48,3.65,3.29,3.94
5.96,6.08,5.58,5.52,5.29,5.06,4.69,4.17,4.06,3.42,3.3,3.17,2.46,2.65,-0.2,0.16,0.87,1.71,1.46,1.28,1.5,0.55,0.4,0.4,0.64,0.81,1.11,0.54,0.56,1.62,-0.55,-0.01,-0.13,0.87,1.76,1.25,2.39,1.57,0.16,1.68,5.18,4.31,3.12,2.29,1.95,1.94,2.14,1.63,2.04,2.5,2.48,2.49,2.98,2.77,2.57,2.03,1.43,1.23,1.21,0.99,0.28,-0.26,-0.35,-0.74,-1.31,-0.85,-0.04,0.41,0.78,0.78,1.36,1.86,2.29,3.04,3.74,4.15,4.44,4.23,3.16,2.77,3.33
6.15,6.49,6.59,5.86,5.5,5.36,5.37,5.24,4.72,4.15,3.18,2.43,1.96,-0.66,0.49,-0.18,0.4,1.06,0.7,1.02,1.51,0.35,0.59,0.99,2.2,1.47,2.1,1.81,1.2,0.76,-0.6,0.32,1.8,1.77,2.41,1.7,0.26,0.3,1.01,-0.03,5.87,4.08,3.78,3.49,1.62,1.67,1.59,0.85,1.29,2.19,1.46,1.73,2.63,2.4,1.7,1.49,1.07,1.16,1.06,0.62,0.38,-0.02,-0.66,-0.78,-0.25,-0.04,0.14,1.12,1,1.34,1.92,2.12,2.35,2.76,3.43,4,4.48,4.38,2.71,2.25,2.1
5.5,6.16,5.94,5.81,5.28,5.42,5.95,5.79,5.09,4.42,3.65,2.44,1.29,0.57,-2.93,-0.95,0.42,0.29,-0.13,0.11,0.29,1.26,1.32,0.75,1.09,1.47,1.78,3.71,2.32,1.28,0.92,-0.15,-0.66,-0.58,5.53,-1.19,1.14,1.76,1.8,1.74,2.89,5.19,4.08,3.31,2.16,1.22,1.42,0.68,0.87,1.72,1.6,0.87,1.92,1.31,0.82,0.35,1.44,1.82,1.6,1.11,0.35,-0.16,-0.22,-0.57,-0.54,-0.05,-0.03,-0.14,0.37,1.42,1.27,1.49,1.78,2.51,3.4,4.01,4.68,4.72,3.1,1.66,1.49
5.83,5.95,5.87,5.78,5.44,5.3,5.61,5.68,5.28,4.37,3.45,2.47,1.15,-2.6,-1.21,-1.54,-0.62,0.08,0.53,-0.07,0.14,-0.15,-0.13,0.5,0.94,-0.09,0.42,1.21,1.78,2.14,2.01,-0.48,1.56,1.08,0.16,0.63,1.9,2.1,2.1,1.52,2.21,7.4,5.66,1.54,1.99,0.34,0.22,0.16,-0.02,1.07,1.83,0.39,0.94,1.44,0.67,1.13,0.78,0.82,1.37,1.46,0.8,0.23,-0.36,-0.65,-0.81,-0.53,-0.13,-0.34,-0.24,-0.07,0.28,0.99,1.42,2.05,3.11,4.02,4.29,4.85,3.85,1.77,1.15
6.02,6.11,5.93,5.58,5.36,5.27,5.09,5.07,4.94,4.91,4.37,3.34,2.15,-1.89,-2.09,-0.88,-1.31,-0.34,0.28,0.99,1.14,0.6,-1.32,0.07,0.3,0.92,-0.57,-0.22,0.47,0.65,1.06,1.34,1.81,1.23,0.8,0.38,0.29,1.02,1.41,2.17,2.61,9.07,7.34,3.46,0.56,-0.47,-1.32,-1.45,-2.16,-2.73,2.2,-0.01,-0.17,0.82,1.48,0.94,0.65,0.44,0.51,0.52,0.48,0.25,-0.01,-0.26,-0.43,-0.52,-0.51,-0.69,-0.47,-0.28,0.33,0.82,1.15,1.79,2.52,3.43,4.22,4.62,4.43,2.99,1.91
5.24,5.33,5.4,5.23,4.97,5.05,5.02,5.07,5.03,5.02,4.89,4.01,2.63,-5.12,-1.8,-0.91,-1.42,-1.49,-0.69,0.34,0.55,0.96,0.93,-0.61,-1.77,-1.45,-1.28,-0.82,-0.88,0.15,1,0.85,1.38,-0.14,0.41,0.84,1.66,-0.45,2.7,2.57,3.36,9.54,8.37,5.48,-0.27,-1.26,-2.24,-2.83,-1.93,-0.6,-0.71,0.41,-1.82,-1.18,-0.46,-0.27,-0.32,-0.51,-0.45,-0.13,0.28,0.35,0.38,0.56,0.39,0.18,-0.07,-0.21,-0.21,0.3,0.77,1.13,1.53,1.96,2.36,2.91,3.63,3.9,3.73,3.58,2.94
4.67,4.83,4.96,4.7,4.67,4.8,5.03,5.14,5.24,5.37,4.93,4.2,2.03,-2.15,-0.9,-0.56,-0.58,-1.47,-1.09,-0.89,-0.38,0.19,0.01,-0.87,-1.27,-0.52,-0.63,-0.4,0.18,1.31,1.14,0.32,1.71,2.71,-1.24,2.39,1.16,1.7,1.78,2.3,3.76,8.93,9.05,6.7,2.51,-1.28,-2.53,-3.8,-2.22,-1.68,-1.27,-0.23,-1.6,-1.62,-1.63,-1.59,-1.47,-0.93,-0.5,-0.48,-0.14,0.42,0.56,0.5,0.44,0.3,0.1,0.15,0.07,0.27,0.73,1.22,1.65,1.94,2.03,2.36,2.67,3.45,3.46,3.28,3.03
4.19,4.49,4.84,4.7,4.84,4.63,4.85,5.27,5.77,6.25,6.62,6.85,2.16,-0.83,-1.96,-1.22,-1.05,-0.64,-0.52,-1.3,-1.2,-0.87,-1,-1.14,-0.66,-0.67,-0.5,0.08,-0.13,-0.43,0.59,1.63,1.91,3.03,2.36,0.95,1.94,0.49,3.13,3.39,3.54,8.89,8.65,8.12,4.77,0.78,-2.83,-3.59,-2.29,1,-1.69,-2.37,-2.54,-1.95,-2.25,-2.51,-2.02,-1.39,-0.55,-0.88,-0.51,-0.23,-0.24,-0.19,0.1,0.2,0.01,-0.33,-0.53,-0.49,0.02,0.72,1.36,1.81,1.89,1.84,1.84,2.18,3.1,3.21,3.29
3.45,4.18,4.71,4.98,4.85,4.52,4.54,4.84,5.05,5.89,6.61,6.32,2.24,-1.64,-1.82,-2.13,-1.43,-0.88,-0.83,-0.63,-1.09,-0.65,-0.58,-0.22,-0.43,-0.71,-0.81,-1.61,-0.94,-1.1,-0.56,-1.65,0.22,1.93,2.62,3.03,2.24,1.92,2.53,3.6,4.47,7.78,8.13,8.85,6.87,-3.72,-3.74,-1.58,-1.7,-1.33,1.28,-4.1,-2.41,-2.44,-2.01,-2.96,-3.02,-2.24,-1.3,-1.49,-1.47,-0.8,-0.61,-0.63,-0.73,-0.51,-0.56,-0.92,-1.23,-1.09,-0.91,-0.26,0.64,1.56,1.9,1.79,1.77,1.67,1.77,2.1,2.21
2.89,3.56,4.38,4.81,5.01,5.1,5.5,5.8,6.1,5.59,5.58,7.08,2.7,-2.79,-0.43,-2.55,-3,-2.22,-1.49,-1,-1.68,-0.95,-0.81,-0.52,-0.88,-1.19,-2.62,-1.7,-2.26,-1.91,-2.57,-1.02,-0.61,0.74,1.55,1.91,1.87,2.78,3.77,5.94,7.12,7.56,7.81,8.35,7.56,0.54,-2.06,-2.04,-1.13,-0.36,-5.46,-4.7,-3.06,-2.25,-1.54,-2.75,-3.73,-3.08,-2.17,-1.18,-1.73,-1.45,-0.79,-0.85,-1.05,-0.88,-0.72,0.02,-0.46,0.01,0.29,0.65,0.6,0.9,1.51,1.6,1.53,1.62,1.38,1.56,1.57
