static/gfs.json
{"header": {"discipline":0,"disciplineName":"Meteorological products","gribEdition":2,"gribLength":77249,"center":7,"centerName":"US National Weather Service - NCEP(WMC)","subcenter":0,"refTime":"2016-08-29T06:00:00.000Z","significanceOfRT":1,"significanceOfRTName":"Start of forecast","productStatus":0,"productStatusName":"Operational products","productType":1,"productTypeName":"Forecast products","productDefinitionTemplate":0,"productDefinitionTemplateName":"Analysis/forecast at horizontal level/layer at a point in time","parameterCategory":2,"parameterCategoryName":"Momentum","parameterNumber":2,"parameterNumberName":"U-component_of_wind","parameterUnit":"m.s-1","genProcessType":2,"genProcessTypeName":"Forecast","forecastTime":0,"surface1Type":103,"surface1TypeName":"Specified height level above ground","surface1Value":10.0,"surface2Type":255,"surface2TypeName":"Missing","surface2Value":0.0,"gridDefinitionTemplate":0,"gridDefinitionTemplateName":"Latitude_Longitude","numberPoints":65160,"shape":6,"shapeName":"Earth spherical with radius of 6,371,229.0 m","gridUnits":"degrees","resolution":48,"winds":"true","scanMode":0,"nx":360,"ny":181,"basicAngle":0,"subDivisions":0,"lo1":0.0,"la1":90.0,"lo2":359.0,"la2":-90.0,"dx":1.0,"dy":1.0}, "data":
[rows 140 to 174 of 181, columns 79 to 157 of 360]
11.94,12.3,12.12,12.4,12.71,13.49,14.12,13.41,13.66,13.47,13.17,12.64,12.48,11.47,10.79,10.63,9.85,9.33,9.28,8.86,7.67,6.67,6.6,8.47,11.96,13.28,13.12,13.61,13.87,14.25,13.98,13.25,11.98,10.25,7.68,5.92,6.21,6.68,7.7,7.89,7.8,7.6,6.21,5.95,6.04,6.05,6.17,5.4,5.3,6.14,6.43,5.95,5.11,5.01,5.43,6.06,6.81,6.99,7.46,8.53,9.36,9.16,9.36,10.56,11.57,11.84,10.4,10.54,12.11,12.58,12.57,12.48,12.8,12.82,12.7,12.59,12.75,13.16,13.28
10.77,11.78,12.63,13.07,13.52,14.04,13.83,13.29,13.84,13.29,12.89,12.08,12.09,10.65,10.23,10.64,10.8,10.85,10.48,10.05,10.07,8.38,8.12,9.57,12.14,12.97,13.94,16.48,17.74,17.45,15.62,14.63,13.33,10.96,8.55,6.31,5.22,5.79,6.26,7.34,7.41,6.39,5.51,5.37,5.3,5.0,5.04,5.48,5.89,6.54,6.43,6.24,6.6,6.84,7.07,7.79,8.73,9.27,9.47,9.25,9.21,9.61,10.68,12.25,12.74,11.9,11.08,11.92,14.55,15.2,14.63,13.31,13.06,14.08,15.19,15.37,15.13,14.99,15.24
10.04,11.88,13.43,13.69,13.95,14.24,13.92,13.93,14.07,14.04,12.83,12.74,11.49,11.59,10.5,10.32,7.79,6.73,7.38,8.69,8.68,8.17,9.31,11.14,12.39,12.59,13.8,17.13,20.61,20.09,17.46,14.62,13.57,11.56,9.18,7.47,6.4,5.73,6.33,6.79,6.7,6.16,6.12,6.51,6.68,6.77,7.26,7.86,9.2,9.88,9.47,8.01,7.3,7.39,7.77,8.49,9.34,10.04,10.42,10.17,10.16,10.72,11.38,12.81,13.92,13.29,13.48,14.86,16.12,16.36,15.3,14.67,15.16,16.55,17.4,17.51,17.35,16.85,17.46
12.27,12.48,12.22,12.27,12.72,14.26,14.53,14.02,13.71,12.8,12.81,11.85,10.73,11.74,10.62,10.2,7.19,7.16,7.66,8.97,9.73,10.51,11.36,12.09,13.35,13.86,15.01,16.51,18.01,19.51,16.57,13.96,12.3,11.16,9.46,8.32,7.7,7.22,6.65,6.95,7.31,7.84,8.37,8.39,7.95,8.09,8.77,9.71,10.06,10.39,9.92,8.74,8.63,8.78,8.92,9.25,9.66,10.16,10.66,11.2,11.97,11.7,11.09,11.65,13.31,13.84,13.81,14.73,16.62,17.78,17.32,16.35,16.2,16.91,17.4,18.22,19.66,19.76,19.22
8.68,9.49,10.24,10.89,11.47,12.17,12.97,13.53,13.68,13.13,12.34,10.03,8.8,8.6,9.73,9.21,9.25,9.77,9.37,9.73,10.73,10.82,10.56,10.89,11.65,13.34,14.23,14.44,13.74,14.9,13.08,11.13,10.33,9.94,9.62,9.07,9.28,8.68,8.65,8.3,8.73,9.11,9.38,9.22,9.11,9.55,10.22,10.58,10.84,10.65,11.27,10.1,10.42,10.75,10.78,11.12,11.64,11.84,11.74,11.91,12.53,13.07,12.92,12.71,13.03,13.58,14.15,14.91,15.7,16.38,17.37,17.86,16.77,16.64,17.22,18.08,20.2,21.88,21.11
8.71,9.58,10.3,10.81,11.12,11.51,12.01,11.98,11.7,11.2,10.35,9.99,9.47,8.63,9.25,10.24,10.38,10.95,11.17,10.76,10.45,10.03,10.33,10.33,10.55,11.63,12.4,12.16,10.95,9.09,10.55,7.29,7.94,8.77,9.24,9.66,10.12,10.47,9.91,10.09,10.09,10.07,10.44,10.66,10.93,11.35,11.66,11.81,11.83,11.75,11.39,11.33,11.59,11.84,11.79,11.43,11.41,11.77,12.13,12.19,12.23,12.32,12.64,13.15,13.74,14.15,14.63,14.94,15.32,15.9,16.97,17.95,18.15,18.46,19.15,19.9,20.94,21.06,19.8
8.07,9.04,9.76,10.35,10.46,9.74,8.32,8.26,8.96,9.4,9.87,10.31,9.54,8.73,7.49,5.77,6.43,7.19,8.19,8.9,9.05,9.43,9.66,10.42,10.73,11.39,11.7,11.58,10.31,8.75,6.3,8.52,6.98,8.36,9.3,9.91,9.99,10.84,10.86,10.67,10.83,11.14,11.17,11.27,11.55,11.69,11.75,11.71,11.76,12.03,12.08,11.89,11.77,11.75,11.46,11.2,11.03,11.11,11.67,12.17,12.28,12.35,12.61,13.03,13.48,14.12,14.9,15.43,15.62,16.02,17.26,17.99,17.98,18.58,19.59,21.24,21.73,21.44,20.76
7.63,8.63,9.35,9.27,8.96,7.97,8.55,8.6,7.61,7.71,8.51,7.49,5.88,3.55,3.7,4.8,5.71,6.61,7.65,8.86,9.82,9.65,9.58,10.59,11.83,12.8,13.25,12.86,11.95,10.05,8.17,4.28,8.77,8.48,9.22,9.85,10.17,10.28,10.69,11.21,11.39,11.5,11.6,11.62,11.5,11.4,11.47,11.78,12.02,12.06,11.8,11.5,11.16,10.91,10.64,10.41,10.38,10.41,10.69,11.29,11.95,12.66,13.3,14.01,14.5,14.82,15.35,15.6,16.15,17.07,18.26,19.41,19.39,19.16,19.45,19.17,18.81,18.13,14.77
6.53,6.62,7.75,7.84,7.84,6.39,3.95,1.82,2.32,1.18,1.31,1.45,2.95,4.38,5.63,6.95,8.21,7.38,5.15,3.36,3.93,5.77,7.36,9.01,11.09,12.96,14.18,14.33,13.3,11.5,9.39,7.38,4.22,4.94,9.97,8.6,9.23,9.43,10.05,10.56,10.93,11.34,11.44,11.26,11.26,11.31,11.38,11.3,11.38,11.17,10.87,10.55,10.4,10.43,10.5,10.5,10.7,11.12,11.68,12.29,12.85,13.51,14.02,14.45,14.85,15.54,16.28,16.83,17.21,17.53,18.04,18.67,18.69,17.84,15.73,10.46,4.86,4.76,8.24
5.23,5.4,4.56,4.4,3.28,3.7,3.97,2.9,2.7,2.6,3.6,4.81,6.12,7.14,6.74,4.98,1.25,-1.5,-1.98,-0.69,1.26,2.05,3.62,5.96,6.69,9.43,12.67,13.98,13.15,11.08,8.92,7.27,5.3,3.46,0.22,1.04,6.26,8.06,8.15,8.52,8.98,9.29,9.43,9.58,9.62,9.6,9.52,9.28,9.14,9.13,9.32,9.58,9.91,10.48,11.03,11.52,11.91,12.41,12.97,13.73,14.64,15.49,15.99,16.23,16.62,17.17,17.56,17.84,17.95,17.41,16.82,14.24,6.5,-0.13,2.49,6.65,8.18,9.74,11.4
3.79,3.52,3.79,3.85,4.54,4.44,4.24,5.28,5.5,6.16,5.71,7.16,3.91,-1.22,-5.78,-5.79,-4.57,-4.01,-2.8,-1.7,-0.79,0.14,1.16,2.07,2.82,3.09,2.64,4.25,7.88,7.66,5.75,4.91,4.73,3.98,2.73,1.77,0.86,-0.65,-1.24,-0.32,1.23,2.75,4.02,4.87,5.23,5.48,6.08,7.0,8.01,8.83,9.72,10.63,11.43,12.16,12.78,13.39,13.9,14.34,14.93,15.54,16.35,17.07,17.62,17.68,17.8,18.27,18.38,17.56,16.32,8.25,-1.55,-1.68,1.98,4.17,6.42,8.03,8.86,10.25,11.71
2.94,2.87,3.07,3.14,3.51,5.0,5.46,4.71,4.62,5.05,3.86,-4.01,-4.82,-4.56,-4.56,-4.28,-3.55,-3.11,-2.57,-1.93,-1.03,-0.56,-0.06,0.43,0.27,-0.36,-2.0,-3.19,-4.22,-3.44,1.13,4.66,4.88,4.31,4.21,4.92,4.42,4.04,4.15,4.1,4.4,4.88,5.39,6.02,6.8,7.67,8.66,9.66,10.55,11.4,12.21,12.97,13.64,14.17,14.5,14.91,15.32,15.81,16.27,16.71,17.28,17.68,17.85,17.57,17.77,17.35,10.06,-1.58,-5.19,-2.65,-0.96,1.73,3.32,1.37,4.68,7.88,9.53,10.29,10.76
2.39,2.81,3.02,2.49,2.13,1.77,2.34,4.39,4.32,-0.68,-4.29,-3.03,-3.24,-3.19,-3.48,-3.91,-3.67,-3.4,-2.87,-2.49,-2.0,-1.58,-1.42,-1.07,-1.14,-1.77,-2.45,-3.34,-4.21,-4.86,-5.38,-5.66,-5.99,-5.72,-3.89,-0.12,3.92,5.91,6.19,6.45,7.27,8.08,9.71,10.7,11.25,11.8,12.33,12.96,13.55,14.13,13.45,14.62,15.3,15.86,16.15,16.3,16.34,15.92,15.67,16.5,16.86,15.59,10.71,1.11,-6.77,-6.18,-4.58,-3.44,-1.9,-1.14,-0.69,-0.08,1.75,2.89,4.85,6.03,7.34,8.52,9.82
2.69,3.15,3.47,2.82,1.93,2.07,1.9,2.77,-0.32,-3.11,-3.49,-3.82,-3.95,-4.29,-4.68,-4.56,-4.22,-4.09,-3.9,-3.7,-3.38,-2.98,-2.84,-2.7,-2.63,-2.84,-3.15,-3.55,-3.94,-4.56,-5.39,-6.14,-6.39,-6.27,-6.23,-5.76,-5.64,-6.15,-6.46,-4.9,-1.22,3.73,8.5,11.27,12.52,12.87,12.31,12.37,11.99,12.26,13.43,14.32,14.24,11.62,6.59,0.49,-4.35,-6.86,-7.89,-7.94,-7.29,-6.29,-5.59,-5.28,-4.28,-2.95,-2.31,-1.7,-2.22,-1.18,0.86,2.13,3.31,4.0,4.63,6.01,7.46,7.71,8.35
3.27,3.39,3.34,2.61,2.12,2.0,1.67,0.98,-2.1,-3.58,-4.0,-4.41,-4.99,-5.76,-5.7,-5.32,-5.03,-4.56,-4.34,-3.91,-3.58,-3.73,-3.82,-3.96,-4.08,-4.4,-4.66,-4.86,-5.0,-5.11,-5.78,-6.71,-7.0,-7.13,-7.04,-6.72,-6.3,-6.01,-6.06,-6.36,-6.54,-7.02,-7.74,-8.64,-9.55,-10.0,-10.34,-10.6,-10.94,-10.82,-10.54,-10.09,-9.52,-8.87,-8.5,-8.3,-7.61,-6.85,-6.19,-5.41,-4.58,-3.77,-3.17,-2.09,-1.71,-1.52,-0.48,0.67,1.51,2.12,2.75,3.48,4.32,3.95,4.43,5.14,6.53,7.11,7.47
2.56,1.99,1.55,0.66,0.0,-1.01,-1.55,-2.0,-2.6,-3.82,-5.6,-7.0,-7.27,-6.68,-5.34,-4.36,-5.37,-5.05,-5.56,-5.67,-5.27,-4.04,-4.68,-4.09,-4.96,-5.49,-5.43,-4.72,-3.73,-3.44,-5.35,-7.46,-7.52,-7.65,-7.63,-6.98,-6.63,-6.32,-6.38,-6.53,-7.34,-8.21,-8.88,-9.51,-10.07,-10.42,-10.47,-10.14,-9.85,-9.76,-9.68,-9.38,-9.02,-8.51,-7.63,-6.62,-5.22,-4.15,-3.11,-2.66,-2.05,-1.2,-0.13,0.97,1.8,1.92,1.3,1.55,2.45,3.26,3.92,4.21,4.51,4.35,4.31,5.07,5.02,5.05,5.71
-0.33,-1.71,-3.13,-3.33,-4.26,-4.63,-5.95,-6.61,-6.06,-7.37,-8.74,-8.49,-7.18,-7.25,-7.02,-7.04,-6.67,-4.87,-4.58,-3.39,-0.9,0.65,0.69,-0.86,-1.99,-0.34,-3.54,-6.98,-6.01,-3.08,-1.34,0.69,0.61,-0.99,-4.87,-5.3,-4.64,-3.7,-4.4,-5.31,-5.96,-7.04,-7.72,-9.12,-9.96,-10.88,-11.36,-9.65,-6.85,-6.93,-6.95,-6.3,-6.29,-4.63,-5.97,-3.79,-2.66,-2.24,-1.79,-1.44,-0.86,-0.49,0.15,0.74,1.35,1.26,1.6,3.1,4.31,4.45,5.71,4.86,4.64,5.22,4.92,5.22,4.74,4.1,3.82
-4.32,-5.09,-5.69,-5.36,-4.54,-5.98,-5.17,-5.02,-6.97,-5.87,-4.89,-5.79,-7.63,-6.35,-5.78,-4.89,-5.03,-5.25,-3.09,-3.72,-0.3,-3.81,-5.94,-5.06,-5.61,-4.95,-2.83,-1.98,-1.2,-2.72,-3.69,-8.7,-7.47,-6.15,-2.66,4.31,5.62,0.71,-3.31,-3.16,-3.14,-3.32,-2.23,-3.04,-4.31,-7.04,-8.29,-3.85,-0.21,-2.35,-1.1,-6.59,-5.64,-5.74,-1.73,-2.67,-3.5,-1.84,-1.81,-0.88,-0.48,-0.14,-0.38,1.38,-0.97,3.56,5.22,4.55,4.33,5.9,5.28,4.86,5.19,5.17,5.09,5.06,4.86,4.18,3.52
-2.93,-4.75,-5.94,-4.54,-7.41,-8.73,-8.49,-8.84,-7.8,-7.47,-9.02,-8.89,-8.66,-8.9,-8.48,-7.76,-7.5,-8.83,-8.8,-1.49,-2.79,-6.27,-5.17,-7.31,-8.1,-7.96,-5.0,-2.53,-2.22,-3.07,-4.37,-5.49,-3.83,-3.33,-3.55,-4.65,-4.84,-4.9,-4.67,-4.95,-5.27,-6.0,-7.14,-6.8,-7.1,-6.98,-5.4,-4.56,-4.49,-5.23,-5.06,-5.83,-5.63,-6.53,-5.66,-4.41,-2.78,-1.79,-1.33,-0.23,1.47,2.85,3.94,3.21,4.31,-0.56,-4.74,4.58,6.47,3.63,3.59,4.01,4.5,5.53,6.03,5.96,5.87,5.71,5.26
-8.59,-9.26,-9.14,-8.27,-8.31,-8.24,-7.51,-7.47,-6.34,-6.85,-7.95,-8.02,-7.83,-8.35,-8.92,-8.52,-8.5,-8.17,-4.93,-4.18,-4.46,-5.36,-6.76,-8.12,-8.35,-5.83,-4.74,-3.82,-3.62,-4.28,-4.13,-3.33,-3.28,-3.55,-4.15,-4.68,-5.26,-5.37,-5.71,-5.87,-6.38,-6.43,-6.94,-7.02,-7.19,-6.94,-6.16,-5.16,-5.27,-5.18,-5.81,-6.19,-6.62,-7.56,-5.71,-5.67,-1.26,0.0,0.05,0.36,1.23,1.76,2.27,2.86,2.95,1.66,1.66,1.06,-1.73,-2.85,-1.84,1.63,1.77,-1.14,-0.32,2.06,2.34,1.47,2.0
-9.8,-9.63,-9.53,-8.94,-8.56,-7.74,-6.93,-6.66,-6.67,-6.54,-6.59,-7.1,-7.1,-8.12,-7.66,-7.6,-6.96,-4.74,-3.74,-4.87,-5.24,-5.31,-6.07,-6.25,-6.05,-5.96,-6.14,-5.29,-3.55,-3.2,-3.53,-3.8,-3.86,-3.59,-4.11,-4.54,-5.18,-5.58,-5.8,-6.03,-6.28,-6.46,-6.66,-6.53,-6.56,-6.76,-6.54,-6.35,-5.6,-4.93,-5.16,-5.66,-5.7,-4.84,-5.16,-2.98,-1.06,-1.25,-1.18,-1.1,0.43,2.14,3.54,4.56,3.74,2.81,1.62,0.38,-0.76,-0.63,-0.28,-1.06,-1.47,-1.15,-3.05,-3.68,-1.96,-0.35,0.78
-7.72,-8.52,-8.14,-7.16,-6.9,-6.76,-6.55,-6.21,-6.38,-6.73,-6.75,-6.39,-6.39,-6.64,-6.56,-6.67,-5.56,-4.56,-4.83,-5.58,-5.58,-5.1,-5.16,-5.4,-5.32,-5.21,-5.0,-3.36,-1.8,-1.91,-2.55,-3.27,-3.68,-4.0,-4.59,-4.87,-5.21,-5.51,-5.68,-5.67,-5.79,-5.94,-5.95,-5.94,-5.86,-5.88,-5.86,-5.74,-5.49,-5.0,-4.54,-4.24,-4.25,-3.6,-2.53,-1.09,-0.86,-1.24,-0.52,0.87,2.13,3.41,3.6,3.77,3.27,2.86,1.37,0.18,-0.37,-0.66,-1.01,-1.5,-1.59,-1.96,-2.39,-2.53,-2.67,-2.51,-2.09
-8.32,-7.69,-7.16,-7.01,-6.46,-5.94,-5.7,-5.96,-6.22,-6.05,-5.98,-5.95,-6.2,-6.82,-6.58,-5.85,-5.42,-5.07,-4.98,-4.88,-4.77,-4.51,-4.41,-4.36,-3.95,-3.08,-2.07,-1.43,-1.76,-2.35,-2.89,-3.64,-4.15,-4.53,-5.11,-5.1,-4.85,-5.06,-5.31,-5.4,-5.42,-5.47,-5.59,-5.51,-5.48,-5.5,-5.32,-4.97,-4.51,-4.15,-3.95,-3.3,-2.41,-1.6,-0.23,0.29,0.79,1.76,2.02,2.35,2.7,2.2,2.02,1.88,1.64,1.2,0.97,0.76,0.32,0.03,-0.42,-0.75,-0.98,-1.57,-1.96,-1.86,-1.85,-1.94,-1.78
-7.16,-6.69,-6.58,-6.59,-6.05,-5.85,-5.9,-5.89,-5.91,-5.89,-5.87,-6.02,-6.36,-6.31,-5.62,-5.16,-4.92,-4.7,-4.37,-4.1,-3.95,-3.85,-3.61,-3.18,-2.71,-2.23,-2.36,-2.57,-2.65,-3.17,-3.92,-3.99,-4.16,-4.39,-4.56,-4.87,-5.06,-5.08,-5.04,-5.11,-5.17,-5.11,-5.13,-5.04,-4.95,-4.76,-4.41,-3.98,-3.47,-3.21,-2.5,-1.14,-0.12,0.75,1.29,2.27,2.33,2.28,2.57,2.35,2.09,2.11,2.2,2.08,1.85,1.59,1.44,1.37,1.15,1.03,0.88,0.54,-0.08,-0.37,-0.34,-0.2,0.12,0.36,0.93
-6.8,-6.27,-6.51,-6.53,-6.2,-6.28,-6.1,-5.98,-5.9,-5.8,-5.76,-5.64,-5.64,-5.66,-5.46,-5.06,-4.59,-4.21,-3.9,-3.67,-3.48,-3.25,-3.03,-2.93,-2.7,-2.6,-2.75,-2.92,-3.09,-3.3,-3.36,-3.61,-3.66,-3.77,-3.97,-4.17,-4.26,-4.26,-4.34,-4.33,-4.16,-4.04,-4.02,-3.9,-3.64,-3.17,-2.6,-1.77,-1.01,-0.45,0.42,0.88,1.29,1.9,2.1,3.13,3.75,3.31,3.06,2.71,3.01,3.44,3.14,2.67,2.44,2.37,2.24,2.17,2.15,2.16,2.26,2.57,3.18,3.94,4.74,5.3,5.79,5.89,6.11
-7.18,-6.89,-6.58,-6.38,-6.57,-6.5,-6.17,-5.83,-5.73,-5.56,-5.21,-5.23,-5.4,-5.49,-5.46,-5.09,-4.47,-3.94,-3.67,-3.43,-3.19,-2.99,-2.79,-2.65,-2.6,-2.6,-2.64,-2.69,-2.69,-2.7,-2.71,-2.73,-2.87,-2.98,-3.04,-3.15,-3.3,-3.26,-3.17,-3.15,-3.08,-2.95,-2.71,-2.32,-1.68,-0.82,0.07,0.86,1.54,2.18,2.65,2.85,3.14,3.35,3.41,3.68,4.11,4.56,4.38,3.75,3.76,4.05,3.99,4.05,4.16,3.89,3.9,3.98,4.02,4.31,4.56,5.02,5.67,6.18,6.7,7.45,7.2,8.5,9.29
-7.25,-8.04,-8.1,-7.5,-6.85,-6.6,-6.51,-6.18,-5.88,-5.6,-5.34,-5.33,-5.37,-5.36,-5.37,-5.3,-4.78,-4.13,-3.59,-3.18,-2.93,-2.54,-2.06,-1.87,-1.89,-1.98,-2.0,-1.97,-1.81,-1.6,-1.52,-1.47,-1.45,-1.48,-1.46,-1.36,-1.26,-1.1,-0.85,-0.59,-0.22,0.28,0.79,1.34,1.94,2.47,2.91,3.5,4.06,4.48,4.7,4.58,4.61,4.75,4.63,4.49,4.5,4.86,5.03,4.95,5.01,4.92,4.81,4.92,4.88,4.68,4.64,4.67,4.68,4.68,4.76,5.05,5.2,5.11,4.89,4.8,5.38,4.06,1.07
-7.6,-7.92,-7.79,-7.58,-7.07,-6.55,-6.27,-6.19,-6.05,-5.85,-5.75,-5.46,-5.16,-5.23,-5.25,-5.15,-4.75,-4.11,-3.41,-2.83,-2.46,-2.15,-1.85,-1.58,-1.36,-1.13,-0.95,-0.67,-0.34,-0.18,0.1,0.37,0.59,0.75,0.95,1.21,1.45,1.71,2.02,2.3,2.6,2.93,3.1,3.28,3.56,3.9,4.3,4.77,5.35,5.73,5.67,5.71,5.73,5.76,5.7,5.55,5.48,5.59,5.63,5.57,5.64,5.77,5.8,5.86,5.79,5.62,5.65,5.82,5.86,5.86,5.94,5.98,5.88,5.65,5.44,5.41,5.55,5.41,4.63
-6.57,-7.07,-6.97,-6.45,-6.14,-6.2,-6.42,-6.45,-5.95,-5.16,-4.89,-4.95,-4.74,-4.66,-4.79,-4.67,-4.09,-3.31,-2.69,-2.22,-1.71,-1.03,-0.47,-0.17,0.14,0.51,0.6,0.63,1.14,1.66,1.86,2.17,2.5,2.67,2.8,2.96,3.1,3.26,3.46,3.61,3.76,3.96,4.07,4.2,4.43,4.65,4.91,5.36,5.95,6.28,6.36,6.43,6.5,6.49,6.4,6.17,5.93,5.87,5.94,5.98,6.05,6.13,6.04,6.07,6.29,6.4,6.52,6.79,6.99,7.08,7.36,7.75,8.03,8.21,8.29,8.27,8.16,6.76,5.3
-5.22,-5.75,-5.77,-5.46,-5.2,-4.95,-4.64,-4.32,-4.04,-3.85,-3.76,-3.68,-3.66,-3.6,-3.3,-2.67,-1.92,-1.3,-0.62,0.14,0.64,0.9,1.22,1.49,1.68,1.93,2.21,2.39,2.6,2.9,3.13,3.31,3.51,3.67,3.78,3.94,4.09,4.18,4.27,4.42,4.57,4.71,4.86,4.99,5.07,5.18,5.43,5.82,6.32,6.75,7.01,7.19,7.35,7.25,6.88,6.58,6.45,6.35,6.29,6.32,6.43,6.51,6.56,6.69,6.98,7.34,7.69,7.99,8.21,8.39,8.53,8.85,9.48,9.97,9.86,9.8,10.16,7.74,6.47
-2.9,-2.34,-2.06,-1.77,-1.35,-1.07,-1.05,-1.15,-1.24,-1.29,-1.2,-0.97,-0.66,-0.34,0.0,0.4,0.79,1.16,1.51,1.82,2.12,2.45,2.79,3.01,3.09,3.08,3.11,3.2,3.3,3.35,3.41,3.57,3.8,3.99,4.19,4.46,4.66,4.75,4.81,4.83,4.82,4.9,4.98,4.96,4.88,4.89,5.01,5.24,5.67,6.33,6.78,6.75,6.71,6.94,7.13,6.95,6.61,6.54,6.72,6.91,6.93,6.88,6.89,7.05,7.43,7.71,7.84,8.25,9.14,10.03,10.14,9.6,9.86,10.86,10.23,7.17,4.88,4.97,5.31
-0.39,-0.05,0.3,0.61,0.81,0.93,1.03,1.18,1.38,1.57,1.76,1.95,2.18,2.44,2.65,2.8,2.91,3.0,3.05,3.02,3.06,3.21,3.39,3.59,3.91,4.32,4.6,4.69,4.83,5.02,5.09,5.05,5.05,5.16,5.27,5.38,5.56,5.79,6.0,6.13,6.16,6.13,6.12,6.14,6.14,6.02,5.89,5.96,6.37,6.93,7.38,7.63,7.8,7.94,7.94,7.78,7.56,7.31,6.99,6.65,6.37,6.19,6.02,5.89,5.88,5.96,5.97,5.9,5.9,6.0,6.07,5.94,5.55,4.67,3.31,2.23,1.58,0.63,-1.1
2.66,2.9,3.09,3.24,3.38,3.52,3.64,3.71,3.75,3.78,3.8,3.82,3.87,3.96,4.1,4.31,4.53,4.73,4.86,4.98,5.11,5.23,5.31,5.31,5.25,5.24,5.36,5.61,5.83,5.93,5.93,5.83,5.68,5.44,5.26,5.27,5.52,5.88,6.24,6.52,6.7,6.75,6.7,6.64,6.61,6.54,6.33,6.03,5.71,5.36,5.04,4.86,4.85,4.92,4.94,4.89,4.84,4.85,4.82,4.6,4.09,3.47,2.91,2.47,2.05,1.61,1.28,1.17,1.35,1.7,2.0,2.06,1.69,1.05,0.45,0.28,0.67,1.55,2.4
3.95,4.07,4.16,4.24,4.3,4.4,4.48,4.57,4.65,4.72,4.79,4.87,4.93,5.02,5.14,5.27,5.4,5.5,5.54,5.56,5.6,5.63,5.65,5.6,5.44,5.24,5.05,4.93,4.92,5.05,5.35,5.77,6.21,6.46,6.42,6.03,5.44,4.85,4.38,4.09,3.95,3.89,3.85,3.78,3.7,3.62,3.52,3.43,3.35,3.32,3.31,3.26,3.08,2.74,2.28,1.82,1.39,1.03,0.72,0.45,0.26,0.09,-0.08,-0.27,-0.46,-0.61,-0.71,-0.79,-0.84,-0.8,-0.57,-0.09,0.66,1.49,2.14,2.45,2.52,2.66,2.82
5.56,5.63,5.72,5.79,5.79,5.8,5.8,5.82,5.9,6.0,6.12,6.24,6.31,6.31,6.28,6.22,6.11,5.98,5.85,5.69,5.54,5.41,5.32,5.25,5.2,5.1,4.99,4.82,4.65,4.5,4.4,4.34,4.32,4.3,4.26,4.18,4.05,3.91,3.8,3.73,3.74,3.78,3.78,3.67,3.45,3.15,2.76,2.28,1.71,1.1,0.5,-0.06,-0.51,-0.89,-1.23,-1.55,-1.9,-2.29,-2.68,-3.04,-3.31,-3.43,-3.39,-3.22,-2.96,-2.66,-2.36,-2.07,-1.81,-1.57,-1.35,-1.18,-1.12,-1.2,-1.38,-1.73,-2.16,-2.55,-2.81
