static/gfs.json
{"header": {"discipline":0,"disciplineName":"Meteorological products","gribEdition":2,"gribLength":76318,"center":7,"centerName":"US National Weather Service - NCEP(WMC)","subcenter":0,"refTime":"2017-04-20T18:00:00.000Z","significanceOfRT":1,"significanceOfRTName":"Start of forecast","productStatus":0,"productStatusName":"Operational products","productType":1,"productTypeName":"Forecast products","productDefinitionTemplate":0,"productDefinitionTemplateName":"Analysis/forecast at horizontal level/layer at a point in time","parameterCategory":2,"parameterCategoryName":"Momentum","parameterNumber":3,"parameterNumberName":"V-component_of_wind","parameterUnit":"m.s-1","genProcessType":2,"genProcessTypeName":"Forecast","forecastTime":0,"surface1Type":103,"surface1TypeName":"Specified height level above ground","surface1Value":10,"surface2Type":255,"surface2TypeName":"Missing","surface2Value":0,"gridDefinitionTemplate":0,"gridDefinitionTemplateName":"Latitude_Longitude","numberPoints":65160,"shape":6,"shapeName":"Earth spherical with radius of 6,371,229.0 m","gridUnits":"degrees","resolution":48,"winds":"true","scanMode":0,"nx":360,"ny":181,"basicAngle":0,"subDivisions":0,"lo1":0,"la1":90,"lo2":359,"la2":-90,"dx":1,"dy":1,"convert-by":"Asper","site":"https://airmap.g0v.asper.tw"}, "data":
[rows 0 to 35 of 181, columns 243 to 323 of 360]
4.2,4.19,4.17,4.16,4.15,4.13,4.12,4.1,4.08,4.06,4.04,4.01,3.99,3.96,3.94,3.91,3.88,3.85,3.82,3.79,3.76,3.72,3.68,3.65,3.61,3.57,3.53,3.49,3.45,3.4,3.36,3.31,3.27,3.22,3.17,3.12,3.07,3.02,2.97,2.92,2.86,2.81,2.75,2.69,2.64,2.58,2.52,2.46,2.4,2.34,2.28,2.21,2.15,2.09,2.02,1.96,1.89,1.83,1.76,1.69,1.62,1.55,1.49,1.42,1.35,1.28,1.21,1.13,1.06,0.99,0.92,0.85,0.78,0.7,0.63,0.56,0.48,0.41,0.34,0.26,0.19
3.73,3.72,3.72,3.71,3.7,3.69,3.68,3.67,3.66,3.65,3.63,3.62,3.6,3.58,3.55,3.54,3.53,3.51,3.49,3.47,3.45,3.43,3.42,3.39,3.36,3.32,3.29,3.26,3.22,3.18,3.14,3.1,3.05,3,2.95,2.9,2.84,2.79,2.74,2.67,2.62,2.56,2.49,2.42,2.36,2.28,2.22,2.14,2.08,2.01,1.93,1.86,1.78,1.71,1.63,1.56,1.48,1.41,1.33,1.25,1.17,1.1,1.02,0.95,0.87,0.8,0.72,0.65,0.57,0.5,0.42,0.35,0.27,0.19,0.12,0.04,-0.02,-0.1,-0.17,-0.24,-0.31
3.14,3.13,3.12,3.12,3.12,3.12,3.12,3.14,3.13,3.14,3.16,3.18,3.19,3.2,3.2,3.21,3.22,3.23,3.23,3.22,3.19,3.16,3.12,3.07,3.03,2.97,2.92,2.86,2.79,2.72,2.65,2.57,2.49,2.42,2.35,2.27,2.2,2.12,2.05,1.97,1.9,1.83,1.76,1.69,1.62,1.55,1.48,1.42,1.36,1.29,1.22,1.15,1.08,1.01,0.94,0.87,0.8,0.72,0.65,0.57,0.5,0.42,0.34,0.27,0.19,0.11,0.03,-0.05,-0.13,-0.21,-0.29,-0.37,-0.45,-0.52,-0.6,-0.68,-0.76,-0.83,-0.9,-0.98,-1.06
2.46,2.45,2.47,2.5,2.53,2.59,2.64,2.72,2.79,2.84,2.89,2.93,2.95,2.95,2.92,2.88,2.83,2.78,2.71,2.63,2.54,2.46,2.38,2.3,2.23,2.16,2.1,2.04,1.99,1.95,1.9,1.87,1.83,1.79,1.76,1.72,1.68,1.64,1.6,1.55,1.51,1.46,1.41,1.35,1.3,1.23,1.17,1.09,1.03,0.95,0.87,0.8,0.71,0.64,0.55,0.47,0.38,0.3,0.22,0.13,0.05,-0.04,-0.12,-0.21,-0.29,-0.38,-0.46,-0.55,-0.64,-0.72,-0.81,-0.89,-0.98,-1.06,-1.15,-1.22,-1.31,-1.39,-1.47,-1.54,-1.62
1.82,1.73,1.66,1.6,1.55,1.52,1.52,1.55,1.61,1.68,1.76,1.84,1.89,1.91,1.91,1.9,1.88,1.83,1.78,1.72,1.67,1.61,1.56,1.51,1.46,1.41,1.36,1.32,1.28,1.24,1.2,1.17,1.13,1.1,1.07,1.03,1,0.97,0.93,0.9,0.86,0.83,0.78,0.74,0.7,0.66,0.61,0.56,0.5,0.45,0.39,0.33,0.27,0.2,0.14,0.08,0.01,-0.05,-0.13,-0.19,-0.28,-0.35,-0.44,-0.53,-0.61,-0.71,-0.8,-0.89,-0.99,-1.08,-1.18,-1.27,-1.35,-1.44,-1.52,-1.6,-1.68,-1.75,-1.82,-1.89,-1.96
1.19,1.03,0.86,0.7,0.56,0.43,0.35,0.31,0.3,0.33,0.38,0.44,0.5,0.56,0.6,0.61,0.61,0.59,0.56,0.53,0.48,0.43,0.39,0.34,0.29,0.25,0.21,0.17,0.13,0.1,0.07,0.05,0.03,0.01,0,-0.01,-0.02,-0.03,-0.03,-0.04,-0.04,-0.05,-0.07,-0.09,-0.11,-0.15,-0.19,-0.23,-0.29,-0.33,-0.39,-0.44,-0.49,-0.54,-0.59,-0.63,-0.68,-0.73,-0.78,-0.82,-0.86,-0.91,-0.96,-1.02,-1.08,-1.15,-1.24,-1.32,-1.41,-1.51,-1.62,-1.72,-1.83,-1.92,-2.01,-2.09,-2.16,-2.22,-2.27,-2.32,-2.36
0.54,0.36,0.17,-0.01,-0.18,-0.33,-0.45,-0.56,-0.64,-0.7,-0.74,-0.76,-0.77,-0.77,-0.78,-0.78,-0.77,-0.77,-0.76,-0.76,-0.76,-0.76,-0.77,-0.79,-0.82,-0.86,-0.9,-0.94,-0.96,-1,-1.01,-1.03,-1.03,-1.04,-1.04,-1.02,-1,-0.98,-0.94,-0.9,-0.86,-0.83,-0.8,-0.79,-0.78,-0.8,-0.83,-0.88,-0.94,-1.02,-1.08,-1.14,-1.19,-1.22,-1.24,-1.23,-1.21,-1.16,-1.09,-1.01,-0.91,-0.81,-0.73,-0.67,-0.63,-0.61,-0.61,-0.63,-0.65,-0.68,-0.73,-0.8,-0.88,-0.99,-1.11,-1.24,-1.38,-1.68,-1.87,-1.92,-1.95
0.03,-0.11,-0.24,-0.37,-0.51,-0.64,-0.77,-0.88,-0.98,-1.07,-1.13,-1.17,-1.21,-1.26,-1.27,-1.31,-1.37,-1.42,-1.49,-1.57,-1.62,-1.67,-1.72,-1.73,-1.76,-1.8,-1.8,-1.78,-1.75,-1.74,-1.8,-1.92,-2.13,-2.36,-2.57,-2.46,-2.17,-1.71,-1.22,-0.78,-0.48,-0.25,-0.23,-0.27,-0.13,0.23,0.48,0.52,0.23,-0.41,-0.89,-1.24,-1.22,-1.69,-2.07,-2.19,-2,-1.53,-0.94,-0.38,0.12,0.54,0.88,1.11,1.21,1.16,0.98,0.75,0.52,0.35,0.25,0.21,0.21,0.2,0.15,0.02,-0.17,-0.38,-0.51,-0.54,-0.54
-0.34,-0.42,-0.51,-0.62,-0.74,-0.88,-1,-1.14,-1.27,-1.41,-1.53,-1.65,-1.74,-1.84,-1.95,-2.02,-2.06,-2.04,-1.95,-1.74,-1.42,-0.99,-0.55,-0.03,0.45,0.69,0.51,-0.1,-0.8,-1.45,-2.21,-2.7,-2.93,-2.55,-2.01,-1.34,-1.14,-0.83,-0.76,-0.84,-1.11,-1.42,-1.42,-1.33,-1.54,-1.86,-1.99,-1.7,-0.99,-0.41,-0.4,-0.85,-1.69,-2.83,-3.45,-3.68,-3.33,-2.23,-1.04,-0.02,0.92,1.45,1.36,0.58,-0.42,-1.17,-1.25,-0.61,0.29,0.85,0.55,-0.13,-0.46,0.13,1.09,1.87,2.09,1.8,1.21,0.48,-0.16
-0.22,-0.26,-0.29,-0.3,-0.3,-0.29,-0.27,-0.26,-0.25,-0.25,-0.23,-0.2,-0.14,-0.12,-0.17,-0.28,-0.3,-0.04,0.43,0.78,0.75,0.45,0.26,0.29,0.12,-0.94,-2.76,-3.98,-3.71,-2.67,-1.21,0.27,1.56,1.88,1.5,0.99,0.31,0.17,0.25,-0.05,-0.88,-1.62,-1.38,-0.83,-0.55,-0.82,-0.81,-0.19,0.43,0.36,-0.36,-1.69,-2.6,-2.99,-3.19,-2.5,-0.77,0.95,2.54,3.27,2.73,1.84,1.24,0.96,0.95,0.89,0.72,0.53,0.46,0.5,0.62,0.81,1.13,1.69,2.4,2.96,3.03,2.44,1.53,0.53,-0.41
0.87,1.06,1.22,1.32,1.36,1.36,1.32,1.27,1.17,1.03,0.83,0.63,0.46,0.31,0.09,-0.24,-0.57,-0.76,-0.86,-1.17,-1.57,-1.53,-1.21,-0.71,-0.48,-0.11,-0.19,-0.83,-1.61,-1.91,-1.68,-1.03,-0.38,-0.07,-0.36,-1.83,-2.74,-2.78,-2.07,-1.3,-0.58,0.19,0.37,0.22,-0.02,-0.32,-1.25,-2.5,-2.92,-1.94,0.07,2.06,3.15,3.25,2.91,2.43,1.98,1.81,2.59,3.36,3.73,3.68,3.25,2.8,2.39,2.14,1.79,1.37,1.05,0.92,0.89,0.91,0.96,1.01,0.96,0.71,0.27,-0.17,-0.37,-0.34,-0.24
2.01,2.29,2.44,2.44,2.32,2.13,1.91,1.69,1.46,1.28,1.11,0.9,0.7,0.59,0.33,-0.32,-1.34,-2.12,-2.34,-2.33,-2.62,-3.01,-2.92,-2.03,-0.61,0.4,0.34,-0.58,-1.56,-1.43,-1.54,-1.48,-1.58,-1.27,-0.91,-0.29,0.4,0.21,-0.76,-1.45,-1.39,-1.18,-0.15,2.8,5.58,6.73,6.25,4.93,3.26,1.77,1.03,0.71,0.69,1.16,2.08,3.09,3.74,3.84,3.46,2.84,2.12,1.29,0.51,-0.02,-0.31,-0.41,-0.44,-0.4,-0.35,-0.31,-0.3,-0.32,-0.4,-0.58,-0.85,-1.12,-1.34,-1.47,-1.56,-1.65,-1.78
2.96,3,2.83,2.52,2.3,2.12,1.79,1.5,1.22,0.81,0.41,0.06,-0.37,-0.75,-0.81,-0.8,-1.18,-1.71,-1.93,-1.88,-1.87,-2.09,-2.7,-3.38,-3.31,-2.21,-0.73,0.52,0.98,0.74,0.18,-0.12,0.08,0.23,-0.05,-0.84,-1.25,-0.08,1.04,1.06,0.41,0.57,2.67,5.31,6.33,5.04,4,3.86,3.61,3.07,2.99,3.8,4.82,5.28,5.3,5.3,5.26,5.02,4.64,4.08,3.44,2.79,2.16,1.54,0.97,0.62,0.62,0.93,1.28,1.34,1.06,0.62,0.13,-0.28,-0.62,-0.95,-1.28,-1.6,-1.84,-1.98,-2.04
2.38,1.81,1.42,1.34,1.49,1.68,1.62,1.23,0.7,0.22,-0.04,-0.34,-0.82,-1.3,-1.67,-1.9,-2.03,-2.22,-2.61,-2.98,-2.79,-1.85,-1.25,-1.59,-2.1,-2.09,-1.83,-1.85,-2.21,-2.26,-1.83,-1.13,-1.19,-1.93,-2.18,-1.19,0.48,0.85,-0.02,-0.22,1.02,2.85,4,4.17,3.81,3.16,2.18,1.56,1.37,1.05,0.77,1.54,3.03,2.99,2.21,1.95,2.32,2.46,2.4,2.31,2.21,2.13,2.19,2.22,2.14,2.25,2.33,2.3,1.99,1.57,1.15,0.87,0.64,0.35,0.02,-0.34,-0.67,-0.92,-1.04,-1.06,-1.07
-0.03,-0.78,-0.99,-0.52,0.62,1.6,1.84,1.19,0,-0.52,-0.73,-1.27,-2.14,-2.72,-2.97,-2.87,-2.75,-2.85,-3.4,-3.98,-3.4,-2.46,-2.37,-2.76,-2.55,-2.39,-2.69,-2.93,-2.19,-0.93,-0.44,-1.41,-2.67,-2.93,-1.68,0.3,0.77,-0.1,-0.17,0.61,1.32,1.61,1.77,2.04,2.34,2.6,2.79,2.65,1.6,-0.28,-1.48,-1.77,-0.78,0.08,-0.06,-0.98,-1.54,-1.28,-0.5,0.43,0.89,0.73,0.74,1.05,1.44,1.88,2.19,2.27,2.28,2.21,1.97,1.61,1.17,0.6,-0.02,-0.7,-1.27,-1.55,-1.56,-1.45,-1.39
2.11,1.06,0.3,0.41,0.24,0.13,-0.01,-0.86,-1.23,-1.15,-1.63,-2.3,-2.71,-2.99,-2.99,-2.95,-2.79,-2.55,-2.87,-3.81,-4.31,-3.89,-3.41,-4.06,-4.24,-2.77,-1.68,-2.15,-3.06,-3.3,-3.11,-3.03,-1.98,0.47,0.19,-2.22,-2.59,-2.26,-1.75,-0.76,-0.29,-0.37,-0.45,-0.45,-0.43,-0.35,-0.13,0.15,0.38,0.47,0.55,0.62,0.53,0.2,-0.26,-0.8,-1.47,-2.26,-2.82,-2.46,-0.9,0.55,1.1,1.33,1.94,2.18,2.36,3.11,3.94,3.56,2.5,1.67,0.99,0.37,-0.24,-0.74,-1.01,-1.07,-1.07,-1.04,-1.09
1.38,0.98,0.64,0.33,-0.32,-0.96,-1.34,-1.55,-1.69,-1.84,-1.95,-2.05,-2.43,-2.81,-2.96,-3.15,-3.21,-3.03,-2.96,-3.13,-3.56,-3.47,-2.51,-2.16,-2.6,-2.75,-2.86,-3.26,-2.93,-2.3,-1.81,-1.48,-1.55,-1.49,-1.47,-2.53,-3.24,-2.57,-1.81,-0.74,-0.22,-0.47,-0.62,-0.75,-1.06,-1.33,-1.45,-1.43,-1.26,-0.68,0.32,1.38,2.06,2.15,1.63,0.81,0.03,-0.81,-1.86,-2.88,-3.3,-1.45,2.51,5.38,6.19,6.49,6.45,5.42,4.53,4.24,3.82,3.09,2.02,0.8,-0.11,-0.58,-0.8,-0.99,-1.18,-1.35,-1.46
-0.82,-0.43,-0.61,-1.45,-1.17,-1.03,-1.2,-1.13,-1.69,-1.57,-1.32,-2.19,-3.31,-3.76,-3.75,-3.47,-2.99,-2.56,-3.29,-4.43,-4.72,-4.11,-3.56,-3.98,-4.24,-4.59,-4.38,-2.71,-0.74,-0.91,-2.66,-3.61,-2.16,-0.99,-0.86,-1.58,-1.05,0.79,0.45,-1.06,-1.27,-0.94,-0.99,-1.24,-1.68,-2.11,-2.43,-2.64,-1.68,0.51,1.73,1.94,2.33,3.07,3.51,3.09,1.91,0.65,-0.4,-1.29,-1.93,-1.11,0.52,1.46,1.69,3.4,5.48,5.61,5.48,5.21,4.29,3.23,2.03,1.04,0.46,-0.13,-0.79,-0.95,-0.73,-0.76,-1.13
0.42,-0.23,-0.85,-0.98,-1.02,-1.23,-1.67,-2.67,-3.57,-2.69,-2.46,-4.06,-4.41,-3.89,-3.56,-3.59,-3.57,-3.48,-3.62,-3.78,-3.88,-2.92,-2.28,-3.46,-2.99,-2.41,-1.88,-0.85,-0.5,-1.12,-1.91,-1.69,-0.47,-0.19,-0.63,-1.4,-1.84,-1.73,-1.63,-0.06,0.22,-0.93,-1.88,-2.73,-2.59,-2.44,-2.88,-3.67,-3.39,-0.37,1.74,1.65,1.87,2.43,2.84,3,3.01,2.96,2.55,1.67,0.32,-0.71,0.01,0.8,0.72,2.84,5.19,5.78,5.16,4.37,3.82,3.07,2.2,1.38,0.59,0.1,-0.14,-0.24,-0.43,-0.65,-0.7
0.69,0.47,-0.32,-1.13,-1.52,-2.01,-2.54,-3.12,-3.69,-3.83,-3.48,-3.27,-3.61,-3.9,-3.61,-3.36,-3.28,-3.22,-3.31,-3.57,-3.22,-1.62,-1.02,-1.91,-3.1,-3.54,-2.84,-2.16,-1.42,-0.9,-0.76,-0.73,-0.92,-1.14,-1.16,-1.24,-1.09,-0.75,-0.39,-0.35,-1.12,-1.42,-2.43,-3.03,-1.41,-1.1,-2.27,-2.87,-3.39,-3.72,-1.25,0.83,0.69,1.43,2.23,2.94,3.49,3.47,2.82,1.87,1.23,0.79,-0.36,-0.33,-0.06,0.83,3.3,4.63,3.71,5.42,4.9,3.9,2.78,1.53,0.32,-0.63,-1.21,-1.48,-1.6,-1.77,-1.85
-1.06,-0.76,-1.36,-1.8,-2.07,-2.08,-2.43,-2.96,-3.74,-4.11,-4.19,-4.38,-4.82,-4.94,-4.66,-4.09,-3.55,-3.21,-2.89,-2.46,-1.64,-0.34,-0.24,-1.59,-3.4,-4.75,-3.9,-2.54,-1.45,-0.82,-0.37,-0.7,-1.54,-1.54,-1.95,-2.77,-2.79,-2.28,-2.05,-1.19,0.57,1.88,2.87,1.34,-0.91,-1.38,-0.69,-1.09,-2.2,-4.32,-6.3,-4.59,-2.81,-2.95,-0.5,1.69,2.43,3.09,3.63,3.98,3.82,2.57,1,1.81,0.35,-1.57,-0.48,2.2,5.64,6.21,5.04,4.14,2.74,1.35,0,-1.1,-1.86,-2.26,-2.6,-2.58,-2.01
-2.3,-0.72,-0.34,-1.11,-1.61,-2.67,-3.55,-3.92,-4.11,-4.32,-4.22,-3.9,-4.26,-4.45,-4.36,-4.03,-3.57,-3.16,-2.5,-1.97,-2,-1.84,-1.6,-1.43,-1.06,-0.97,-1.81,-2.29,-1.79,-1.92,-1.91,-1.35,-0.92,-2.42,-4.01,-4.22,-3.38,-2.61,-1.58,0.12,2.08,3.19,3.39,3.27,2.83,2.08,2.04,1.93,1.45,-0.39,-3.91,-5.28,-4.55,-2.87,0.75,3.91,5.42,5.97,5.68,5.21,4.38,3.36,2.28,-0.64,-3.76,-2.96,1.62,4.77,6.39,5.85,4.75,4.09,2.9,1.22,-0.39,-1.43,-2.23,-2.7,-2.52,-2.15,-0.89
-1.84,-2.41,-2.11,-1.99,-1.78,-1.47,-1.59,-2.59,-3.51,-3.5,-3.43,-3.56,-3.93,-3.96,-4.03,-3.75,-3.32,-2.97,-2.51,-2.09,-1.78,-1.19,-0.7,0.12,1.19,0.93,0.01,-0.41,-0.91,-1.7,-1.88,-1.35,-1.55,-2.77,-3.99,-4.07,-2.96,-1.78,-0.04,2.23,3.72,4.23,4.31,4.08,4.11,3.52,2.66,1.75,0.36,-0.57,-1.7,-2.33,-2.24,-2.85,-2.59,-1.39,0.92,3.69,4.93,5.46,6.1,7.34,6.49,2.26,1.05,1.58,2.71,5.1,4.28,3.41,5.04,4.39,2.27,-0.13,-2.31,-3.75,-4.71,-4.34,-1.81,0.23,0.8
-1.09,-1.71,-2.39,-3.67,-3.57,-3.25,-3.13,-3.24,-3.16,-3.94,-3.68,-3.72,-4.11,-4.17,-4.03,-3.7,-3.49,-2.96,-2.29,-1.67,-0.97,-0.24,0.46,0.58,0.88,1.71,1.74,0.9,0.02,-1.66,-2.41,-1.41,-1.26,-1.43,-1.08,-1.04,-0.97,-0.24,1.12,2.49,3.55,4.13,4.24,3.92,3.56,3.22,2.36,1.22,0.87,0.11,0.55,0.76,0.56,0.1,-2.2,-2.95,-3.2,-2.12,2.84,5.61,5.63,5.86,5.98,7.61,1.76,-0.49,1.63,5.42,6.39,5.96,5,3.06,0.93,-1.8,-4.72,-7.58,-8.68,-2.83,1.47,0.95,0.2
-0.96,-1.8,-2.02,-2,-2.76,-3.14,-2.83,-2.88,-3.56,-4.47,-5.1,-4.92,-4.65,-4.82,-4.77,-4.32,-3.82,-2.96,-1.97,-1.11,-0.43,0.32,0.9,0.91,0.87,0.94,1.31,1.08,0.29,-1.19,-1.76,-0.66,-0.03,-0.25,-0.2,-0.03,0.63,1.52,2.32,2.84,2.97,3.07,3.01,3.22,3.53,3.34,3.44,3.09,1.28,-0.51,0.13,1.47,1.21,0.19,2.3,1.56,2.17,5.12,5.53,4.59,4.72,5.53,5.87,7,6.09,4.64,6.62,5.94,5.52,6.85,5.49,3.36,0.74,-3.37,-6.26,-10.08,-11.72,-4.78,1.08,-0.55,0.31
-1.87,-1.93,-2.11,-2.46,-2.94,-3.13,-3.36,-3.43,-4.4,-5.34,-6.06,-5.54,-4.69,-4.21,-3.95,-3.45,-2.95,-2.52,-2.05,-1.34,-0.61,0.1,0.76,1.18,1.26,1.02,0.9,1.04,0.67,0.44,-0.33,-0.3,0.59,0.46,-0.47,0.2,1.58,1.81,2.23,2.36,1.27,1.7,2.79,3.48,3.47,3.67,4.26,4.13,3.59,2.61,1.09,-0.8,-2.25,-1.28,1.28,3.03,3.72,3.39,2.5,2.95,4.16,3.68,5.17,5.57,4.99,5.41,2.17,3.63,5.97,5.1,4.69,3.42,0.86,-1.15,-4.26,-4.91,-8.31,-8.44,-2.46,-1.39,-0.73
-2.85,-2.78,-2.74,-2.64,-2.44,-2.58,-2.87,-3.21,-3.87,-4.3,-4.32,-2.9,-2.49,-2.9,-2.53,-1.96,-2.16,-2.77,-2.75,-2.09,-1.58,-0.8,0.38,1.26,1.54,1.21,0.65,0.45,0.09,0.53,0.44,0.14,0.28,1.03,0.97,1.17,1.24,1.29,1.52,1.37,1.27,1.55,1.68,2.65,4.43,5.85,6.25,4.81,2.46,2.04,1.01,-0.85,-0.42,0.41,0.47,0.91,1.3,2.02,3.01,3.34,3.14,3.73,4.1,2.83,1.8,5.12,4.15,4.33,3.35,3.49,3.06,2.24,0.7,-1.37,-4.17,-5.75,2.21,4.56,-2.98,-3.06,-1.06
-2.56,-3.02,-3.21,-3.26,-3.27,-3.28,-3.53,-3.52,-3.46,-3.43,-3.14,-3.28,-3.14,-2.41,-2.22,-3.88,-4.6,-1.48,1.32,2.65,4.02,4.82,4.74,4.12,3.52,2.68,1.52,0.74,0.31,0.39,0.81,0.93,0.73,1.11,1.46,1.6,1.99,2.26,1.49,1.21,1.3,1.3,2.45,3.8,3.58,4.1,4.72,4.27,2.35,1.43,-1.21,-0.66,0.5,1.55,1.92,2.17,2.45,2.73,2.76,2.29,2.04,1.74,1.01,0.26,1.01,1.6,5.6,6.63,6.02,6.25,4.57,0.89,-2.64,-5.36,-2.7,0.74,2.59,2.95,2.23,0.43,-0.05
-2.7,-2.63,-3.46,-4.21,-3.26,-3.39,-2.97,-2.7,-2.5,-2.52,-2.34,-2.15,-2.11,-1.82,-1.87,-1.77,-1.48,-0.66,1.66,3.56,4.75,4.4,4.29,3.9,3.62,3.1,2.49,1.74,1.41,1.29,1.01,0.72,0.71,1.05,1.79,2.61,3.14,2.93,3.02,3.52,4.16,4.22,3.84,4.03,2.27,0.28,2.22,2.4,1.96,1.14,0.09,1.71,2.8,2.19,1.84,1.51,1.29,0.98,0.5,0.02,-0.95,-3.32,0.87,2.33,0,0.94,1.67,8.22,1.61,4.1,5.8,4.05,1.95,-0.69,-0.61,2.67,4.39,1.62,0.23,0.15,0.54
-2.56,-4.02,-4,-3.86,-3,-3.48,-3.43,-2.87,-2.29,-1.99,-1.94,-1.83,-1.66,-1.3,-0.71,-0.11,0.95,1.62,2.55,2.72,2.95,2.89,3.37,3.71,3.82,4,3.74,2.86,2.08,1.44,1.15,1.15,1.34,1.67,2.03,2.46,2.86,3.2,3.49,3.75,3.95,3.94,3.45,3,2.93,2.95,2.2,0.64,1.2,1.74,1.89,2.29,2.63,2.13,0.69,-0.48,-1.26,-1.84,-2.54,-3.85,-7.03,0.7,2.31,0.8,0.59,1.88,3.5,2.98,4.41,2.53,0.67,0.59,-0.94,-1.78,2.81,4.2,3.4,2.23,2.23,2.1,1.81
-2.93,-3,-2.72,-3.19,-3.45,-3.11,-3.1,-2.77,-2.79,-2.44,-2.14,-1.96,-1.22,-0.7,-0.13,0.35,1.21,2.63,2.73,2.21,1.92,1.94,2.56,3.26,2.79,2.56,2.28,1.72,1.32,1.27,1.51,1.89,2.28,2.58,2.8,3,3.32,3.52,3.61,3.76,3.54,3.23,3,2.95,2.76,2.54,1.79,1.2,1.4,1.48,2.25,3.74,4.66,-0.62,-3.54,-4.72,-5.22,-5.58,-6.78,-9.72,0.64,1.13,2.03,1.35,2.17,3.12,3.48,3.68,3.57,3.12,2.5,2.25,0.99,1.88,4.61,4.9,4.31,3.41,2.43,1.98,1.72
-4,-2.61,-2.94,-3.55,-4.12,-3.71,-3.5,-3.68,-3.79,-3.3,-2.43,-2.09,-0.75,0.36,1.04,1.53,1.96,2.15,1.95,1.7,1.36,1.12,0.93,-0.01,1.28,0.49,-0.23,-1.02,-1.36,-0.18,1.78,3.09,3.93,4.25,4.29,4.23,4.13,3.78,3.93,4.44,4.37,3.78,3.4,2.86,2.31,1.88,0.76,0.21,-0.1,0.34,1.04,0.94,-0.02,-0.12,-3.36,-5.26,-6.86,-7.36,-11.1,-1.29,0.37,1.98,1.37,2.77,3.87,3.42,3.34,4.7,5.55,5.23,4.52,3.78,3.15,2.82,2.64,2.6,2.54,2.27,1.68,1.17,1
-3.2,-1.42,-2.99,-3.76,-3.62,-3.52,-4.91,-4.43,-3.68,-3.04,-0.91,0.93,0.94,0.98,0.31,0.54,1.38,1.69,1.42,1.06,0.61,0.06,-0.7,-0.9,-1.54,-2.39,-3.25,-2.52,1.44,4.34,5.65,5.96,5.98,5.92,6.02,6.05,5.88,5.69,5.4,4.95,4.52,3.47,2.78,0.99,0.13,-0.35,-0.59,-0.49,-0.12,-0.71,-1.45,-2.13,-2.49,-1.74,-0.79,-4.66,-6.98,-7.67,-2.07,0.48,1.74,2.71,4.46,4.68,3.99,4.37,5.77,5.92,5.52,5.26,5.02,4.43,3.68,2.96,2.24,1.54,1.02,0.78,0.68,0.38,-0.11
-3.5,-2.76,-4.25,-2.53,-2.45,-4.06,-3.83,-1.45,0.23,1.02,0.83,0.57,0.04,-0.3,0.3,1.72,3.06,3.42,2.61,1.18,0.49,-0.48,-1.09,-1.66,-1.95,-2.31,-1.46,0.16,1.77,4.55,6.37,7.31,7.2,6.94,6.59,6.32,5.88,5.21,4.5,4.06,3.76,1.95,1.35,0.59,0.23,-0.42,-0.55,-0.94,-1.22,-1.38,-1.98,-2.44,-2.6,-3.58,-2.64,-1.84,-7.42,-6.69,-0.1,3.1,3.81,4.64,5.45,5.15,5.45,6.13,6.29,6.19,5.94,5.58,4.71,3.79,2.86,1.96,1.28,0.84,0.42,-0.14,-0.57,-0.91,-1.43
-1.57,-1.08,-0.62,-0.39,0.5,1.54,1.28,1.24,2.26,3.05,2.62,1.69,1.56,1.54,2.11,2.5,2.28,1.78,0.89,-0.16,-0.7,-1.16,-1.77,-2.04,-2.29,-1.43,-0.08,1.24,2.45,3.58,5.5,7.48,8.16,7.57,7.63,7.12,5.84,4.55,4.06,2.7,0.78,1.25,0.89,0.19,-0.36,-0.83,-0.92,-1.66,-1.95,-1.9,-2.66,-3,-3.7,-3.7,-3.39,-1,-4.78,-3.04,2.87,3.27,3.99,5.41,5.79,5.71,6.76,7.23,6.89,6.58,5.92,4.81,3.6,2.51,1.45,0.38,-0.61,-1.3,-1.68,-2.26,-2.9,-3.07,-3.09
-0.23,-0.56,-1.46,-0.16,1.47,3.16,3.63,3.31,3.52,3.02,2.66,1.58,1.47,1.4,1.48,0.58,-0.17,-0.86,-1.12,-1.49,-1.72,-1.81,-1.98,-1.73,-1.34,0.18,1.87,2.36,3.2,4.64,5.87,5.2,5.08,5.59,6.42,6.72,5.42,4.27,2.36,2.04,2,0.6,-0.16,-1,-1.8,-1.58,-2.18,-2.45,-2.98,-3.61,-3.44,-3.84,-4.12,-4.13,-2.43,2.14,2.58,2.4,1.75,2.35,4.05,4.07,5.49,6.55,7.33,7.24,6.69,5.86,4.42,2.83,1.32,-0.27,-1.43,-2.33,-3.04,-3.73,-4.21,-4.28,-4.78,-5.44,-5.79
