static/gfs.json
{"header": {"discipline":0,"disciplineName":"Meteorological products","gribEdition":2,"gribLength":76162,"center":7,"centerName":"US National Weather Service - NCEP(WMC)","subcenter":0,"refTime":"2017-04-21T12:00:00.000Z","significanceOfRT":1,"significanceOfRTName":"Start of forecast","productStatus":0,"productStatusName":"Operational products","productType":1,"productTypeName":"Forecast products","productDefinitionTemplate":0,"productDefinitionTemplateName":"Analysis/forecast at horizontal level/layer at a point in time","parameterCategory":2,"parameterCategoryName":"Momentum","parameterNumber":2,"parameterNumberName":"U-component_of_wind","parameterUnit":"m.s-1","genProcessType":2,"genProcessTypeName":"Forecast","forecastTime":0,"surface1Type":103,"surface1TypeName":"Specified height level above ground","surface1Value":10,"surface2Type":255,"surface2TypeName":"Missing","surface2Value":0,"gridDefinitionTemplate":0,"gridDefinitionTemplateName":"Latitude_Longitude","numberPoints":65160,"shape":6,"shapeName":"Earth spherical with radius of 6,371,229.0 m","gridUnits":"degrees","resolution":48,"winds":"true","scanMode":0,"nx":360,"ny":181,"basicAngle":0,"subDivisions":0,"lo1":0,"la1":90,"lo2":359,"la2":-90,"dx":1,"dy":1,"convert-by":"Asper","site":"https://airmap.g0v.asper.tw"}, "data":
[rows 140 to 174 of 181, columns 79 to 157 of 360]
15.74,14.95,14,14.44,14.59,13.83,13.27,12.43,10.88,9.36,9.2,9.78,9.16,7.81,7.91,8.86,9.61,9.07,8.22,8.08,8.94,9.66,9.95,9.33,8.4,7.99,7.5,7.73,8.73,10.3,9.96,8.61,8.05,8.27,10.15,10.3,10.34,10.37,11.28,12.41,13.2,13.97,14.39,15.03,15.84,16.34,16.16,15.91,15.03,13.99,13.46,12.81,12.13,9.53,7.82,7.59,7.77,8.09,8.69,9.96,9.52,7.8,6.59,6.9,7.8,7.64,6.7,3.56,3.08,2.27,2.54,3.77,4.38,4.51,4.31,4.24,4.06,3.76,3.62
15.78,15.29,14.56,14.15,13.85,12.65,11.84,10.65,9.03,8.69,8.49,8.83,8.82,8.42,8.16,8.17,7.95,7.81,7.69,8.32,9.22,9.85,10.09,11.43,10.95,9.38,8.46,7.81,8.08,8.75,8.42,7.94,8.09,8.46,8.26,7.19,7.83,10.27,11.56,12.33,12.96,13.66,14.25,14.83,15.47,16.31,16.74,16.72,16.18,15.09,14.42,14.37,14.01,11.46,10.06,8.46,8.25,8.17,8.55,9.04,9.89,9.01,7.51,6.51,6.25,7.09,7.35,6.59,3.73,3.87,3.87,4.14,4.38,3.99,3.52,2.39,0.19,-1.12,-1.91
13.88,13.13,11.99,11.05,11.62,10.73,9.02,7.99,7.72,8.02,8.71,9.34,8.83,7.44,6.15,6,7.09,8.3,9.07,9.81,10.19,9.78,9.11,9.91,11.75,11.44,8.7,7.39,7.3,7.72,7.92,7.57,6.8,6.62,7.91,9.23,10.19,11.15,12.04,12.82,13.34,14.02,14.68,15.25,15.85,16.68,17.09,16.93,16.77,16.16,15.75,15.28,14.61,14.4,13.17,11.81,10.06,9.18,8.4,8.66,9.59,9.79,8.34,6.71,6.27,6.68,6.43,6.3,6.99,7.03,6.63,4.99,3.54,3.11,1.55,1.06,1.32,1.12,0.88
12.57,11.47,10.15,9.95,9.58,10,8.94,7.39,7.23,8.23,8.76,8.54,8.1,7.59,7.59,7.88,8.72,9.31,9.69,10.64,11.8,11.23,9.62,9.34,9.95,11.45,10.6,6.98,5.3,5.74,6.02,5.56,4.85,6.06,8.47,9.7,10.81,11.81,12.87,13.44,14.08,14.52,15.1,15.83,16.47,16.96,17.4,17.58,17.69,17.31,16.96,16.69,16.56,15.96,14.08,12.55,10.96,9.97,9.21,8.73,9.06,9.73,9.28,8.49,7.51,6.92,6.23,6.16,8.22,8.81,6.97,5.43,5,4.76,3.92,3.52,3.87,4.09,3.68
9.86,8.71,8.19,8.57,8.71,7.63,7.21,6.39,5.56,5.76,6.02,6.36,6.96,7.72,8.61,9.86,10.54,10.46,10.51,11.24,12.7,12.19,10.18,9.38,9.25,10.28,10.82,6.61,3.82,4.29,4,3.77,6.07,7.98,9.23,10.47,11.66,12.8,13.67,14.16,14.59,14.97,15.3,15.47,15.81,16.18,16.63,17.19,17.32,17.06,17.03,17.54,17.05,15.67,14.53,12.83,11.58,10.75,9.8,9.22,8.84,8.82,9.42,9.36,8.36,6.65,6.12,7.39,7.8,7.47,7.03,6.39,6.08,6.23,5.5,5.1,5.35,5.34,5.03
4.88,4.78,5.05,5.55,5.45,4.55,3.78,3.92,4.56,5.81,7.03,7.44,7.57,8.47,10.22,11.43,12.25,11.87,11.32,10.68,10.44,10,9.93,10.09,9.99,9.43,7.91,2.87,1.81,2.1,2.4,4.52,7.13,8.56,9.92,11.19,12.4,13.4,13.99,14.36,14.57,14.7,14.73,14.7,14.79,15.03,15.35,15.73,16.02,16.87,18.29,18.23,17.01,17.41,15.96,14.76,13.87,12.28,10.78,9.9,9.36,9.16,9.03,9.74,9.51,7.92,6.42,6.28,6.92,7.12,8.06,7.88,6.73,6.99,7.2,7,7.24,7.39,7.15
1.41,0.85,0.41,0.23,1.39,1.9,1.76,1.43,2.14,3.01,4.2,5.73,7.48,9.18,10.47,11.43,12.16,12.46,11.85,10.43,9.5,9.91,10.42,9.83,8.82,5.64,1.09,-0.32,0.18,1.1,3.08,5.65,7.54,8.95,10.39,11.71,12.68,13.25,13.87,13.89,13.98,14.24,14.41,14.52,14.59,14.61,14.92,15.21,15.67,16.45,17.39,17.24,16.4,16.19,15.87,14.84,13.85,13.01,12.21,11.36,10.71,9.86,9.3,9.68,10,9.64,8.25,6.72,6.94,7.66,8.02,7.66,7.1,6.86,7.13,7.79,8.39,8.98,8.77
-1.29,-1.7,-2.66,-2.69,-2.5,-2.45,-1.53,-0.15,2.33,4.38,5.75,7.8,9.87,11.25,12.01,12.46,12.32,11.77,10.41,9.06,8.75,9.28,7.04,2.03,-0.78,-2.29,-1.84,-0.85,0.09,2.01,4.64,6.59,8.11,9.63,10.91,11.85,12.6,13.14,13.3,13.29,13.58,13.85,13.82,13.64,13.82,14.1,14.16,14.44,14.49,14.93,15.48,15.86,15.99,15.54,14.76,13.99,13.05,12.17,11.66,11.68,11.21,10.64,9.52,9.72,9.84,10.31,10.2,8.82,7.39,7.45,8.15,8.71,8.38,9.28,8.95,9.3,9.96,9.84,8.66
-6.46,-7.74,-8.67,-7.74,-5.5,-3.35,-0.77,1.45,3.68,5.96,8.56,10.68,12.38,12.6,11.46,9.32,7.16,5.49,5.57,5.63,1.08,-4.43,-4.71,-3.22,-2.13,-1.5,-1.28,-0.7,1.14,3.5,5.69,7.46,8.91,10.19,11.1,11.71,12.38,12.66,12.98,13.29,13.11,12.92,13.07,13.17,13.38,13.73,14.38,14.73,14.9,14.88,15.2,15.56,15.41,14.98,14.06,12.69,11.69,11.08,10.67,10.6,11.07,12.05,11.45,10.42,10.49,10.46,10.9,10.47,9.56,8.62,8.39,8.98,10.33,9.58,9.16,9.53,9.4,8.65,8.63
-8.48,-8.07,-7.49,-6.3,-4.6,-2.59,-0.03,2.07,3.96,6.21,9.05,10.48,7.64,4.37,2.82,1.8,-0.11,-4.14,-8.02,-8.38,-6.43,-4.79,-3.22,-1.34,0.11,-0.81,-1.68,-0.01,2.71,5.05,6.77,8.1,9.14,9.89,10.59,11.54,12.22,13.05,13.23,13.23,13.62,13.95,14.06,14.3,14.58,14.82,14.97,15.29,15.26,15.05,14.62,14.6,14.04,12.9,12.1,11.28,10.23,9.79,9.69,9.56,9.53,9.88,10.72,10.32,9.95,9.85,10.64,10.75,10.27,9.56,8.95,8.65,8.75,9.18,8.52,7.32,6.73,6.85,8.56
-8.61,-7.63,-6.48,-4.96,-3.41,-1.98,-0.15,1.85,2.56,4.28,2.75,-3.47,-6.11,-7.84,-9.12,-9.81,-9.35,-8.42,-7.63,-7.38,-7.4,-7.49,-7.38,-6.52,-4.83,-2.22,0.62,2.86,4.44,5.76,6.65,7.31,8.31,9.51,11.1,12.33,12.69,13.04,13.57,13.89,13.93,13.92,13.87,13.91,14.4,15.15,15.75,16.02,15.58,14.7,13.71,13.36,12.63,11.15,9.75,9.1,8.88,8.58,8.52,8.55,8.6,8.66,8.48,8.54,8.73,9.16,10.11,10.15,9.68,8.91,7.91,7.44,7.43,7.12,6.31,5.42,5.86,7.93,8.67
-7.89,-6.42,-4.92,-3.62,-2.3,-1.02,-0.14,0.75,0.45,1.24,-4.31,-6.18,-7.26,-6.94,-6.7,-6.61,-6.95,-7.75,-8.34,-8.06,-6.96,-5.48,-3.87,-2.25,-0.67,0.98,2.6,3.81,4.55,4.85,5.4,6.83,9.07,10.52,10.76,11.29,12.06,12.53,13.01,13.22,13.49,13.39,13.15,13.28,13.81,14.57,14.42,12.98,12.19,12.75,13.02,12.72,12.08,9.85,7.83,7.17,7.2,7.4,7.46,7.71,7.78,7.71,7.57,7.29,7.51,8.12,8.66,8.82,8.77,8.12,6.91,5.81,4.92,4.01,3.35,4.32,6.41,7.19,7.25
-6.22,-4.96,-4.03,-2.81,-1.13,0.27,0.74,0.47,0.89,-0.03,-0.12,-3.45,-3.25,-3.75,-4.36,-5.33,-5.98,-6.11,-5.44,-4.49,-3.52,-2.59,-1.63,-0.61,0.76,1.88,2.93,3.16,2.52,3.58,5.52,6.87,7.56,7.88,8.69,9.96,10.79,11.62,13.47,12.08,6.94,5.75,7.52,7.61,6.25,6.38,7.62,8.59,9.7,11.14,11.55,10.59,8.08,3.9,3.55,4.4,5.04,5.5,5.6,5.91,6.28,6.39,6.38,6.4,6.58,7.3,7.65,7.83,7.87,6.93,5.5,3.62,1.46,-0.12,1.59,3.42,4.12,4.9,6.36
-4.48,-3.73,-4.72,-4.43,-2.64,-0.57,1.23,1.39,1.26,0.95,1.58,0.53,-1.53,-1.84,-2.67,-2.94,-2.97,-2.61,-1.99,-1.34,-0.64,0.23,0.69,0.64,1.32,2.04,0.94,-0.07,1.38,2.48,2.96,2.33,2.93,4.56,5.61,6.69,7.96,2.66,-4.54,-3.6,-2.24,-2.23,-3.82,-4.94,-6.03,-6.96,-5.04,-2.52,-0.04,0.63,-1.51,-2.39,-2.18,-1.15,-0.09,0.55,1.33,1.94,2.5,3.29,4.04,4.6,5.23,5.67,5.96,6.17,6.46,5.21,2.42,-0.97,-3.29,-4.19,-3.67,-2.12,0.1,2.02,2.71,2.22,1.7
-5.29,-4.91,-3.71,-2.66,-1.78,-0.69,-0.99,-1.52,-0.3,0.57,0.35,1.96,0.43,-0.84,-1.21,-1.33,-1.55,-2,-1.53,-0.4,-0.76,-2.25,-2.05,1.57,2.38,0.17,-0.16,2.42,3.55,2.31,1.58,1.09,-0.9,-0.57,-0.26,-1.49,-5.38,-7.6,-7.73,-7.36,-6.99,-7.41,-8.34,-9.38,-10.54,-10.71,-11.04,-12.71,-17.35,-19.92,-20.8,-19.8,-17.57,-13.48,-10.8,-8.82,-7.35,-5.98,-4.93,-4.15,-4.18,-4.74,-5.98,-7.84,-9.71,-11.53,-12.62,-12.62,-12.39,-11.81,-11.29,-10.96,-10.51,-9.44,-7.52,-5.34,-3.39,-1.21,1.05
-1.84,-1.81,-2.35,-2.24,-1.84,-2.19,-1.7,-1.65,-1.62,-1.72,0.66,1.63,-1,-1.77,-1.2,0.03,-3.64,-7.77,-8.36,-7.62,-6.48,-5.94,-5.42,-4.58,-3.87,-2.45,-0.64,0.97,1.28,2.06,3.84,4.38,0.23,-2.7,-4.85,-6.08,-7.87,-8.51,-8.84,-9.37,-9.37,-10.17,-11.58,-12.57,-13.8,-15.07,-15.16,-14.69,-16.61,-20.56,-22.01,-22.41,-23.34,-22.08,-20.43,-20.44,-19.7,-19.36,-18.97,-18.58,-19.48,-19.84,-19.47,-18.7,-17.3,-16.2,-15.01,-13.52,-12.14,-11.1,-10.01,-7.46,-6.02,-4.7,-3.21,-2.21,-1.21,-0.39,0.28
-1.04,-1.76,-2.54,-3.98,-5.66,-7.12,-8.97,-10.05,-10.67,-12.79,-16.22,-17.99,-17.82,-17.12,-16.31,-15.68,-15.22,-13.81,-10.58,-7.49,-5.51,-4.25,-2.94,-3.2,-2.2,-0.45,-1.13,-2.07,-4.23,-3.38,-1.25,1.08,0.45,-0.44,-3.54,-5.09,-3.78,-3.45,-3.19,-2.61,-5.48,-9.7,-7.22,-7.55,-9.03,-9.92,-11.09,-9.45,-7.73,-9.9,-15.19,-18.54,-17.52,-19.11,-20.86,-18.33,-18.9,-19.25,-19.81,-18.29,-17.65,-16.76,-16.28,-15.47,-13.41,-11.16,-8.74,-7.03,-6.9,-6.41,-5.19,-3.73,-2.56,-1.65,-1,-0.83,-0.31,0.65,1.66
-3.36,-6.16,-9.23,-9.3,-8.17,-9.64,-8.7,-9.57,-12.4,-13.42,-15.03,-18.25,-17.47,-14.75,-13.04,-11.99,-9.91,-7.92,-5.99,-4.81,-0.6,-5.04,-6.06,-5.27,-5.63,-5.13,-4.13,-4.06,-2.87,-3.52,-3.72,-8.44,-7.39,-6.24,-1.31,4.63,4.35,-1.09,-4.51,-2.19,-2.96,-3.45,-1.05,-3.06,-6.58,-10.89,-12.62,-5.86,-4.15,-5.25,-4.14,-19.06,-14.63,-15.36,-10.3,-11.76,-13.67,-11.07,-11.27,-9.86,-9.82,-8.29,-8.47,-5.61,-7.33,-2.61,-2.84,-4.93,-4.22,-3.1,-1.98,-0.21,0.7,0.74,0.51,0.21,0.51,1.34,1.94
-10.73,-11.66,-11.97,-11.82,-12.39,-12.33,-12,-12.44,-12.38,-13.01,-13.89,-13.04,-12.15,-11.35,-9.86,-8.57,-8.01,-8.2,-6.96,-1.01,-2.74,-5.99,-5.39,-6.13,-6.65,-7.09,-5.33,-3.77,-3.79,-4.28,-5.16,-5.86,-4.06,-4.06,-4.74,-6.4,-7.21,-7.06,-6.78,-7.63,-9.29,-10.22,-10.72,-10.6,-11.35,-11.02,-9.55,-8.84,-9.01,-9.9,-10.26,-10.83,-11.73,-13.91,-12.71,-10.37,-8.5,-8.33,-7.82,-6.5,-4.06,-2.27,-0.53,-1.79,1.42,-4.24,-8.38,2.85,4.28,1.93,2.8,-0.92,-3.26,-1.91,-1.04,-0.19,0.38,1,1.07
-13.61,-13.38,-12.63,-12.24,-12.11,-11.48,-11.01,-10.65,-10.09,-10.74,-11.14,-10.56,-9.99,-9.94,-9.93,-9.24,-8.64,-7.77,-5.21,-4.74,-4.9,-5.41,-6.57,-7.72,-8,-6.46,-5.91,-5.29,-5.24,-6.07,-5.9,-5.13,-4.89,-5.01,-5.71,-6.48,-7.15,-7.31,-7.8,-8.33,-8.79,-9.09,-10.01,-10.61,-10.99,-10.73,-9.79,-8.6,-8.74,-8.6,-9.52,-10.15,-11.15,-12.06,-10.65,-10.02,-3.63,-3.01,-4.23,-4.14,-2.57,-1.48,-0.63,0.57,1.33,0.19,0.37,-0.11,-2.92,-4.41,-3.88,-0.79,-1.05,-4.07,-3,-1.74,-0.16,-0.32,0.83
-13.11,-12.6,-12.16,-11.66,-11.23,-10.24,-9.59,-9.59,-9.61,-9.35,-9.35,-9.7,-9.65,-10.14,-9.54,-9.3,-8.63,-7.07,-6.51,-7.18,-7.18,-7.06,-7.48,-7.69,-7.85,-7.85,-7.81,-6.85,-4.89,-4.97,-6.4,-6.63,-5.98,-5.31,-5.66,-5.9,-6.66,-7.15,-7.2,-7.37,-7.65,-8.07,-8.35,-8.23,-8.49,-8.82,-8.43,-8.09,-7.02,-5.76,-6.03,-7.4,-7.68,-6.77,-7.56,-4.44,-2.24,-3.07,-3.32,-3.44,-1.57,0.54,2.05,3.19,2.53,1.57,0.5,-0.57,-1.63,-1.31,-0.92,-1.94,-2.54,-2.42,-4.53,-5.94,-4.46,-3.35,-1.58
-11.27,-11.66,-10.95,-10.06,-9.81,-9.52,-9.06,-8.76,-8.96,-9.16,-9.11,-8.94,-9.16,-9.59,-9.75,-9.8,-8.85,-8.1,-8.4,-9.12,-9.02,-8.37,-8.22,-8.37,-8.27,-8.25,-7.82,-5.85,-4.19,-4.48,-5.25,-5.87,-5.81,-5.8,-6.32,-6.39,-6.7,-6.87,-6.77,-6.54,-6.5,-6.55,-6.41,-6.43,-6.45,-6.53,-6.38,-6.08,-5.59,-4.88,-4.39,-4.17,-4.27,-3.67,-2.62,-1.3,-1.36,-2.06,-1.33,0.08,1.34,2.78,2.86,2.94,2.51,2.12,0.59,-0.5,-0.8,-0.9,-1.15,-1.44,-1.31,-1.64,-2.16,-2.45,-2.81,-2.84,-2.79
-10.8,-10.2,-9.76,-9.53,-9,-8.62,-8.64,-8.99,-9.13,-9.05,-9,-9.11,-9.57,-10.42,-10.48,-9.9,-9.4,-9.15,-9.19,-9.11,-8.86,-8.42,-8.1,-7.85,-7.34,-6.23,-4.65,-3.75,-4.37,-4.9,-5.15,-5.89,-6.38,-6.66,-7.16,-6.46,-5.83,-6.03,-6.11,-6.01,-5.9,-5.92,-6.08,-5.87,-5.9,-5.87,-5.36,-4.65,-3.79,-3.23,-3.11,-2.55,-1.68,-0.84,0.66,1.14,1.52,2.36,2.29,2.33,2.63,2.12,1.96,1.92,1.79,1.41,1.27,1.09,0.59,0.32,-0.03,-0.15,-0.16,-0.56,-1.03,-1.11,-1.31,-1.53,-1.42
-9.82,-9.41,-9.26,-9.14,-8.76,-8.75,-8.85,-8.87,-9.22,-9.45,-9.73,-10.43,-11.04,-10.61,-9.63,-9.15,-9.03,-8.73,-8.27,-7.98,-7.58,-7.06,-6.47,-5.77,-5.04,-4.54,-4.75,-4.81,-4.76,-5.43,-6.16,-5.78,-5.6,-5.56,-5.57,-5.78,-5.69,-5.33,-5.08,-5.09,-5.01,-4.75,-4.64,-4.47,-4.27,-3.89,-3.3,-2.7,-2.03,-1.68,-0.99,0.42,1.37,2.06,2.47,3.46,3.39,3.14,3.39,3.08,2.75,2.74,2.71,2.47,2.24,2.1,2.12,2.16,2.04,2,1.81,1.41,0.84,0.55,0.46,0.5,0.79,1.08,1.8
-9.49,-8.98,-9.25,-9.53,-9.45,-9.41,-9.17,-9.29,-9.62,-9.93,-10.17,-10.3,-10.25,-9.88,-9.13,-8.28,-7.46,-6.84,-6.42,-6.09,-5.79,-5.49,-5.18,-4.94,-4.47,-4.19,-4.39,-4.6,-4.68,-4.66,-4.48,-4.57,-4.51,-4.47,-4.52,-4.57,-4.4,-4.17,-4.08,-3.91,-3.46,-3.1,-2.9,-2.6,-2.18,-1.58,-0.95,-0.12,0.65,1.24,2.14,2.5,2.77,3.22,3.23,4.38,5.26,4.75,4.17,3.67,4.06,4.66,4.45,3.93,3.61,3.48,3.38,3.39,3.46,3.51,3.61,3.93,4.49,5.15,5.83,6.33,6.65,6.58,6.95
-9.54,-9.2,-9.24,-9.7,-10.17,-9.94,-9.56,-9.5,-9.62,-9.35,-9.11,-9.48,-9.55,-9.04,-8.2,-7.03,-6.04,-5.51,-5.29,-5.11,-4.89,-4.67,-4.4,-4.17,-4.01,-3.89,-3.77,-3.67,-3.53,-3.4,-3.24,-3.06,-3,-2.9,-2.76,-2.68,-2.61,-2.31,-1.96,-1.67,-1.39,-1.09,-0.72,-0.23,0.45,1.27,2.04,2.71,3.34,4.02,4.48,4.59,4.74,4.8,4.67,4.86,5.49,6.18,6.07,5.34,5.36,5.7,5.55,5.47,5.49,5.17,5.14,5.24,5.38,5.78,6.1,6.5,7.09,7.6,8.09,8.77,9.34,9.65,10.44
-9.87,-10.32,-10.51,-10.28,-9.91,-9.7,-9.6,-9.19,-8.62,-8.12,-7.86,-7.96,-7.83,-7.36,-6.82,-6.19,-5.46,-4.79,-4.39,-4.14,-3.96,-3.66,-3.31,-3.18,-3.07,-2.89,-2.65,-2.39,-2,-1.61,-1.36,-1.15,-0.97,-0.82,-0.62,-0.38,-0.16,0.11,0.45,0.79,1.24,1.81,2.33,2.88,3.42,3.87,4.28,4.86,5.47,6.13,6.51,6.49,6.57,6.83,6.73,6.38,6.18,6.47,6.7,6.66,6.67,6.58,6.47,6.49,6.4,6.2,6.11,6.08,6.02,6.02,6.18,6.56,6.8,6.81,6.74,6.74,7.05,5.35,2.57
-10.41,-10.73,-10.54,-10.13,-9.71,-9.22,-8.82,-8.39,-7.76,-7.1,-6.63,-6.19,-5.89,-5.78,-5.5,-5.03,-4.35,-3.59,-2.96,-2.54,-2.31,-2.1,-1.88,-1.68,-1.48,-1.17,-0.72,-0.02,0.63,0.94,1.23,1.5,1.72,1.91,2.13,2.42,2.68,2.94,3.22,3.48,3.77,4.07,4.18,4.27,4.48,4.8,5.2,5.76,6.64,7.23,7.38,7.54,7.76,7.96,7.86,7.52,7.22,7.21,7.19,7.1,7.11,7.21,7.19,7.18,7.06,6.88,6.87,6.96,6.9,6.81,6.82,6.82,6.8,6.75,6.68,6.71,6.82,6.59,5.79
-9.85,-9.93,-9.43,-8.87,-8.49,-8.15,-7.72,-7.17,-6.4,-5.62,-5.3,-5.06,-4.58,-4.21,-3.9,-3.28,-2.33,-1.47,-0.96,-0.69,-0.43,-0.04,0.38,0.77,1.23,1.69,1.93,2.27,3.06,3.59,3.63,3.8,4.08,4.23,4.29,4.37,4.44,4.56,4.73,4.84,4.94,5.05,5.1,5.22,5.45,5.64,5.9,6.46,7.16,7.74,8.1,8.4,8.66,8.68,8.38,7.84,7.33,7.12,7.12,7.14,7.17,7.19,7.05,6.99,7.09,7.06,7.03,7.13,7.24,7.29,7.45,7.63,7.75,7.96,8.37,8.72,8.6,6.89,5.24
-7.76,-7.51,-7.04,-6.49,-6.11,-5.8,-5.46,-5.01,-4.45,-3.91,-3.39,-2.85,-2.29,-1.62,-0.88,-0.16,0.38,0.8,1.29,1.86,2.31,2.69,3.12,3.48,3.71,3.91,4.09,4.19,4.32,4.52,4.66,4.82,5.04,5.18,5.23,5.31,5.42,5.5,5.61,5.77,5.92,6.06,6.21,6.33,6.38,6.54,6.85,7.31,7.94,8.46,8.78,9.01,9.17,8.96,8.37,7.72,7.25,6.94,6.74,6.69,6.77,6.83,6.78,6.78,6.93,7.16,7.37,7.55,7.69,7.76,7.69,7.67,7.79,7.88,7.7,7.85,8.41,6.67,6.06
-4.92,-4.46,-4.03,-3.48,-2.82,-2.25,-1.81,-1.35,-0.84,-0.31,0.22,0.74,1.23,1.69,2.16,2.66,3.12,3.53,3.9,4.23,4.53,4.77,4.88,4.87,4.8,4.77,4.8,4.82,4.8,4.76,4.78,4.96,5.22,5.41,5.59,5.82,6.02,6.16,6.33,6.49,6.61,6.75,6.83,6.7,6.49,6.35,6.33,6.51,7.02,7.76,8.21,8.18,8.08,8.15,8.14,7.79,7.32,7.08,7.06,7.06,6.97,6.86,6.82,6.89,7.12,7.26,7.26,7.55,8.32,9.14,9.23,8.7,8.97,9.99,9.59,7.13,5.09,5.15,5.52
-0.62,-0.07,0.5,1.06,1.6,2.15,2.74,3.33,3.8,4.12,4.25,4.3,4.36,4.45,4.56,4.68,4.85,5.03,5.16,5.21,5.27,5.36,5.41,5.47,5.61,5.83,5.97,6,6.05,6.01,5.81,5.57,5.52,5.71,5.96,6.23,6.51,6.84,7.21,7.48,7.58,7.58,7.6,7.68,7.71,7.6,7.41,7.37,7.65,8.1,8.49,8.72,8.85,8.89,8.77,8.42,8.03,7.66,7.26,6.86,6.57,6.39,6.28,6.23,6.25,6.34,6.42,6.57,6.9,7.34,7.67,7.75,7.48,6.5,4.38,1.74,-0.3,-1.36,-1.01
3.41,3.79,4.09,4.31,4.5,4.67,4.8,4.89,4.94,5.01,5.08,5.18,5.3,5.45,5.64,5.85,6.02,6.13,6.15,6.15,6.15,6.16,6.11,5.99,5.82,5.68,5.67,5.83,6.06,6.35,6.64,6.85,6.86,6.59,6.2,5.91,5.9,6.09,6.4,6.78,7.14,7.38,7.53,7.69,7.88,7.98,7.88,7.59,7.18,6.73,6.32,6.06,5.96,5.92,5.86,5.82,5.86,5.98,6.03,5.85,5.4,4.87,4.45,4.19,3.95,3.63,3.28,3.04,2.98,3,2.87,2.37,1.29,-0.05,-1.2,-1.55,-1.03,0.05,1.1
4.82,4.98,5.12,5.25,5.34,5.43,5.49,5.54,5.57,5.61,5.65,5.71,5.79,5.9,6.05,6.18,6.28,6.29,6.2,6.08,5.97,5.92,5.9,5.88,5.81,5.74,5.67,5.64,5.68,5.82,6.13,6.56,7.03,7.31,7.27,6.93,6.48,6.13,5.94,5.84,5.75,5.61,5.39,5.19,5.07,5.06,5.14,5.26,5.42,5.6,5.76,5.86,5.84,5.66,5.37,5.06,4.76,4.48,4.25,4.06,3.93,3.87,3.83,3.74,3.59,3.36,3,2.52,1.96,1.44,1.11,1.09,1.46,1.97,2.35,2.54,2.76,3.18,3.24
4.92,5.06,5.19,5.31,5.4,5.5,5.61,5.72,5.85,5.96,6.04,6.07,6.04,5.94,5.81,5.7,5.62,5.59,5.62,5.67,5.76,5.85,5.95,6.05,6.12,6.16,6.12,6.01,5.89,5.79,5.73,5.72,5.74,5.77,5.8,5.82,5.83,5.84,5.88,5.94,6,6.02,5.94,5.8,5.62,5.46,5.33,5.25,5.17,5.1,5.05,5.01,4.98,4.96,4.92,4.84,4.73,4.57,4.38,4.14,3.88,3.59,3.29,2.96,2.59,2.19,1.79,1.43,1.15,0.98,0.9,0.88,0.92,1,1.04,0.92,0.56,0,-0.52
