static/gfs.json
{"header": {"discipline":0,"disciplineName":"Meteorological products","gribEdition":2,"gribLength":75917,"center":7,"centerName":"US National Weather Service - NCEP(WMC)","subcenter":0,"refTime":"2017-05-22T06:00:00.000Z","significanceOfRT":1,"significanceOfRTName":"Start of forecast","productStatus":0,"productStatusName":"Operational products","productType":1,"productTypeName":"Forecast products","productDefinitionTemplate":0,"productDefinitionTemplateName":"Analysis/forecast at horizontal level/layer at a point in time","parameterCategory":2,"parameterCategoryName":"Momentum","parameterNumber":2,"parameterNumberName":"U-component_of_wind","parameterUnit":"m.s-1","genProcessType":2,"genProcessTypeName":"Forecast","forecastTime":0,"surface1Type":103,"surface1TypeName":"Specified height level above ground","surface1Value":10,"surface2Type":255,"surface2TypeName":"Missing","surface2Value":0,"gridDefinitionTemplate":0,"gridDefinitionTemplateName":"Latitude_Longitude","numberPoints":65160,"shape":6,"shapeName":"Earth spherical with radius of 6,371,229.0 m","gridUnits":"degrees","resolution":48,"winds":"true","scanMode":0,"nx":360,"ny":181,"basicAngle":0,"subDivisions":0,"lo1":0,"la1":90,"lo2":359,"la2":-90,"dx":1,"dy":1,"convert-by":"Asper","site":"https://airmap.g0v.asper.tw"}, "data":
[rows 140 to 174 of 181, columns 237 to 315 of 360]
3.82,3.92,4.09,4.36,4.66,4.91,4.93,4.07,4.64,5.31,5.69,5.53,6.38,6.64,6.48,6.63,7.14,7.22,7.16,7.12,7.97,8.53,9.15,9.23,8.67,8.36,9.04,9.19,10.22,10.96,12.05,12.23,12.7,12.91,12.68,12.4,11.91,11.12,10.68,10.28,10.98,10.37,9.87,10.63,9.73,9.63,8.67,8.73,2.85,-2.02,4.3,3.6,5.29,4.51,2.04,1.29,-2.57,-2.44,-1.77,-0.78,1.24,2.46,2.97,3.2,3.6,4.91,4.83,3.68,3.59,6.57,6.26,3.01,3.78,4.97,0.53,0.16,0.08,0.3,0.34
5.08,5.26,5.58,5.85,6.01,6.26,6.33,5.97,5.43,6.54,6.76,7.6,7.97,7.89,8.35,8.43,8.43,8.78,8.88,8.33,8.21,8.49,8.82,9.02,9.3,9.32,9.01,9.7,10.67,11.43,12.35,13.12,13.92,14.41,14.23,13.57,12.76,11.8,11.39,11.14,10.2,10.08,10.26,10.58,9.78,9.43,9.4,10.1,8.79,-1.36,3.94,4.75,4.78,5.31,5.99,4.41,1.07,1.36,1.09,1.17,1.99,2.95,3.78,4.58,5.3,6.18,5.53,4.43,3.6,4.36,6.45,2.59,2.49,3.6,1.45,0.34,0.43,0.93,0.79
6.38,6.46,6.55,6.73,7.18,7.44,7.68,7.7,6.97,7.66,7.95,8.59,9.08,9.98,10.45,10.73,10.68,10.64,10.27,9.43,8.69,7.97,8.16,8.28,8.31,8.47,9.17,9.92,10.67,11.2,11.68,12.06,12.63,13.33,13.86,14.42,13.81,12.46,11.49,10.71,10.66,9.67,10.06,9.59,10.37,10.04,10.24,9.96,8.64,6.54,3.43,5.16,5.51,5.15,3.61,4.84,4.33,3.82,3.71,3.47,3.79,4.16,4.01,4.07,3.99,7.43,5.79,5.3,4.45,4.45,6.2,3.02,2.83,1.47,3.72,1.49,1.98,1.95,2.3
7.74,7.55,6.9,7.3,8.15,9.11,9.21,8.82,8.57,8.81,9.17,8.91,10.09,10.84,11.44,11.47,11.18,10.98,10.22,9.37,8.45,8.44,7.97,7.77,7.96,8.51,9.03,9.7,10.38,10.58,10.97,11.24,11.28,11.91,11.98,12.43,12.43,11.52,10.81,10.28,9.79,10.35,9.37,9.59,9.77,10.46,9.98,10.82,9.94,7.31,3.4,4.07,5.39,4.7,4.06,7.36,6.08,5.29,5.14,5.34,5.56,5.65,5.47,5.31,5.2,5.6,4.86,5.47,5.71,5.98,5.49,5.81,2.49,3.06,2.32,3.52,2.07,2.86,2.98
8.7,8.83,9.54,9.82,9.92,10.2,10.77,10.86,10.76,10.04,9.75,9.65,10.14,10.61,11.05,11.03,10.69,10.44,9.77,8.71,8.6,8.4,8.32,8.35,8.39,8.6,9.44,9.66,9.89,10.25,10.39,10.63,10.9,10.53,10.27,10.5,10.59,9.69,9.4,9.64,9.34,9.24,9.61,9.58,9.52,10.36,9.8,9.47,11.02,11.41,8.61,4.4,8.91,6.11,3.74,2.94,8.04,9.39,9.42,8.6,7.76,4.94,3.1,3.09,3.89,4.17,4.25,5.01,5.63,6.35,6.57,6.03,3.96,3.05,3.56,3.59,3.96,4.28,4
10.99,11.01,10.83,10.7,10.55,11.34,11.57,11.92,12.16,11.62,10.83,10.68,11.07,11.49,11.53,11.41,10.86,9.92,8.95,8.75,8.94,9.35,9.6,9.36,9.37,9.43,9.71,9.89,10.11,10.32,10.68,10.7,10.76,10.68,10.03,9.8,9.94,8.8,8.72,9.05,8.9,9.55,8.85,9.54,9.96,9.79,9.95,9.7,11.17,11.07,10.25,10.4,9.89,5.9,2.3,2.07,2.79,4.38,5.62,5.33,5.6,4.72,4.46,5.31,5.08,5.32,5.08,5.07,5.62,6.41,6.78,6.09,6.1,4.08,3.51,4.53,4.62,4.65,4.96
12,11.97,12.2,12.19,12.31,12.52,12.55,12.89,12.82,12.33,12.08,12.4,12.26,12.52,12.32,11.92,11.25,10.58,10.03,9.7,9.19,10.41,10.54,10.34,10.18,10.13,10.3,10.52,10.95,11.08,11.11,11.1,10.96,10.65,10.36,10,9.8,9.44,8.8,8.84,8.87,9.08,9.21,9.37,9.9,10.22,10.38,10.12,10.59,10.72,10.13,10.2,11.12,12.33,11.9,12.67,13.09,12.38,11.28,9.84,8.19,6.72,6.46,6.54,6.33,6.74,6.67,6.37,6.83,7.88,8.33,8.04,6.84,5.87,4.05,3.45,4.27,4.79,4.79
12.2,12.48,12.75,12.93,13.14,13.25,14.09,14.32,14.18,13.84,13.4,13.17,13.41,13.39,12.87,12.32,11.9,11.36,10.78,10.34,10.06,11.22,11.31,11.16,10.92,10.76,11.05,11.32,11.48,11.24,11.47,11.52,10.91,10.68,10.5,10.47,10.16,9.52,8.49,7.95,8.54,8.9,9.23,9.34,10.18,8.91,9.76,10.64,9.5,10.37,10.8,11.81,12.33,11.82,12.28,11.83,11.23,10.59,11.55,10.61,9.89,9.66,8.23,6.97,7.32,8.3,7.96,7.62,8.07,8.79,10.19,9.15,7.41,6.01,4.53,3.77,3.46,4.3,5.03
13.82,13.78,13.83,14.03,14.3,14.82,14.73,14.42,14.17,14.1,13.98,13.82,13.96,13.95,13.24,12.76,12.6,12.21,11.5,10.9,10.36,11.71,11.99,11.87,11.47,11.4,11.67,11.71,11.34,11.49,11.49,11.1,10.5,10.34,10.4,9.76,9.14,6.66,5.32,6.8,7.49,8.2,8.99,9.16,8.97,8.69,9.22,9.52,9.39,8.05,7.47,7.01,7.4,8.45,9.98,11.5,12.3,10.49,9.16,8.84,9.09,9.01,7.74,7.16,6.97,7.23,7.68,9.46,10.86,10.23,10.56,9.76,7.6,6.62,5.22,4.18,3.18,2.94,2.98
13.92,13.79,13.83,14.14,14.57,15.01,15.63,15.24,15,14.83,14.77,14.8,14.62,14.25,13.73,13.25,12.9,12.56,12.07,11.42,10.89,12.63,12.74,12.33,11.87,11.9,11.98,11.54,11.43,11.37,11.12,10.69,10.32,10.13,9.68,8.5,6.23,4.24,5.29,5.96,7.14,7.52,8.04,7.92,7.5,8.64,8.01,5.58,5.95,7.36,8.69,10.09,11.69,13.13,14.12,14.71,14.32,11.94,9.17,8.6,8.42,7.56,7.18,7.94,8.19,8.54,9.04,10.85,12.01,11.97,11.29,8.31,6.66,6.09,4.67,3.15,2.15,1.75,1.56
14.39,14.35,14.82,14.82,15.35,15.82,16.01,15.74,15.43,15.3,15.46,15.45,15.23,14.7,14.07,13.67,13.2,12.61,11.97,11.26,11.19,12.55,12.74,12.46,12.39,12.26,11.97,11.43,11.42,11.26,11,10.38,10.31,9.84,8.75,7.63,4.67,3.59,5.07,5.89,6.32,6.6,7.03,6.78,7.13,4.88,4.61,6.4,7.49,9.28,11.39,13.59,15.49,17.33,18.91,19.53,18.85,16.24,11.55,8.86,6.99,6.61,6.7,7.26,7.88,8.14,9.47,11.16,11.05,5.92,0,-2.33,-3.27,-5.3,-7.73,-8.62,-9.27,-9.87,-9.87
15.87,15.36,15.27,15.41,15.84,16.17,16.24,16.01,15.96,16.2,16.11,15.53,15.02,14.62,14.27,13.79,13.2,12.41,11.7,11.29,10.6,11.74,12.11,12.37,12.2,12.06,11.78,11.53,11.5,11.21,11.03,10.47,10.33,9.15,7.39,4.25,2.03,4.7,5.5,5.51,5.82,6.24,6.15,6.26,5.2,3.74,5.28,6.34,7.93,9.68,11.85,13.51,15.95,16.32,15.46,15.7,15.29,13.59,11.63,6.44,4.92,3.99,4.84,4.06,4.38,6.5,5.61,0.53,-4.03,-7.84,-9.72,-10.21,-10.82,-11.98,-12.14,-11.6,-10.67,-10.03,-9.1
15.95,15.94,15.89,15.96,16.09,15.98,15.63,15.3,15.44,15.51,15.35,15.33,14.95,14.57,14.21,13.86,13.59,13.19,12.13,9.58,9,10.64,11.37,11.67,11.37,11.31,11.62,11.61,11.78,11.56,11.23,10.66,10.07,8.34,5.79,2.56,4.46,5.61,5.56,5.16,5.76,5.89,5.66,5.42,3.14,2.9,4.07,5.36,6.51,8.23,9.51,11.24,9.86,8.65,8.24,3.45,0.06,0.39,-1.85,-3.1,-2.85,-2.97,-3.9,-5.92,-8.16,-8.09,-9.55,-10.55,-11.43,-12.8,-13.53,-13.45,-12.79,-11.03,-9.95,-9.78,-9.33,-8.81,-9.98
15.66,15.65,15.43,15.4,15.28,15.11,14.85,14.65,14.68,14.69,14.68,14.42,14.15,13.88,13.47,12.85,11.97,10.17,7.9,7.75,8.35,9.28,9.36,9.26,10.21,10.98,11.34,11.93,11.91,11.71,11.32,11.12,9.92,7.43,2.87,3.53,5.92,6.09,5.64,5.89,5.97,5.85,5.33,4.21,2.95,3.31,3.56,4.12,4.86,6.12,6.44,5.11,-2.1,-6.77,-9.79,-12.86,-13.6,-13.62,-12.39,-11.99,-13.61,-14.6,-14.89,-14.88,-15.27,-14.75,-12.63,-12.94,-12.36,-11.37,-9.75,-9.09,-8.7,-8.29,-8.14,-7.71,-7.2,-6.55,-5.94
14.37,14.44,14.22,13.95,13.84,13.79,13.93,14.02,13.98,13.94,13.65,13.2,11.94,10.17,8.54,6.97,5.37,4.77,5.22,5.78,6.13,6.99,8.47,9.29,9.78,10.76,11.54,11.79,11.86,11.94,12.16,11.33,9.23,4.4,3.72,6.21,6.53,6.32,6.15,6.29,6.14,5.85,5.58,4.75,4.21,4.11,3.27,2.64,2.54,2.7,1.48,-2.09,-7.77,-11.62,-12.6,-13.86,-16.03,-18.09,-19.43,-19.95,-17.89,-12.95,-9.72,-5.5,0.19,-2.78,-8.08,-9.34,-7.6,-7.7,-7.29,-7.16,-7.1,-6.83,-6.42,-5.92,-5.32,-4.62,-3.85
12.39,12.74,12.74,12.4,12.05,11.84,11.55,11.02,10.47,9.68,8.68,7.37,5.88,4.52,3.15,2.26,2.41,3.13,4.08,5.19,6.26,6.81,7.59,8.81,10.02,11.08,11.69,11.75,12.22,12.79,12.5,11.07,6.77,3.84,5.65,6.6,6.55,6.53,6.72,6.62,6.19,5.75,5.22,4.54,3.61,3.37,2.24,1.08,0.16,-0.79,-2.95,-6.55,-12.42,-14.93,-15.66,-15.46,-14.19,-12.92,-13.84,-14.04,-10.02,-1.37,1.88,2.55,1.32,-6.67,-7.1,-6.8,-6.73,-6.22,-6.09,-6.16,-5.82,-5.23,-4.68,-4.06,-3.33,-2.58,-1.73
5.55,5.07,4.26,3.35,2.31,1.51,0.85,0.44,0.6,0.91,1.1,0.56,0.11,0.06,0.4,1.08,2.08,3.3,4.71,5.88,6.73,7.47,8.52,9.65,10.17,10.49,11.32,12.56,13,12.71,11.21,6.29,3.24,5.16,6.11,6.44,6.86,7.17,6.97,6.45,6.01,5.67,5.2,4.44,3.23,2.4,1.03,-0.24,-0.98,-2.22,-3.4,-4.89,-6.42,-9.49,-10.28,-9.5,-6.62,-8.47,-11.85,-8.72,0.07,-2.37,-1.49,-2.33,-3.38,-4.67,-5.2,-5.7,-5.7,-5.36,-5.04,-4.65,-4.12,-3.46,-2.79,-2.13,-1.62,-0.97,-0.04
-5.16,-5.2,-4.97,-4.5,-3.83,-2.96,-2.2,-1.4,-0.64,0.04,0.59,1.04,1.6,2.22,2.85,3.55,4.34,5.08,5.7,6.48,7.48,8.26,8.91,9.52,10.15,10.78,11.33,11.69,11.92,9.22,3.23,2.48,4.39,5.2,6.04,6.54,6.58,6.02,5.53,5.34,5.14,5.23,5.12,4.39,3.01,2.08,0.85,-1.07,-1.48,-2.23,-3.3,-4.18,-4.09,-3.31,-5.39,-2.31,-2.61,-6.04,-0.17,-2.9,-3.22,-3.74,-3.39,-3.88,-3.22,-3.8,-4.08,-4.18,-3.9,-3.68,-3.41,-2.88,-2.28,-1.76,-1.14,-0.39,0.38,1.2,2.09
-1.33,-0.99,-0.58,-0.12,0.47,1.05,1.67,2.17,2.49,2.78,3.27,3.61,3.98,4.53,5.18,5.81,6.37,6.75,6.95,7.08,7.3,7.97,8.68,9.41,10.07,10.92,12.25,10.49,3.28,-0.95,0.34,1.13,1.44,2.25,3.33,3.8,3.9,4.14,4.24,4.26,4.23,4,3.58,2.74,1.46,1.59,0.95,-1.33,-1.73,-2.21,-3.4,-5.06,-6.32,-6.47,-4.99,-0.21,-5.97,-3.26,-1.65,-2.43,-2.71,-2.94,-2.89,-3.34,-3.64,-3.39,-3.41,-3.41,-3.28,-2.82,-2.23,-1.82,-1.31,-0.73,0.01,0.87,1.69,2.45,3.17
1.42,1.4,1.6,2.02,2.17,2.01,2.24,2.13,2,1.92,1.89,1.97,2.29,2.75,3,3.03,3.34,4.03,4.9,5.58,6.26,7.24,7.99,9.08,11.06,8.22,-0.77,-4.39,-3.73,-3.28,-2.82,-1.94,-0.67,0.61,1.27,1.44,1.59,1.66,1.44,1.49,1.86,1.91,1.01,-0.38,0.23,1.17,-0.89,-1.99,-2.52,-3.74,-1.28,-0.81,-0.71,-0.03,-1.52,-0.94,-4.79,-4.74,-0.72,1.29,0.22,1.49,1.23,-0.19,-1.81,-2.62,-2.55,-2.38,-1.99,-1.41,-0.8,-0.21,0.41,1.05,1.72,2.43,3.13,3.97,4.93
2.84,3.02,3.19,3.41,3.6,3.72,3.87,4.06,4.2,4.53,5.05,5.47,5.57,5.57,5.35,5.13,5.08,5.19,5.58,5.74,6.07,7.8,8.69,2.58,-5.37,-6.44,-5.76,-5.57,-4.52,-3.6,-2.99,-2.5,-2.04,-1.38,-0.93,-0.74,-0.79,-1.06,-1.31,-1.07,-1.37,-2.73,-3.53,-3.49,-3.12,-4,-5.8,-5.07,-2.55,-3.13,-3.13,-2.02,-0.48,-1.49,0.28,-3.72,-6.01,-4.81,-1.07,2.51,0.11,-1.88,0.43,0.66,-0.85,-1.42,-0.98,-0.27,0.39,1.01,1.59,2.13,2.66,3.15,3.65,4.05,4.43,4.91,5.42
2.76,2.95,3.11,3.23,3.43,3.63,3.74,3.82,3.1,1.88,1.15,0.64,0.57,0.91,1.38,1.48,1.5,2.17,2.67,0.46,-4.28,-7.77,-8.34,-7.74,-7.39,-6.71,-5.47,-4.53,-3.83,-3.19,-2.57,-2.23,-1.94,-1.74,-1.46,-1.44,-1.6,-1.89,-3.08,-4.13,-5.33,-6.85,-7.34,-6.73,-7.08,-7.73,-5.9,-3.55,-2.71,-1.98,-1.95,-1.4,-0.89,-1.76,-0.12,-0.27,-4.65,-4.59,-2.21,1.61,1.84,0.25,-1.06,-2.32,-2.32,-1.46,-0.43,0.7,1.81,2.54,3.21,3.61,3.88,4.22,4.2,4.03,4.3,4.88,5.59
-1.15,-1.08,-0.6,-0.37,-0.58,-0.5,-0.14,0.2,0.45,0.74,1.1,1.38,1.52,1.78,2.23,1.48,-1.91,-6.36,-8.35,-7.88,-8.49,-9.36,-6.83,-4.12,-3.64,-2.19,-2.92,-2.76,-3.51,-3.34,-3.17,-3.11,-2.88,-2.6,-2.65,-2.83,-2.89,-3,-3.13,-3.71,-4.24,-5.03,-6.57,-7.94,-7.89,-6.34,-4.15,-2.41,-1.46,-0.32,-0.54,-0.98,-0.32,-0.5,-0.25,-1.01,-4.39,-5.54,-2.54,2.45,2.28,-2.04,0.15,0.4,-1.57,-1.15,0.54,2.01,3.21,3.86,4.15,4.37,4.54,4.54,4.25,4.38,4.78,4.98,5.24
-4.5,-4.97,-5.83,-6.69,-7.02,-7.25,-7.41,-7.28,-6.93,-6.64,-6.6,-6.95,-7.53,-8.14,-8.48,-8.21,-7.72,-7.28,-6.51,-7.73,-7.11,-6.54,-7.46,-9.07,-7.87,-5.91,-5.16,-4.12,-4.26,-4.55,-4.11,-3.58,-2.71,-3.9,-4.65,-3.69,-5.13,-6.07,-5.89,-5.34,-4.83,-4.77,-5.85,-6.03,-3.57,-0.57,0.14,-1.81,-2.27,-1.25,-1.81,-2.42,-3.26,-3.65,-3.83,-3.25,-2.69,-2.45,-0.43,4.41,4.57,0.53,0.06,-0.09,0.41,1.83,2.76,3.63,4.19,4.54,4.7,4.8,4.82,4.57,4.34,4.29,4.56,4.9,5.15
-13.89,-15.18,-11.66,-9.99,-10.73,-10.03,-8.13,-9.35,-12.73,-7.97,-7.76,-12.65,-12.42,-8.9,-6.71,-6.54,-6.85,-6.21,-5.58,-5.36,-6.38,-6.89,-7.46,-7.59,-7.3,-5.11,-3.41,-1.91,-1.14,-1.06,-1.28,-2.37,-3.18,-3.2,-3.19,-4.06,-3.93,-2.49,-1.33,-1.45,-1.36,-1.81,-3.61,-4.32,-1.9,-0.88,-1.91,-3.95,-3.62,-3.49,-4.34,-3.95,-3.11,-2.3,-1.36,0.18,2.26,4.45,4.64,2.57,-0.66,-0.33,-0.65,0.17,3.03,3.58,3.86,4.66,5.07,5.33,5.39,5.36,5.32,5.33,5.08,4.45,4.47,4.77,4.87
-10.83,-10.31,-10.09,-10.01,-10.6,-11.42,-10.71,-8.03,-3.8,-2.95,-5.05,-7.41,-7.8,-5.15,-4.85,-5.36,-6.12,-7.1,-7.6,-7.04,-5.86,-4.32,-2.56,-1.34,-2.95,-4.06,-3.31,-2.66,-2.76,-2.92,-2.61,-2.28,-2.2,-2.2,-2.86,-3.78,-3.39,-1.97,-1.03,-0.38,0.48,1.09,1.52,3.2,4.29,3.01,1.97,1.93,1.07,0.63,1.22,1.64,1.77,2.29,2.59,3.39,5.21,4.48,0.94,-0.79,-0.88,2.32,4.15,4.27,4.67,4.43,4.57,4.77,4.96,5.12,5.23,5.27,5.23,5,4.69,4.5,4.45,4.27,3.76
-6.78,-6.85,-6.91,-6.39,-5.58,-5.06,-4.65,-2.71,0.2,-2.01,-6.72,-5.08,-2.54,-3.08,-3.92,-4.76,-6,-7.11,-7.2,-7.28,-8.04,-7.91,-6.87,-7.02,-7.22,-5.87,-5.64,-5.8,-5.41,-5.77,-6.18,-5.53,-5.1,-4.68,-3.7,-2.66,-1.52,-0.34,0.34,0.49,0.56,1.33,2.46,2.01,0.31,-1.15,-1.8,-1.99,-1.19,-0.39,0.1,0.92,1.26,1.97,2.41,3.29,3.92,1.62,1.6,3.31,3.7,3.67,3.84,4.07,4.23,4.28,4.39,4.44,4.38,4.59,4.36,4.2,4.08,3.87,3.64,3.42,2.94,2.28,1.84
-4.12,-3.23,-2.36,-2.32,-3.6,-4.19,-3,-2.75,-3.59,-4.35,-4.68,-4.35,-4.17,-4.5,-4.82,-5.05,-5.2,-5.28,-5.37,-5.39,-5.54,-5.75,-5.57,-5.31,-5.09,-4.79,-4.74,-4.87,-4.62,-3.99,-3.34,-2.65,-2,-1.52,-1.1,-0.58,0.07,0.89,1.68,2.05,1.87,0.78,-0.66,-1.63,-1.53,-0.13,0.58,0.7,2.06,3.27,3.58,3.77,4.16,4.29,4.27,4.31,4.15,3.94,3.86,3.89,3.95,3.99,3.98,3.99,4.04,4.09,4.15,4.16,4.07,3.85,3.49,3.1,2.77,2.33,1.92,1.56,1.2,0.69,0.29
-4.24,-5.13,-5.65,-5.74,-5.45,-4.97,-4.64,-4.58,-4.49,-4.38,-4.29,-4.16,-4.15,-4.43,-4.86,-5.36,-5.73,-5.79,-5.47,-5.25,-5.49,-5.66,-5.48,-5.29,-5.29,-5.12,-4.5,-3.79,-3.36,-2.95,-2.57,-2.32,-2.13,-1.91,-1.29,-0.42,0.45,1.4,0.01,-3.94,-4.17,-2.26,-1.87,-2.35,-2.34,-1.96,-1.4,-0.55,0.79,1.44,0.9,0.83,1.81,2.87,3.42,3.61,3.56,3.35,3.14,3.08,3.14,3.28,3.44,3.55,3.6,3.56,3.44,3.24,2.98,2.71,2.35,2.09,2.17,1.95,0.84,-0.08,0.04,0.3,-0.19
-4.48,-3.93,-3.99,-4.64,-5.17,-5.25,-5.16,-5.15,-5.01,-4.6,-4.08,-3.88,-4.23,-4.79,-5.02,-4.87,-4.74,-4.74,-4.77,-4.77,-4.73,-4.64,-4.49,-4.26,-3.95,-3.61,-3.27,-3.01,-2.84,-2.72,-2.65,-2.52,-2.17,-1.57,-0.59,1.21,3.44,3.47,1.45,-0.98,-2.58,-1.75,-0.58,-0.76,-0.89,-0.34,0.58,1.51,2.05,2.28,2.35,2.03,1.83,2.73,3.62,3.05,1.95,1.85,2.22,2.37,2.31,2.28,2.27,2.17,1.97,1.72,1.54,1.4,1.22,0.91,0.76,0.98,0.84,0.1,-0.2,0.25,0.64,0.46,0.09
-4.76,-3.99,-3.23,-2.84,-2.93,-3.34,-3.75,-3.9,-3.81,-3.68,-3.61,-3.57,-3.64,-3.77,-3.87,-3.97,-4.04,-3.97,-3.76,-3.47,-3.11,-2.68,-2.22,-1.8,-1.44,-1.06,-0.66,-0.29,0.21,0.98,1.88,2.75,3.62,4.3,4.41,4.1,3.87,4.24,4.77,4.97,4.13,5.02,4.29,2.54,1.41,1.3,1.32,1.01,1.19,2.09,2.83,3.07,3.17,3.2,3.11,2.99,2.92,2.7,2.36,2.27,2.28,2.05,1.62,1.14,0.58,0.16,0.04,0.34,0.91,0.85,-0.69,-3.48,-5.54,-5.74,-4.78,-3.31,-1.12,1.57,3.94
-5.48,-5.24,-4.94,-4.71,-4.71,-4.91,-5.2,-5.5,-5.68,-5.63,-5.3,-4.81,-4.34,-3.94,-3.6,-3.33,-3.12,-2.96,-2.72,-2.34,-1.94,-1.46,-0.71,0.52,2.01,3.37,4.25,4.58,4.61,4.65,4.74,4.78,4.73,4.66,4.66,4.91,5.37,5.45,4.8,4.13,4.39,5.45,6.33,6.51,6.23,5.77,5.06,4.02,3.05,2.65,2.5,2.07,1.44,0.91,0.55,0.45,0.66,1.18,1.79,2.15,2.22,2.32,2.48,2.31,1.81,1.45,1.3,1.06,0.5,-0.2,-0.5,-0.24,0.12,0.21,0.13,0.19,0.33,0.27,-0.04
-3.98,-4.34,-4.87,-5.53,-5.99,-5.99,-5.53,-4.99,-4.71,-4.74,-4.93,-5,-4.83,-4.49,-4.22,-4.15,-4.09,-3.73,-2.87,-1.39,0.34,1.96,3.19,4.01,4.49,4.64,4.57,4.42,4.46,4.72,4.96,4.82,4.34,3.77,3.44,3.32,3.33,3.59,4.31,5.26,5.71,5.48,5.02,4.81,4.66,4.28,3.54,2.56,1.48,0.58,0.07,0.18,1,2.02,2.72,2.8,2.49,2.06,1.76,1.69,1.77,1.86,1.86,1.78,1.64,1.48,1.26,0.99,0.85,1.07,1.67,2.07,1.67,0.07,-1.91,-3.04,-2.33,-0.64,0.71
-8.72,-8.49,-8.35,-8.26,-8.05,-7.6,-6.96,-6.31,-5.87,-5.7,-5.67,-5.49,-5.03,-4.38,-3.77,-3.25,-2.59,-1.54,-0.19,1.13,2.02,2.19,1.76,1.15,0.71,0.44,0.2,-0.11,-0.45,-0.65,-0.63,-0.35,0.15,0.9,1.83,2.64,3.13,3.35,3.5,3.71,3.93,4.13,4.3,4.44,4.53,4.42,4.09,3.68,3.24,2.75,2.15,1.47,0.81,0.19,-0.41,-0.95,-1.31,-1.3,-0.92,-0.39,0.02,0.27,0.32,0,-0.96,-2.37,-3.44,-4.04,-4.32,-5.2,-5.12,-6.02,-4.05,-0.48,2.72,3.6,2.21,0.08,-2.19
-8.72,-8.71,-8.75,-8.82,-8.9,-8.96,-8.96,-8.9,-8.72,-8.39,-7.97,-7.56,-7.28,-7.16,-7.11,-7.08,-6.94,-6.63,-6.19,-5.66,-5.19,-4.83,-4.55,-4.32,-4.04,-3.57,-2.84,-1.92,-1.03,-0.36,0.01,0.24,0.47,0.61,0.6,0.51,0.41,0.53,0.89,1.35,1.79,2.16,2.53,2.96,3.51,4.11,4.64,5.05,5.33,5.53,5.64,5.55,5.22,4.72,4.28,4.05,3.94,3.55,2.54,0.85,-1.34,-3.5,-5.43,-6.99,-8.23,-9.08,-7.52,-5.64,-7.49,-6.48,-5.45,-5.07,-4.86,-4.72,-4.65,-4.93,-5.8,-7.34,-9.31
