static/gfs.json
{"header": {"discipline":0,"disciplineName":"Meteorological products","gribEdition":2,"gribLength":77385,"center":7,"centerName":"US National Weather Service - NCEP(WMC)","subcenter":0,"refTime":"2016-09-15T06:00:00.000Z","significanceOfRT":1,"significanceOfRTName":"Start of forecast","productStatus":0,"productStatusName":"Operational products","productType":1,"productTypeName":"Forecast products","productDefinitionTemplate":0,"productDefinitionTemplateName":"Analysis/forecast at horizontal level/layer at a point in time","parameterCategory":2,"parameterCategoryName":"Momentum","parameterNumber":3,"parameterNumberName":"V-component_of_wind","parameterUnit":"m.s-1","genProcessType":2,"genProcessTypeName":"Forecast","forecastTime":0,"surface1Type":103,"surface1TypeName":"Specified height level above ground","surface1Value":10.0,"surface2Type":255,"surface2TypeName":"Missing","surface2Value":0.0,"gridDefinitionTemplate":0,"gridDefinitionTemplateName":"Latitude_Longitude","numberPoints":65160,"shape":6,"shapeName":"Earth spherical with radius of 6,371,229.0 m","gridUnits":"degrees","resolution":48,"winds":"true","scanMode":0,"nx":360,"ny":181,"basicAngle":0,"subDivisions":0,"lo1":0.0,"la1":90.0,"lo2":359.0,"la2":-90.0,"dx":1.0,"dy":1.0}, "data":
[rows 0 to 36 of 181, columns 166 to 248 of 360]
-2.46,-2.33,-2.19,-2.06,-1.93,-1.79,-1.66,-1.52,-1.39,-1.25,-1.11,-0.98,-0.84,-0.7,-0.56,-0.42,-0.29,-0.15,-0.01,0.13,0.27,0.4,0.54,0.68,0.82,0.95,1.09,1.23,1.36,1.5,1.64,1.77,1.91,2.04,2.17,2.31,2.44,2.57,2.7,2.83,2.96,3.08,3.21,3.34,3.46,3.59,3.71,3.83,3.95,4.07,4.19,4.3,4.42,4.53,4.65,4.76,4.87,4.98,5.08,5.19,5.29,5.39,5.49,5.59,5.69,5.78,5.88,5.97,6.06,6.15,6.23,6.32,6.4,6.48,6.56,6.64,6.71,6.78,6.85,6.92,6.99,7.05,7.11
-3.75,-3.67,-3.58,-3.49,-3.4,-3.31,-3.19,-3.08,-2.97,-2.85,-2.72,-2.59,-2.46,-2.33,-2.19,-2.03,-1.88,-1.73,-1.57,-1.41,-1.24,-1.07,-0.89,-0.72,-0.53,-0.34,-0.16,0.03,0.23,0.42,0.62,0.82,1.02,1.23,1.44,1.64,1.85,2.06,2.26,2.47,2.68,2.88,3.09,3.28,3.48,3.68,3.87,4.05,4.24,4.42,4.6,4.77,4.93,5.09,5.26,5.4,5.54,5.68,5.82,5.96,6.07,6.18,6.3,6.41,6.52,6.6,6.7,6.78,6.88,6.95,7.01,7.08,7.15,7.21,7.27,7.32,7.37,7.43,7.47,7.51,7.56,7.6,7.64
-4.04,-4.02,-3.99,-3.95,-3.92,-3.9,-3.89,-3.85,-3.79,-3.74,-3.69,-3.64,-3.61,-3.6,-3.6,-3.56,-3.53,-3.5,-3.46,-3.41,-3.34,-3.26,-3.17,-3.07,-2.97,-2.85,-2.72,-2.58,-2.42,-2.25,-2.05,-1.83,-1.6,-1.34,-1.08,-0.79,-0.47,-0.15,0.19,0.54,0.91,1.29,1.68,2.08,2.47,2.86,3.24,3.61,3.98,4.33,4.67,4.97,5.26,5.52,5.76,5.99,6.19,6.38,6.55,6.71,6.83,6.94,7.05,7.14,7.22,7.28,7.34,7.4,7.45,7.5,7.54,7.58,7.61,7.63,7.65,7.67,7.69,7.69,7.69,7.69,7.67,7.65,7.61
-3.82,-3.82,-3.8,-3.79,-3.77,-3.75,-3.72,-3.7,-3.66,-3.63,-3.61,-3.58,-3.54,-3.52,-3.5,-3.47,-3.45,-3.41,-3.38,-3.35,-3.31,-3.27,-3.24,-3.2,-3.18,-3.16,-3.13,-3.11,-3.08,-3.05,-3.0,-2.93,-2.83,-2.68,-2.52,-2.25,-1.96,-1.6,-1.21,-0.75,-0.25,0.27,0.82,1.38,1.93,2.47,3.01,3.53,4.02,4.47,4.91,5.29,5.66,5.97,6.26,6.5,6.71,6.89,7.03,7.15,7.23,7.3,7.35,7.38,7.42,7.44,7.43,7.43,7.44,7.42,7.4,7.38,7.37,7.37,7.36,7.32,7.27,7.22,7.14,7.02,6.89,6.77,6.64
-3.84,-3.88,-3.91,-3.94,-3.96,-3.98,-3.98,-3.98,-3.98,-3.98,-3.97,-3.97,-3.97,-3.97,-3.96,-3.95,-3.95,-3.94,-3.93,-3.92,-3.92,-3.92,-3.92,-3.89,-3.86,-3.8,-3.73,-3.65,-3.56,-3.46,-3.36,-3.27,-3.17,-3.05,-2.92,-2.73,-2.45,-2.1,-1.64,-1.07,-0.46,0.19,0.88,1.57,2.25,2.87,3.46,4.0,4.52,4.99,5.43,5.84,6.21,6.52,6.77,6.98,7.14,7.24,7.29,7.3,7.28,7.22,7.14,7.05,6.95,6.84,6.73,6.61,6.48,6.36,6.27,6.16,6.06,5.98,5.9,5.85,5.85,5.9,5.97,6.06,6.14,6.2,6.32
-3.45,-3.52,-3.61,-3.68,-3.75,-3.81,-3.87,-3.92,-3.97,-4.01,-4.04,-4.07,-4.1,-4.13,-4.16,-4.2,-4.22,-4.23,-4.23,-4.23,-4.21,-4.17,-4.11,-4.04,-3.98,-3.9,-3.82,-3.74,-3.61,-3.45,-3.27,-3.1,-2.93,-2.77,-2.63,-2.48,-2.28,-1.95,-1.47,-0.87,-0.19,0.52,1.31,2.08,2.74,3.3,3.81,4.29,4.77,5.24,5.68,6.07,6.38,6.6,6.74,6.79,6.76,6.65,6.5,6.3,6.07,5.84,5.61,5.41,5.25,5.1,4.95,4.81,4.73,4.69,4.77,5.01,5.3,5.67,6.07,6.41,6.66,6.9,7.04,7.11,7.13,7.1,7.0
-3.18,-3.24,-3.31,-3.4,-3.5,-3.58,-3.64,-3.71,-3.79,-3.89,-4.15,-4.32,-4.46,-4.6,-4.69,-4.68,-4.78,-4.79,-4.81,-4.82,-4.81,-4.76,-4.66,-4.41,-4.12,-3.84,-3.58,-3.34,-3.15,-3.0,-2.88,-2.74,-2.59,-2.45,-2.31,-2.17,-2.02,-1.81,-1.47,-0.97,-0.32,0.41,1.18,1.91,2.52,2.97,3.31,3.64,3.99,4.4,4.85,5.3,5.67,5.94,6.08,6.06,5.94,5.75,5.49,5.17,4.83,4.56,4.41,4.44,4.64,4.95,5.31,5.66,5.92,6.09,6.15,6.14,6.12,6.08,6.05,6.04,6.06,6.09,6.08,6.02,5.9,5.69,5.41
-2.95,-3.12,-3.29,-3.5,-3.76,-4.09,-4.4,-4.64,-4.8,-4.9,-4.95,-4.98,-4.98,-4.97,-4.95,-4.91,-4.81,-4.73,-4.64,-4.52,-4.39,-4.25,-4.16,-4.11,-4.12,-4.15,-4.14,-3.99,-3.65,-3.15,-2.67,-2.21,-1.84,-1.56,-1.36,-1.22,-1.09,-0.91,-0.6,-0.14,0.45,1.1,1.77,2.38,2.92,3.33,3.65,3.91,4.13,4.32,4.5,4.7,4.91,5.08,5.18,5.18,5.07,4.81,4.53,4.22,3.99,3.9,4.03,4.34,4.72,5.16,5.54,5.78,5.82,5.71,5.54,5.4,5.3,5.16,4.96,4.84,4.74,4.67,4.61,4.5,4.28,4.0,3.67
-2.73,-2.8,-2.83,-2.81,-2.77,-2.73,-2.69,-2.65,-2.62,-2.62,-2.64,-2.66,-2.65,-2.62,-2.58,-2.53,-2.52,-2.48,-2.38,-2.27,-2.16,-2.06,-1.99,-1.94,-1.87,-1.74,-1.48,-1.07,-0.6,-0.19,0.1,0.23,0.24,0.16,0.06,-0.02,0.03,0.24,0.65,1.21,1.81,2.36,2.78,3.09,3.3,3.45,3.57,3.68,3.8,3.92,4.03,4.1,4.13,4.14,4.1,4.03,3.92,3.79,3.67,3.57,3.53,3.52,3.62,3.88,4.24,4.66,5.01,5.21,5.21,5.04,4.85,4.62,4.4,4.21,3.95,3.69,3.44,3.21,3.0,2.83,2.7,2.46,2.17
-1.27,-1.14,-1.06,-1.03,-1.02,-1.05,-1.08,-1.09,-1.08,-1.04,-1.0,-0.98,-0.96,-0.93,-0.85,-0.74,-0.64,-0.53,-0.43,-0.34,-0.24,-0.1,0.07,0.27,0.47,0.61,0.67,0.64,0.9,1.25,1.49,1.64,1.85,2.02,2.11,2.14,2.15,2.21,2.3,2.57,2.74,2.77,2.72,2.49,2.51,2.56,2.64,2.69,2.74,2.77,2.79,2.78,2.76,2.71,2.63,2.53,2.43,2.35,2.33,2.4,2.61,2.95,3.43,4.0,4.54,4.91,5.02,4.94,4.65,4.37,4.07,3.81,3.45,3.12,2.8,2.51,2.31,2.18,1.98,1.5,1.0,0.33,-0.46
1.01,1.03,0.99,0.92,0.88,0.87,0.9,0.94,0.94,0.93,0.94,1.03,1.24,1.51,1.77,1.96,2.08,2.17,2.22,2.23,2.24,2.28,2.37,2.46,2.56,2.62,2.64,2.62,2.57,2.52,2.48,2.45,2.43,2.43,2.44,2.43,2.42,2.38,2.34,2.26,2.16,2.01,1.83,1.63,1.41,1.21,1.03,0.89,0.8,0.77,0.78,0.8,0.81,0.82,0.85,0.85,0.82,0.87,0.98,1.26,1.89,2.82,3.88,4.74,5.19,5.22,5.04,4.79,4.55,4.33,4.2,4.01,3.64,3.29,2.87,2.43,1.99,1.53,1.03,0.55,0.14,-0.29,-0.73
2.07,2.08,2.13,2.2,2.28,2.37,2.5,2.64,2.77,2.86,2.94,3.04,3.16,3.29,3.33,3.26,3.13,3.01,2.92,2.86,2.81,2.8,2.78,2.75,2.71,2.62,2.48,2.31,2.13,1.95,1.76,1.59,1.43,1.3,1.16,1.01,0.85,0.67,0.51,0.38,0.3,0.27,0.25,0.2,0.06,-0.15,-0.34,-0.42,-0.35,-0.17,0.01,0.13,0.16,0.13,0.09,0.14,0.38,0.9,1.8,2.94,3.76,4.36,4.79,4.9,4.71,4.33,3.91,3.56,3.27,2.96,2.58,2.23,2.0,1.9,1.91,1.85,1.69,1.4,1.0,0.41,-0.29,-0.83,-1.32
2.36,2.22,2.08,1.89,1.77,1.87,2.19,2.57,2.87,3.0,3.02,3.0,2.97,2.93,2.88,2.83,2.8,2.79,2.69,2.32,2.36,2.41,2.32,2.15,2.01,1.92,1.86,1.79,1.69,1.53,1.35,1.19,1.04,0.83,0.57,0.31,0.07,-0.18,-0.47,-0.78,-1.02,-1.18,-1.29,-1.41,-1.5,-1.53,-1.38,-1.06,-0.64,-0.25,0.07,0.38,0.76,1.16,1.68,2.21,2.63,2.88,3.02,3.16,3.36,3.6,3.77,3.8,3.66,3.43,3.11,2.79,2.53,2.39,2.56,2.82,2.96,2.84,2.54,2.14,1.66,1.23,0.92,0.49,-0.42,-1.06,-1.47
1.64,1.28,1.02,0.95,1.08,1.37,1.73,2.14,2.55,2.86,3.03,3.14,3.24,3.36,3.46,3.5,3.48,3.4,3.26,3.08,2.88,2.67,2.44,2.16,1.84,1.49,1.16,0.83,0.5,0.18,-0.08,-0.27,-0.47,-0.76,-1.12,-1.45,-1.75,-2.1,-2.46,-2.71,-2.81,-2.77,-2.62,-2.4,-2.1,-1.62,-0.98,-0.27,0.42,1.03,1.56,2.01,2.35,2.55,2.63,2.52,2.53,2.3,2.03,2.13,2.32,2.31,2.16,2.02,1.86,1.59,1.15,0.84,1.06,1.84,2.79,3.48,3.9,4.1,3.72,3.13,2.6,1.79,0.3,-0.89,-1.31,-2.12,-3.18
0.85,0.52,0.25,0.17,0.27,0.54,0.93,1.44,1.99,2.54,3.09,3.66,4.19,4.55,4.68,4.5,4.06,3.49,2.94,2.47,2.06,1.73,1.38,0.94,0.41,-0.13,-0.56,-0.96,-1.39,-1.85,-2.24,-2.62,-2.96,-3.34,-3.58,-3.68,-3.74,-3.81,-3.85,-3.8,-3.66,-3.38,-2.97,-2.45,-1.84,-1.14,-0.44,0.18,0.65,0.96,1.05,0.96,0.81,0.68,0.57,0.49,0.51,0.61,0.71,0.77,0.81,0.85,0.9,1.0,1.23,1.73,2.25,2.63,2.84,2.96,3.08,3.13,3.24,3.26,2.72,2.61,1.63,0.77,-0.01,-0.43,-1.31,-2.98,-5.17
-0.61,-0.77,-0.7,-0.5,-0.2,0.32,1.11,2.11,3.09,3.87,4.37,4.37,3.96,3.38,2.82,2.28,1.82,1.43,1.02,0.52,-0.01,-0.5,-0.83,-0.92,-0.9,-0.92,-1.05,-1.27,-1.58,-1.99,-2.44,-2.92,-3.46,-4.04,-4.45,-4.62,-4.7,-4.77,-4.86,-4.93,-4.85,-4.54,-3.96,-3.14,-2.2,-1.31,-0.63,-0.25,-0.13,-0.1,-0.04,0.13,0.35,0.61,0.87,1.08,1.12,1.06,0.99,0.99,1.04,1.11,1.18,1.26,1.39,1.64,1.96,2.24,2.2,2.19,2.23,2.34,2.31,2.29,2.39,2.22,1.43,-0.38,-2.37,-2.98,-2.99,-2.26,-2.36
-2.71,-2.52,-2.3,-1.88,-1.1,-0.15,0.62,1.12,1.51,1.91,2.24,2.38,2.31,1.97,2.07,1.64,1.08,0.56,0.14,-0.13,-0.25,-0.24,-0.18,-0.21,-0.32,-0.45,-0.67,-1.06,-1.58,-2.13,-2.64,-3.08,-3.52,-3.99,-4.51,-5.01,-5.38,-5.51,-5.43,-5.22,-4.91,-4.51,-4.0,-3.16,-1.88,-0.47,0.51,0.92,0.99,0.94,0.86,0.83,0.87,0.99,1.18,1.33,1.39,1.39,1.36,1.35,1.36,1.38,1.39,1.41,1.48,1.58,1.64,1.6,1.51,1.6,1.56,1.38,1.24,1.32,1.39,1.04,0.09,-0.28,-0.09,-0.26,-1.98,-4.02,-4.77
-4.36,-4.13,-3.45,-2.75,-2.17,-1.53,-0.78,-0.05,0.6,1.08,1.32,1.36,1.37,1.43,1.39,1.22,0.78,0.43,0.3,0.18,-0.12,-0.37,-0.52,-0.67,-0.87,-1.28,-1.9,-2.62,-3.3,-3.8,-4.05,-4.15,-4.27,-4.34,-4.3,-4.24,-4.17,-3.98,-3.66,-3.21,-2.6,-1.78,-0.82,-0.03,0.4,0.63,0.79,0.86,0.88,0.93,1.02,1.1,1.15,1.29,1.56,1.78,1.85,1.84,1.76,1.61,1.41,1.17,1.04,1.01,1.0,0.98,1.13,1.39,1.51,1.61,1.53,1.54,1.44,1.15,0.91,0.39,-0.26,-0.61,-0.29,-0.63,-1.08,-1.14,-1.16
-4.7,-4.67,-4.34,-3.62,-2.59,-1.56,-0.6,0.47,1.35,1.7,1.68,1.53,1.35,1.22,0.96,0.59,0.32,0.13,-0.1,-0.35,-0.44,-0.39,-0.51,-1.03,-1.89,-2.71,-3.41,-4.0,-4.39,-4.57,-4.57,-4.32,-3.96,-3.56,-3.03,-2.53,-2.17,-1.86,-1.58,-1.29,-0.96,-0.64,-0.39,-0.24,-0.16,-0.15,-0.25,-0.29,-0.08,0.41,1.07,1.71,2.04,2.05,1.95,1.82,1.63,1.32,0.85,0.33,-0.09,-0.48,-0.74,-0.74,-0.52,-0.19,0.11,0.36,0.5,0.92,1.97,2.32,1.82,1.14,-0.55,-1.55,-0.75,0.13,0.27,0.55,0.58,0.3,0.05
-4.41,-4.84,-4.76,-4.18,-3.26,-2.12,-0.93,0.07,0.8,1.24,1.33,1.18,0.67,-0.01,0.37,0.71,0.6,0.31,0.24,-0.2,-1.41,-2.64,-3.01,-3.22,-3.95,-4.54,-4.83,-5.15,-5.43,-5.36,-4.76,-3.86,-2.77,-1.29,-0.05,0.4,0.13,-0.09,-0.31,-0.39,-0.11,0.44,0.5,0.31,0.32,0.51,0.58,0.53,0.59,0.82,1.23,1.63,1.9,2.02,1.95,1.66,1.16,0.55,-0.01,-0.47,-0.89,-1.21,-1.32,-1.24,-1.16,-1.07,-0.92,-0.7,-0.59,-0.47,-0.5,-0.24,-0.6,-1.61,-2.16,-2.51,-1.81,-1.05,-0.35,-0.14,-0.33,-0.4,-0.61
-3.2,-3.8,-3.89,-3.48,-2.59,-0.06,0.52,-0.1,0.11,0.03,-0.08,-0.58,-1.09,-1.45,-1.91,-2.51,-3.03,-3.57,-4.04,-3.8,-3.27,-3.99,-5.62,-6.4,-6.09,-5.78,-5.65,-5.48,-5.38,-4.9,-3.66,-2.35,-1.37,-1.3,-1.09,-0.57,-0.06,-0.03,-0.22,-0.53,-1.14,-1.61,-1.74,-1.56,-1.51,-1.7,-1.53,-0.77,0.28,1.65,1.77,1.56,1.38,1.08,1.19,0.6,-0.39,-0.81,-1.14,-1.32,-1.49,-1.63,-1.31,-0.87,-0.66,-0.36,0.27,0.1,0.35,0.86,1.0,1.5,1.62,0.79,0.18,-0.44,-0.86,-0.65,-0.11,0.4,0.57,0.66,0.23
-0.92,-2.27,-3.1,-3.29,-4.73,-3.9,-1.45,0.39,0.77,1.33,0.99,0.73,0.26,-0.27,-2.32,-4.54,-5.75,-5.8,-6.1,-6.16,-5.91,-6.54,-7.44,-7.55,-7.21,-7.01,-6.83,-6.34,-5.13,-4.61,-3.91,-2.7,-2.46,-1.21,-0.92,-1.09,-1.22,-1.53,-1.27,-0.47,0.23,0.15,-0.5,-0.96,-0.89,-1.1,-0.61,-1.13,-2.22,-2.11,-0.24,0.39,0.1,0.18,0.16,-0.01,-0.96,-1.21,-0.31,-0.36,-0.67,-1.4,-1.18,-1.03,-0.6,-0.46,-0.5,0.28,1.01,0.71,1.02,1.78,1.66,1.25,1.52,1.22,0.47,0.64,0.99,0.14,-1.39,-0.84,0.12
-1.36,1.03,-0.09,-0.18,-0.54,-1.39,-2.45,-3.92,-2.1,-1.64,-3.75,-1.97,-1.23,-1.59,-1.29,-1.77,-3.05,-4.93,-7.89,-8.14,-7.54,-7.47,-8.02,-8.21,-8.25,-8.53,-8.6,-8.29,-8.32,-6.29,-4.66,-3.76,-2.55,-0.95,-2.82,-2.69,-4.03,-2.9,-1.8,-0.96,-1.54,-2.99,-2.76,-2.58,-3.07,-3.77,-2.71,-0.36,0.35,-0.67,-1.49,-2.03,-1.46,-0.68,-1.82,-2.55,-0.85,-0.46,-1.26,-1.86,-1.64,-1.59,-2.02,-2.48,-1.97,-0.78,-0.31,-1.38,-1.63,-0.56,0.74,1.3,1.96,1.88,1.56,1.45,1.59,1.5,1.18,0.82,0.43,0.4,0.62
-3.72,-2.87,-3.44,-3.36,-1.88,-3.01,-5.14,-6.26,-4.76,-3.76,-3.9,-2.5,0.58,1.55,0.81,-1.71,-3.75,-4.47,-4.87,-6.45,-6.24,-6.52,-7.97,-9.06,-9.65,-10.2,-10.3,-10.68,-10.79,-9.04,-7.26,-5.36,-4.06,-2.17,-2.84,-4.4,-3.05,-1.4,0.45,-1.17,-2.26,-2.14,-2.8,-1.88,0.12,0.02,-1.0,-2.17,-2.48,-2.69,-2.77,-2.17,-1.52,-0.73,-0.5,-0.79,-1.2,-0.15,0.3,-0.54,-1.08,-0.85,-1.14,-0.99,-0.23,-0.63,-0.65,-0.17,1.47,3.08,2.75,2.55,1.14,1.38,1.99,1.45,1.03,0.95,1.67,1.61,1.41,1.24,1.3
-4.71,-5.33,-4.17,-4.05,-3.35,-3.8,-4.44,-5.05,-6.04,-2.5,-2.77,-1.23,-1.31,-0.93,-1.19,-5.05,-5.01,-6.68,-6.21,-5.51,-6.05,-5.96,-7.45,-7.49,-11.07,-11.97,-11.94,-10.42,-5.69,-2.88,-3.04,-3.04,-2.73,-1.78,-2.56,-2.14,-1.79,-2.19,-2.62,-2.19,-1.49,-1.91,-0.47,0.08,-1.83,-2.74,-2.55,-1.84,-1.63,-1.24,-1.68,-1.11,-0.95,-0.17,-0.03,0.0,-0.83,-0.97,0.0,-0.6,-1.01,-1.53,-1.35,-1.32,-1.49,-1.14,-0.2,0.26,0.86,2.89,3.01,3.05,2.62,4.31,5.48,5.94,3.91,1.95,1.91,1.51,1.38,1.69,1.06
-3.75,-4.41,-3.88,-3.65,-3.34,-3.48,-2.66,-3.44,-7.09,-1.91,-2.09,-2.88,-1.4,-1.48,-5.98,-8.23,-8.75,-9.87,-10.28,-9.07,-9.36,-7.82,-11.02,-13.18,-13.85,-13.86,-12.28,-11.26,-4.44,-3.95,-3.69,-3.69,-5.08,-4.96,-2.51,-1.9,-2.76,-2.75,-1.61,-1.15,-1.67,-1.51,-1.23,-2.8,-3.36,-3.43,-2.24,-1.9,-1.23,-0.77,-0.81,-0.36,-0.63,0.31,2.09,2.12,1.21,1.83,1.73,1.02,2.53,2.61,3.42,2.63,1.53,0.62,0.54,0.01,0.04,0.14,1.64,3.34,3.7,2.31,2.71,2.62,1.89,0.93,0.46,0.14,-0.17,0.02,0.36
-2.79,-3.47,-2.78,-2.17,-2.23,-2.22,-2.27,-3.1,-3.05,-1.49,-1.34,-1.9,-3.52,-8.71,-9.26,-10.35,-11.04,-11.04,-11.2,-9.45,-8.34,-12.82,-14.2,-14.01,-13.67,-13.33,-11.8,-8.13,-8.03,-9.11,-8.85,-9.53,-6.68,-2.07,-1.21,-3.26,-3.27,-3.43,-2.54,-1.35,-0.26,-0.4,-3.07,-3.78,0.05,1.86,2.81,0.86,1.62,0.57,0.8,1.32,2.16,2.14,1.02,0.2,0.1,0.63,0.63,0.77,0.01,1.19,1.78,1.98,2.29,1.93,1.59,1.06,0.79,1.41,0.59,2.28,2.37,2.2,1.88,2.93,1.13,0.3,0.35,-0.4,-1.62,-1.84,-2.11
-1.17,-1.88,-2.05,-2.79,-2.71,-3.11,-2.73,-2.63,-3.74,-4.6,-5.87,-5.92,-7.89,-8.33,-12.1,-11.97,-11.7,-10.39,-9.38,-11.37,-12.87,-13.29,-13.4,-13.23,-12.36,-10.99,-9.74,-9.23,-8.99,-9.08,-5.65,-4.59,-2.59,-2.31,-3.38,-3.8,-2.49,-0.18,-1.53,-2.82,-2.73,0.91,3.27,3.7,0.68,0.07,0.35,-1.09,-1.04,-2.02,0.63,2.34,1.15,0.35,-0.18,-0.44,0.0,0.17,0.98,1.32,1.08,1.83,1.97,1.7,2.67,3.25,2.97,2.13,1.23,2.07,1.75,1.15,2.04,0.97,-0.23,0.46,-0.03,-1.41,-1.98,-2.35,-2.77,-3.1,-3.05
-2.64,-3.67,-4.1,-2.84,-2.13,-3.09,-2.37,-2.95,-4.62,-5.66,-9.06,-11.95,-11.84,-13.03,-12.77,-11.46,-10.74,-11.68,-12.87,-12.87,-13.13,-13.24,-12.61,-11.9,-11.5,-11.14,-10.36,-9.68,-8.55,-5.14,-4.8,-4.6,-4.05,-4.39,-2.88,-1.37,-0.54,-1.29,-2.47,-0.96,1.01,0.26,-0.1,-2.12,-1.18,1.42,-1.37,-2.09,2.34,2.23,2.57,3.71,1.97,0.41,0.85,0.85,0.59,1.95,2.25,1.87,2.54,2.03,1.93,2.33,2.8,3.19,1.79,1.06,1.16,1.81,1.55,2.2,1.77,0.56,-1.04,-1.46,-1.42,-1.76,-2.37,-4.32,-6.97,-5.48,-7.71
-3.52,-2.58,-1.43,-0.49,-0.17,-0.94,-3.58,-11.42,-8.93,-10.82,-11.45,-12.18,-12.64,-12.05,-11.86,-12.53,-13.15,-13.29,-13.25,-13.1,-12.66,-12.49,-12.55,-12.24,-11.48,-10.65,-9.23,-8.01,-7.81,-4.95,-3.7,-2.92,-3.28,-3.11,-0.29,1.33,-0.77,-0.09,0.02,1.05,1.15,2.2,-0.81,-5.02,1.08,0.83,-3.56,-5.57,-1.14,0.05,0.48,1.23,0.97,-0.13,2.11,2.07,1.28,2.04,2.67,4.05,3.09,3.24,4.25,2.44,2.07,2.25,0.86,1.58,1.64,1.6,0.99,1.04,2.82,1.59,0.66,0.07,-0.34,-1.41,-5.56,-7.04,-6.35,-3.27,-3.86
-4.61,2.33,1.93,1.67,-0.47,-8.02,-10.9,-10.39,-11.66,-11.89,-12.22,-12.2,-12.24,-12.9,-13.4,-13.51,-13.51,-13.4,-13.24,-12.99,-12.95,-12.4,-12.0,-11.36,-10.4,-8.94,-7.3,-4.56,-3.23,-3.19,-1.45,0.97,1.57,0.55,1.42,-0.19,1.27,4.81,6.92,1.5,0.51,-1.72,-7.79,1.64,3.15,-4.04,-4.34,3.45,3.67,2.97,1.53,0.93,-0.52,-0.75,-1.52,-0.7,2.0,3.46,5.43,4.3,2.94,3.18,4.41,2.62,2.56,2.2,1.35,1.12,1.67,0.18,0.55,1.52,1.79,1.32,0.53,0.13,-1.55,-1.89,-1.37,-1.8,-2.09,-2.38,-2.81
0.4,0.2,-2.76,-5.49,-8.86,-10.2,-10.46,-11.32,-11.57,-11.6,-12.02,-12.71,-13.08,-13.34,-13.51,-13.4,-13.4,-13.31,-12.82,-12.45,-12.16,-12.03,-11.37,-10.58,-8.66,-5.27,-3.2,-0.97,1.97,3.38,4.03,5.14,3.54,0.01,-1.12,-0.62,4.0,5.16,2.77,2.15,0.03,8.32,6.99,3.26,5.25,5.43,5.88,6.23,6.15,5.5,3.91,1.91,-0.89,-2.07,-3.21,-5.66,-0.74,1.41,1.71,3.39,6.31,2.74,2.45,3.68,2.64,2.66,1.53,2.57,2.57,1.12,0.81,1.95,1.12,1.27,0.62,-0.25,-0.74,-1.48,-2.39,-2.04,-2.07,-2.04,-1.74
-3.83,-5.35,-6.91,-8.51,-9.48,-10.1,-10.77,-10.81,-11.21,-12.28,-12.88,-13.09,-13.42,-13.52,-13.28,-13.45,-12.94,-12.16,-11.88,-11.82,-11.45,-11.01,-10.25,-7.93,-5.74,-3.15,-0.16,1.16,1.74,1.83,3.74,3.6,5.05,3.97,4.32,6.11,8.07,4.54,2.69,1.64,1.8,0.83,6.74,5.16,8.98,8.35,7.55,7.24,7.56,6.5,4.03,1.15,-2.96,-7.58,-2.29,5.67,6.62,5.36,2.07,4.26,3.3,4.94,5.69,2.93,2.7,2.0,1.6,1.72,1.42,0.76,0.95,1.42,1.13,1.49,0.88,-0.41,-0.95,-1.73,-0.54,-1.38,-1.58,-1.74,-1.87
-7.0,-8.02,-8.81,-9.35,-9.66,-9.76,-10.12,-10.99,-12.05,-12.52,-12.91,-13.28,-13.29,-13.33,-13.34,-12.93,-12.98,-12.8,-12.17,-11.34,-9.97,-6.24,-5.62,-5.79,-0.57,1.32,1.04,3.23,3.96,3.97,4.69,4.29,8.24,8.73,5.98,7.23,3.28,5.05,8.84,8.03,1.35,3.04,3.35,3.78,4.44,9.73,9.29,8.78,8.22,7.09,4.26,0.9,-3.45,-7.0,-2.89,5.1,10.18,11.79,9.86,4.19,7.72,5.33,5.0,4.51,2.1,1.54,1.73,1.46,0.43,0.19,0.4,-0.28,-1.64,-1.81,-0.36,-0.27,-1.14,-0.23,-2.27,-1.65,-1.63,-1.4,-0.68
-8.03,-8.07,-7.78,-8.27,-9.15,-9.84,-10.65,-11.71,-12.29,-12.59,-12.83,-12.85,-13.01,-13.1,-13.5,-13.62,-12.96,-11.58,-8.9,-8.85,-7.98,-4.8,-2.04,-0.86,0.34,2.04,2.43,1.86,4.56,5.36,6.74,5.87,7.69,5.36,3.38,2.24,7.13,6.78,7.51,8.04,7.05,6.55,5.36,4.43,3.98,6.33,8.96,9.21,8.79,8.46,6.47,2.12,-1.71,-3.21,-1.21,4.83,10.44,11.5,11.73,13.16,10.69,4.13,3.14,2.07,1.92,0.92,0.47,-0.06,-0.37,-0.01,0.53,0.55,0.85,1.69,1.87,1.11,-0.05,-0.59,-1.41,-1.35,-0.81,-1.27,-0.98
-6.61,-7.54,-7.82,-8.4,-9.08,-9.88,-10.57,-10.91,-11.33,-11.83,-11.85,-12.15,-13.44,-13.87,-13.15,-12.73,-11.3,-8.1,-8.33,-5.85,-4.06,-3.7,-1.71,-0.07,2.09,2.94,2.44,3.87,1.97,7.09,4.51,5.12,5.92,9.18,6.23,8.84,9.42,8.72,7.98,8.52,8.89,7.72,6.12,4.3,3.37,4.16,9.03,9.66,9.07,8.26,7.27,4.68,1.57,-0.51,0.54,4.69,7.14,7.78,12.16,11.17,10.44,3.61,3.24,1.43,1.37,0.77,1.19,-0.27,-0.42,-0.48,-0.36,0.57,1.4,1.63,1.22,1.01,0.64,0.68,1.55,-0.02,-0.42,-0.89,-1.09
-7.94,-7.97,-7.71,-7.99,-8.68,-9.39,-10.02,-10.14,-10.48,-11.01,-11.74,-12.43,-13.51,-14.25,-12.59,-10.11,-7.23,-7.2,-7.27,-5.41,-4.28,-4.73,-2.58,1.98,5.91,6.99,5.74,4.86,5.25,6.01,6.39,7.09,6.99,8.26,10.3,11.26,10.53,9.67,7.97,7.7,8.12,7.88,6.54,3.84,2.45,2.64,10.34,10.61,9.6,8.51,7.31,5.58,2.94,0.84,1.23,1.85,5.32,11.4,10.59,10.08,9.16,5.71,2.99,4.58,0.97,0.7,1.07,0.84,0.59,0.1,0.77,0.04,1.17,1.62,2.09,1.85,0.31,-0.28,-0.8,-1.21,-1.57,-1.94,-2.13
