static/gfs.json
{"header": {"discipline":0,"disciplineName":"Meteorological products","gribEdition":2,"gribLength":77385,"center":7,"centerName":"US National Weather Service - NCEP(WMC)","subcenter":0,"refTime":"2016-09-15T06:00:00.000Z","significanceOfRT":1,"significanceOfRTName":"Start of forecast","productStatus":0,"productStatusName":"Operational products","productType":1,"productTypeName":"Forecast products","productDefinitionTemplate":0,"productDefinitionTemplateName":"Analysis/forecast at horizontal level/layer at a point in time","parameterCategory":2,"parameterCategoryName":"Momentum","parameterNumber":3,"parameterNumberName":"V-component_of_wind","parameterUnit":"m.s-1","genProcessType":2,"genProcessTypeName":"Forecast","forecastTime":0,"surface1Type":103,"surface1TypeName":"Specified height level above ground","surface1Value":10.0,"surface2Type":255,"surface2TypeName":"Missing","surface2Value":0.0,"gridDefinitionTemplate":0,"gridDefinitionTemplateName":"Latitude_Longitude","numberPoints":65160,"shape":6,"shapeName":"Earth spherical with radius of 6,371,229.0 m","gridUnits":"degrees","resolution":48,"winds":"true","scanMode":0,"nx":360,"ny":181,"basicAngle":0,"subDivisions":0,"lo1":0.0,"la1":90.0,"lo2":359.0,"la2":-90.0,"dx":1.0,"dy":1.0}, "data":
[rows 74 to 110 of 181, columns 166 to 248 of 360]
0.27,0.75,0.37,-0.02,-0.83,-1.03,-0.68,-1.99,-1.21,-1.01,-1.31,-1.88,-1.26,-0.64,0.0,-0.04,-0.43,-0.82,-1.36,-0.85,-1.44,-0.62,-0.54,-1.33,-1.05,-0.85,-2.02,-2.35,-2.94,-3.81,-3.88,-1.27,-1.06,-1.36,-2.56,-0.05,2.16,0.94,0.08,-0.81,-1.4,-2.58,-1.93,-1.91,-1.8,-1.95,-2.05,-2.27,-1.84,-1.46,-0.31,2.24,3.02,1.87,1.57,0.08,0.25,-1.83,-3.05,-4.22,-5.6,-6.24,-6.68,-6.34,-6.37,-6.1,-6.08,-6.26,-6.38,-6.26,-6.04,-5.42,-4.51,-3.19,-1.87,-1.71,-1.22,-2.9,-3.02,-1.84,-2.44,-3.88,-4.89
0.8,0.56,0.14,-0.91,-1.09,-2.63,-2.83,-2.2,-1.92,-1.78,-2.04,-1.63,-1.23,-1.77,-1.15,-0.52,-0.51,-1.25,-1.06,-0.72,-1.36,-0.29,-0.26,-0.5,-1.02,-0.48,0.08,-1.3,-1.9,-2.03,-1.25,-1.07,-1.29,-3.02,-2.76,1.2,2.36,0.75,-0.28,-1.22,-1.9,-2.97,-2.67,-2.05,-1.9,-2.08,-2.05,-2.65,-1.52,-0.51,2.26,4.76,4.11,2.34,0.48,-0.01,-1.3,-2.64,-4.0,-4.85,-5.94,-6.62,-6.92,-7.01,-6.94,-6.7,-6.45,-6.2,-5.9,-5.72,-5.68,-5.21,-4.7,-4.01,-3.41,-2.97,-2.53,-2.58,-1.87,-1.61,-3.04,-4.51,-5.06
-0.45,-0.63,-0.74,-1.49,-2.97,-3.82,-3.26,-0.67,-1.11,-1.77,-1.74,-0.81,-0.58,-1.1,-0.96,-0.96,-1.21,-2.1,-1.66,-1.04,-0.86,-0.18,-0.19,-0.23,-0.42,-0.64,-0.46,-0.59,-0.63,-1.17,-1.31,-1.71,-1.89,-1.65,0.41,2.45,1.24,-0.21,-0.49,-1.03,-2.32,-2.25,-2.59,-1.68,-1.73,-2.01,-2.07,-1.32,-0.19,2.78,5.1,5.49,4.18,2.2,1.46,0.11,-2.5,-4.49,-4.63,-5.53,-5.67,-6.12,-6.47,-6.62,-6.47,-6.3,-6.06,-5.75,-5.51,-5.46,-5.41,-5.3,-4.85,-4.36,-3.49,-2.79,-2.68,-2.25,-1.29,-2.24,-3.67,-4.89,-5.51
-1.52,-1.44,-1.44,-2.66,-4.06,-3.38,-1.77,-0.47,-1.0,-1.4,-1.25,-0.71,-0.69,-0.8,-1.27,-1.9,-2.22,-2.44,-2.12,-1.19,-1.42,-1.34,-0.74,0.04,0.2,0.19,-0.11,0.2,0.38,0.43,0.18,-0.55,-0.71,-0.25,1.08,1.73,0.86,-0.14,-1.19,-1.35,-2.11,-2.15,-2.18,-2.11,-1.81,-1.43,-0.7,0.15,2.16,4.32,5.45,4.57,3.27,2.2,2.79,0.78,-2.23,-3.98,-5.59,-5.13,-6.07,-6.6,-6.45,-6.39,-6.2,-5.7,-5.0,-4.96,-4.64,-4.3,-4.23,-3.83,-3.21,-2.97,-2.69,-2.88,-3.06,-2.57,-1.74,-3.12,-4.27,-5.38,-6.61
-2.96,-2.64,-2.41,-3.13,-3.8,-3.52,-1.28,-0.95,-1.0,-1.31,-1.8,-1.18,-1.29,-1.7,-1.74,-1.85,-2.36,-2.28,-1.88,-1.38,-0.15,0.43,0.39,0.72,1.16,1.47,2.1,1.99,1.51,1.56,0.58,-0.34,0.28,-0.14,0.72,1.33,-0.38,-0.43,-1.32,-1.45,-1.46,-2.37,-2.54,-2.25,-2.13,-1.37,-0.93,0.5,1.84,4.85,3.87,3.5,3.33,3.39,1.85,0.83,-0.72,-3.6,-5.7,-6.18,-4.78,-4.46,-6.14,-6.79,-6.93,-6.5,-5.66,-4.93,-4.32,-4.08,-4.03,-3.65,-3.2,-2.59,-2.01,-2.56,-3.11,-2.44,-3.26,-4.31,-5.08,-5.68,-4.02
-3.45,-2.66,-2.19,-2.48,-2.52,-2.25,-2.03,-1.41,-1.42,-1.66,-1.67,-1.61,-1.63,-1.95,-2.47,-2.41,-1.72,-0.73,-0.34,-0.74,0.56,2.04,2.32,3.14,3.44,3.37,3.35,2.54,2.76,2.17,1.8,1.32,1.67,1.75,1.39,0.27,-0.24,-0.99,-1.22,-2.36,-1.81,-1.96,-2.62,-2.79,-2.25,-2.06,-1.65,0.81,2.55,4.12,3.32,3.22,3.26,3.01,2.67,1.85,1.12,0.5,-1.01,-3.39,-5.38,-5.63,-5.32,-5.24,-4.26,-4.26,-3.9,-3.15,-1.67,-2.53,-1.69,-0.6,-0.52,-1.05,-0.8,-1.79,-2.52,-3.01,-2.59,-2.86,-3.04,-2.73,-2.26
-3.08,-2.74,-2.5,-2.61,-2.68,-2.54,-1.97,-1.79,-2.17,-1.57,-1.51,-1.48,-1.73,-2.33,-1.64,-1.31,-0.79,-0.55,0.21,1.09,3.1,4.37,5.01,4.6,4.24,4.41,3.97,4.0,3.51,2.73,2.28,2.22,2.24,2.58,2.08,0.21,-0.18,0.35,-1.05,-1.22,-1.9,-1.84,-1.13,-0.38,-1.34,-2.01,-0.63,2.49,3.59,3.49,2.9,3.32,3.68,3.4,3.3,2.71,1.35,0.54,0.88,0.03,-1.01,-2.27,-2.97,-3.46,-3.27,-1.94,-1.86,-1.14,-0.5,1.09,1.07,1.07,0.51,1.38,1.05,0.21,-1.28,-1.57,-1.52,-1.18,-1.54,-1.24,-1.36
-2.35,-2.17,-2.2,-2.36,-2.61,-2.63,-3.19,-2.54,-1.65,-1.32,-1.15,-1.54,-2.4,-1.65,-1.13,-0.17,0.49,1.58,2.97,4.45,4.56,4.64,5.64,5.5,4.97,4.42,3.85,3.07,2.7,2.17,2.03,1.64,1.51,1.4,1.46,2.49,1.29,0.45,-0.46,-0.98,-1.52,-1.81,-2.09,-1.45,-1.35,-0.22,1.56,2.21,3.39,4.18,5.11,4.43,4.12,3.58,2.65,1.72,1.4,0.72,0.22,0.82,1.2,0.45,-0.24,-0.64,0.76,-0.41,0.75,2.01,2.18,3.1,3.13,2.85,3.52,3.42,2.94,2.36,1.85,1.69,1.19,0.46,-0.56,-0.88,0.51
-2.83,-2.1,-1.92,-1.87,-1.92,-1.6,-1.22,-0.96,-0.7,-0.03,-0.63,-0.67,-1.04,-0.36,0.6,1.52,2.53,3.24,3.82,4.76,5.31,5.3,5.15,4.88,4.33,3.75,3.25,2.77,2.01,1.8,1.27,0.95,0.73,1.22,1.52,1.12,1.1,1.06,1.11,1.06,0.39,-0.3,-0.74,-0.09,0.04,1.59,2.61,4.22,5.09,5.09,4.85,4.06,3.41,2.9,2.24,1.79,1.63,1.43,1.42,1.92,2.03,2.33,2.59,3.07,2.59,2.37,2.01,3.33,3.92,4.32,4.33,4.17,3.64,4.13,3.96,5.03,5.69,5.81,5.47,4.55,2.53,3.18,4.16
-2.74,-2.21,-1.75,-1.28,-1.01,-0.26,-0.07,0.52,0.14,0.07,0.55,1.05,2.23,2.06,2.07,2.81,3.71,4.29,4.19,4.22,4.57,4.44,4.14,3.67,3.18,2.68,2.16,1.9,1.48,1.04,0.85,0.84,0.71,0.52,0.48,0.88,1.38,0.81,-0.12,0.1,0.09,2.09,2.73,1.51,1.5,2.17,3.72,4.73,5.23,4.63,3.9,3.14,2.54,2.42,2.08,1.98,1.61,1.44,1.48,1.49,2.15,3.22,3.7,3.74,3.46,3.83,5.45,6.04,6.59,5.19,4.84,5.36,5.63,5.55,5.05,5.1,5.65,5.63,5.29,5.36,5.79,4.75,3.91
-1.81,-1.28,-0.48,-0.23,-0.07,0.17,0.69,0.61,0.44,1.05,1.66,1.81,2.42,2.99,3.62,4.55,3.98,4.01,4.17,3.98,3.98,3.71,3.25,2.84,2.46,2.05,1.79,1.6,1.14,0.58,0.25,0.39,0.62,0.95,1.2,1.64,1.89,2.22,3.16,3.4,3.51,2.81,2.29,2.38,3.12,3.71,3.74,3.93,3.69,3.24,2.66,2.25,2.3,2.25,2.23,2.09,1.84,1.54,1.51,1.85,2.03,2.14,2.34,2.72,3.82,4.54,4.74,4.59,4.34,4.05,3.65,3.78,3.81,3.97,4.57,5.33,5.61,5.61,5.7,5.47,5.5,5.78,6.07
-1.22,-0.62,0.6,1.9,2.06,1.77,1.45,1.32,1.56,2.16,2.7,2.44,2.98,4.23,3.81,3.59,3.77,3.58,3.44,3.53,3.24,2.93,2.84,2.47,1.99,1.81,1.44,1.26,0.69,-0.01,0.08,0.27,0.39,0.94,1.09,1.35,1.74,2.35,2.77,2.7,2.91,2.55,2.28,3.32,3.46,3.32,2.99,2.86,2.68,2.37,2.18,1.98,1.83,2.1,2.01,1.76,1.65,1.59,1.77,1.96,1.9,2.1,1.99,2.35,3.06,3.93,4.24,4.28,4.2,3.8,4.07,4.14,4.34,4.81,5.42,5.73,5.62,5.73,5.61,5.52,5.65,6.49,7.48
0.42,0.93,1.06,1.23,1.36,1.35,1.5,1.77,2.24,2.79,2.98,2.84,2.69,2.71,2.81,3.1,2.74,2.62,2.71,2.8,2.83,2.86,2.41,1.99,1.54,1.11,0.6,0.07,-0.24,-0.18,-0.29,-0.11,0.6,0.54,0.79,0.87,1.11,1.46,2.28,3.16,3.71,4.31,3.86,3.23,2.76,2.51,2.44,2.27,1.9,1.66,1.5,1.61,1.87,1.88,1.92,1.65,1.56,1.66,1.62,1.69,1.79,2.1,2.28,2.48,2.99,3.47,3.78,4.19,4.22,4.23,4.48,4.79,5.13,5.52,5.7,5.82,5.66,5.45,5.42,5.75,5.93,6.08,5.89
0.15,0.52,0.71,0.99,1.14,1.07,1.36,1.57,1.94,1.95,1.95,2.0,1.88,1.95,2.48,2.06,1.91,2.08,2.16,2.09,2.51,2.03,1.43,1.12,0.76,0.29,-0.02,-0.13,-0.29,-0.52,-0.45,-0.36,-0.35,0.28,0.29,0.23,0.74,1.25,2.03,2.66,3.07,3.08,2.97,2.9,2.54,2.23,1.95,1.37,1.04,1.24,1.56,1.74,1.64,1.61,1.49,1.26,1.25,1.18,1.5,1.43,1.63,2.03,2.34,2.72,3.28,3.64,3.94,4.0,4.1,4.28,4.68,5.12,5.59,5.61,5.57,5.45,5.48,5.65,5.8,5.91,6.2,6.17,5.79
0.31,0.28,0.43,0.59,1.02,1.36,1.32,1.18,1.26,1.16,1.11,1.14,1.14,1.27,1.19,1.2,1.47,1.39,1.33,1.44,1.16,1.01,0.75,0.22,-0.14,-0.15,-0.02,0.11,0.14,-0.24,-0.68,-0.75,-0.83,-0.27,-0.23,-0.15,0.18,0.56,1.1,1.71,1.94,2.02,2.26,2.2,1.91,1.4,0.96,0.71,0.51,0.92,1.45,1.55,1.46,1.28,1.15,1.14,0.93,0.94,0.82,0.95,1.41,1.93,2.23,2.86,3.18,3.29,3.59,4.05,4.43,4.75,4.95,5.07,5.08,5.1,5.07,5.07,5.23,5.44,5.74,6.21,6.1,6.02,5.83
-0.17,0.14,0.47,0.57,0.7,0.83,0.83,0.89,0.61,0.71,0.81,0.68,0.48,0.51,0.9,0.99,1.01,0.98,0.68,0.32,0.25,0.1,0.13,-0.07,-0.28,-0.37,-0.38,0.13,0.07,-0.53,-1.29,-1.43,-1.07,-1.12,-0.51,-0.51,-0.48,-0.33,-0.26,0.04,0.55,1.41,1.43,1.69,1.15,0.85,0.43,0.3,0.43,0.33,0.42,0.54,0.84,1.0,1.13,0.62,0.33,0.36,0.52,0.8,1.14,1.23,1.39,1.79,2.6,3.49,3.63,3.77,3.83,3.97,4.07,4.08,4.12,4.04,4.05,3.98,4.0,4.09,4.3,5.01,5.47,5.74,6.0
0.17,0.23,0.23,0.21,0.3,0.22,0.37,0.41,0.2,0.27,0.45,0.55,0.67,0.77,0.92,0.81,0.78,0.6,0.4,0.2,-0.11,-0.29,-0.35,-0.22,-0.39,-0.6,-0.72,-1.09,-1.12,-1.19,-1.47,-2.01,-1.69,-1.15,-0.79,-0.39,-0.67,-0.91,-1.09,-1.05,-0.57,0.04,0.09,0.18,0.55,0.52,0.3,0.19,0.34,0.28,0.07,0.31,0.58,0.52,0.47,0.39,0.24,0.21,0.47,0.74,0.85,1.01,1.04,1.31,1.82,2.09,2.65,2.62,2.63,2.73,2.85,2.74,2.55,2.25,2.13,2.22,2.34,2.39,2.62,3.37,4.34,5.17,5.58
-0.13,0.11,0.12,0.32,0.2,0.4,0.57,0.51,0.53,1.16,1.1,0.91,1.13,1.16,0.66,0.82,0.97,1.15,1.18,0.9,0.4,-0.39,-0.44,-0.37,-0.45,-1.03,-1.6,-2.29,-2.92,-3.5,-2.09,-2.28,-2.39,-2.39,-1.34,-1.3,-1.4,-1.54,-1.47,-1.26,-1.29,-1.15,-0.61,-0.24,-0.05,-0.07,-0.06,-0.05,-0.17,-0.04,0.01,-0.2,-0.35,-0.25,-0.32,-0.12,0.22,0.19,0.21,0.28,0.28,0.52,0.51,0.65,0.73,0.81,1.22,1.12,1.06,1.3,1.69,2.03,1.9,1.52,1.24,1.24,1.67,2.06,2.29,2.75,3.49,3.9,4.26
-0.7,-0.58,-0.2,0.02,0.34,0.76,0.99,1.0,1.21,1.31,1.59,1.46,1.26,1.08,0.95,1.02,1.14,1.56,1.94,2.0,1.86,1.34,0.46,0.02,-0.01,-0.27,-0.88,-0.86,-1.44,-2.28,-2.94,-2.38,-2.59,-2.76,-2.62,-2.27,-1.64,-0.99,-0.79,-0.68,-0.73,-0.78,-0.81,-0.54,-0.11,0.01,0.03,-0.09,-0.39,-0.73,-0.62,-0.35,-0.28,-0.28,-0.1,-0.11,-0.02,0.04,0.1,0.07,0.15,0.32,0.5,0.81,0.97,1.19,1.34,1.32,1.18,1.29,1.69,2.01,2.25,2.4,2.08,1.85,2.06,2.47,3.08,3.59,4.03,4.14,4.09
-1.34,-0.88,-0.51,-0.28,0.13,0.64,1.3,1.79,1.92,1.88,1.74,1.43,1.46,1.21,1.01,0.97,1.11,1.55,1.84,1.94,1.71,1.66,1.23,0.66,0.71,0.7,0.53,0.04,-0.05,-0.12,-1.19,-2.29,-2.54,-2.53,-2.57,-2.29,-1.99,-1.27,-0.62,-0.51,-0.65,-0.79,-0.54,-0.46,-0.08,0.4,0.55,0.38,-0.15,-0.78,-1.17,-0.92,-0.52,0.12,0.19,0.21,0.31,0.58,0.85,1.19,1.09,1.13,1.38,1.56,1.84,2.07,2.17,2.08,1.97,1.93,2.27,2.68,2.8,2.72,2.71,2.8,3.02,2.9,3.41,3.65,3.95,4.13,4.13
-1.63,-1.25,-0.89,-0.33,0.19,0.6,1.04,1.7,2.27,2.3,2.06,1.58,1.08,0.85,1.55,1.3,0.89,1.19,1.61,1.81,1.82,1.95,1.92,1.62,1.08,1.02,1.29,1.12,1.3,1.37,0.21,-1.51,-2.38,-2.61,-2.66,-2.42,-1.91,-1.48,-1.14,-0.75,-0.52,-0.65,-0.77,-0.31,0.21,0.74,1.34,1.53,1.06,0.07,-0.59,-0.53,-0.2,-0.04,0.47,0.85,1.09,1.04,1.08,1.14,1.2,1.34,1.77,2.15,2.23,2.32,2.28,2.3,2.24,2.13,2.32,2.59,2.8,2.9,2.98,3.19,3.48,3.72,3.72,3.87,3.96,3.94,3.95
-1.51,-1.37,-0.98,-0.57,-0.16,0.55,1.3,1.99,2.45,2.59,2.39,2.24,1.95,1.42,1.04,1.27,1.39,0.98,1.1,1.47,1.74,1.77,1.94,2.01,2.25,2.25,2.62,2.14,1.12,1.04,1.02,0.06,-2.53,-3.03,-2.99,-2.81,-2.43,-2.04,-1.54,-1.03,-0.8,-0.57,-0.27,-0.01,0.34,0.95,1.55,1.83,1.84,1.22,0.45,0.22,0.21,0.22,0.31,0.45,0.83,1.3,1.47,1.28,1.25,1.3,1.51,1.86,2.22,2.41,2.29,2.29,2.4,2.53,2.75,2.92,2.88,2.92,3.03,3.3,3.47,3.64,3.76,3.72,3.79,3.66,3.68
-0.57,0.22,0.59,0.25,0.31,1.12,1.8,2.17,2.49,2.59,2.74,2.85,2.84,2.73,1.81,1.35,0.95,1.01,1.06,1.4,1.94,2.16,2.49,3.2,3.77,3.24,3.0,2.65,1.28,0.84,1.25,0.94,-1.65,-3.38,-3.37,-3.48,-3.13,-3.0,-2.57,-1.87,-0.73,-0.45,-0.26,0.09,0.59,0.91,1.09,1.37,1.81,1.91,1.51,1.1,1.1,1.19,1.03,0.69,0.94,1.79,1.99,2.08,1.87,1.58,1.66,1.88,2.06,2.1,2.18,2.14,2.07,2.26,2.48,2.62,2.74,2.67,2.87,2.97,3.25,3.5,3.56,3.67,3.78,3.88,3.9
-0.08,0.29,0.58,0.42,0.55,0.47,1.05,2.17,2.49,2.67,2.83,3.23,3.66,3.65,3.17,2.04,1.24,1.32,1.51,1.62,2.01,2.43,3.15,4.12,4.32,3.7,2.64,2.62,2.64,2.4,1.59,1.08,0.83,0.23,-2.85,-3.42,-3.34,-3.09,-2.18,-2.01,-1.59,-1.21,-0.15,0.43,0.84,0.85,1.05,1.13,1.3,1.33,1.39,1.55,1.71,1.8,1.69,1.28,1.3,1.3,2.02,2.45,2.53,1.8,1.05,1.18,1.72,2.1,2.4,2.41,2.4,2.35,2.28,2.22,2.35,2.51,2.38,2.27,2.59,3.08,3.44,3.56,3.68,3.77,3.85
1.48,1.62,1.27,1.27,0.89,1.21,1.17,1.39,2.06,2.61,2.86,3.33,3.67,3.98,3.92,3.08,1.8,1.19,1.75,1.88,2.14,2.64,3.46,4.36,4.57,3.59,2.71,2.4,2.54,2.88,2.89,2.29,1.42,1.47,0.98,-0.08,-1.9,-2.64,-2.42,-2.11,-1.6,-1.11,-0.66,-0.18,0.44,0.76,0.84,0.7,0.66,0.76,0.94,1.29,1.68,1.91,2.02,1.79,0.98,1.09,1.57,2.1,2.5,2.42,1.35,0.86,1.34,2.21,2.73,2.71,2.43,2.1,2.12,2.38,2.62,2.95,3.11,2.85,2.81,2.85,2.86,3.28,3.41,3.33,3.41
2.5,2.26,2.27,2.29,1.76,1.7,2.16,2.16,2.39,2.42,2.69,2.63,2.8,2.89,2.73,2.62,2.1,1.59,1.66,1.95,2.1,2.76,3.49,4.43,4.42,3.5,2.25,1.78,1.92,1.91,2.19,2.19,2.31,1.77,1.59,0.99,-0.25,-2.17,-2.26,-0.91,-0.49,-0.25,-0.34,-0.48,-0.43,0.1,0.5,0.63,0.6,0.78,0.98,1.17,1.21,1.26,1.48,1.61,1.37,0.98,0.75,1.31,2.08,2.53,1.63,0.91,1.05,1.92,3.07,3.17,3.01,2.75,2.51,2.67,3.41,3.72,3.89,4.01,4.04,4.04,3.58,2.94,3.0,3.32,3.58
2.63,3.19,2.9,2.95,2.68,2.48,2.53,2.62,2.61,3.26,3.35,3.53,3.25,3.09,2.89,1.74,1.27,1.45,1.42,1.33,1.92,2.49,3.39,4.48,4.22,3.36,1.99,1.61,0.78,1.03,0.91,1.38,1.58,2.08,2.46,2.21,0.93,-0.35,-0.79,-0.24,-0.5,-0.4,-0.79,-0.7,-0.44,-0.14,0.5,0.91,0.72,0.49,0.85,0.81,0.88,0.84,0.82,0.99,0.96,0.59,0.48,0.79,1.78,2.55,1.68,0.84,1.19,1.77,2.41,3.17,3.48,2.78,2.48,2.96,3.08,3.42,3.72,3.96,3.99,4.27,4.5,4.15,3.18,2.64,2.78
2.97,3.21,3.04,3.15,3.94,3.67,4.28,3.77,4.0,4.17,3.91,3.92,3.52,3.78,3.58,2.99,2.0,1.29,0.65,0.87,1.52,1.8,3.1,4.17,4.62,3.31,1.85,0.78,0.91,0.22,0.25,0.23,0.71,1.19,2.09,2.11,1.77,1.43,0.68,0.3,0.63,0.55,0.02,-0.05,-0.18,0.01,0.51,1.26,1.36,0.64,0.15,0.12,0.18,0.22,0.54,0.29,0.01,-0.42,-0.54,-0.11,1.05,1.9,1.22,0.86,0.82,1.37,1.91,1.96,2.05,2.31,2.27,2.26,2.31,2.51,2.74,3.03,3.14,3.35,3.75,4.33,4.0,2.86,2.76
3.48,3.61,3.68,4.29,4.29,4.6,4.75,5.3,5.26,5.03,5.7,5.77,5.95,5.52,4.54,3.84,3.2,2.35,1.67,0.77,0.46,1.12,1.86,3.69,4.35,3.84,2.64,1.03,0.71,0.36,-0.01,-0.16,-0.16,0.26,0.84,1.62,2.48,2.2,1.86,1.05,1.22,0.98,1.51,1.59,1.39,0.85,0.68,0.89,1.69,1.52,0.79,1.39,1.79,0.31,0.44,1.22,1.83,1.35,0.57,0.34,0.5,1.65,2.06,0.77,1.03,1.39,1.56,1.41,1.3,1.45,1.79,1.93,2.12,2.41,2.63,2.5,2.34,2.31,2.66,3.68,3.66,3.66,3.36
2.82,3.89,4.54,4.59,4.96,5.38,5.83,6.55,6.96,7.35,7.47,7.7,7.98,7.68,6.79,5.89,4.81,4.41,3.69,1.73,0.6,0.4,0.63,2.47,4.19,3.74,1.77,1.53,1.46,1.36,0.49,0.31,-0.15,-0.16,0.01,0.01,0.21,0.63,1.37,1.68,1.89,1.84,1.7,1.69,1.61,1.35,1.17,1.2,1.51,2.17,1.36,1.23,2.19,2.33,1.07,1.15,0.83,0.75,0.96,0.94,1.06,1.01,1.07,1.28,1.09,1.12,1.24,1.26,1.02,0.34,0.73,1.54,2.06,2.16,2.16,2.08,1.95,2.02,2.58,2.8,2.99,2.92,3.17
3.46,3.52,4.02,4.24,4.5,4.76,5.29,5.72,6.17,6.57,7.44,8.12,8.83,8.95,8.72,7.73,6.9,5.68,4.84,3.55,1.97,2.39,-0.04,0.7,3.02,4.32,2.66,0.18,-0.09,0.37,0.83,0.95,0.54,0.14,-0.28,-0.4,-0.57,-0.6,-0.26,0.24,0.65,0.84,1.19,1.46,1.32,1.06,1.22,0.89,1.09,1.83,1.88,1.65,1.86,2.7,2.19,0.89,0.99,0.85,0.69,0.66,0.52,0.57,0.81,1.02,0.97,1.1,1.3,1.82,0.95,-0.54,-1.09,0.36,0.99,1.44,1.88,1.54,1.42,1.61,2.07,2.86,2.87,2.72,2.44
1.71,2.86,3.91,3.51,3.36,3.33,3.6,4.14,4.82,5.34,5.67,6.21,6.16,8.4,9.25,9.2,8.53,7.92,6.72,5.74,3.92,1.88,1.32,1.92,1.24,3.61,3.99,2.65,1.41,0.42,0.49,0.64,0.15,-0.61,-0.8,-0.88,-0.68,-0.42,-0.16,0.31,0.72,1.01,1.06,1.26,1.69,1.21,0.81,0.94,1.48,1.82,1.77,1.84,1.83,2.37,3.14,3.06,2.01,0.79,0.52,-0.34,-0.07,0.41,1.01,1.62,1.71,1.52,1.65,2.19,1.53,-0.79,-2.21,-1.22,0.23,0.73,1.66,2.22,1.03,1.46,1.14,1.83,2.2,2.38,2.4
2.13,0.35,2.74,3.43,3.61,3.62,3.68,4.01,4.43,4.19,4.65,5.66,7.15,6.97,8.58,8.91,9.14,9.18,8.4,7.65,7.3,6.35,4.89,3.47,1.88,2.24,4.05,3.77,2.62,1.0,0.23,-0.5,-0.95,-1.15,-1.25,-1.01,-1.04,-0.85,-0.65,-0.31,0.17,0.61,0.88,1.05,1.72,1.75,1.16,0.74,1.02,1.65,2.04,1.78,1.89,2.52,2.99,2.76,2.75,2.8,2.01,1.61,0.12,-0.01,0.83,1.52,1.71,1.17,1.65,2.11,2.35,0.2,-4.03,-2.54,-0.57,0.4,0.73,1.82,2.44,1.68,1.5,1.37,1.45,1.6,1.81
2.31,2.26,2.7,3.26,3.42,3.41,3.87,4.21,4.7,5.6,5.06,-0.35,7.71,7.07,7.95,8.22,8.29,8.19,8.05,7.86,8.02,8.83,7.78,5.69,4.3,1.09,2.32,2.62,2.38,0.97,0.01,-0.58,-1.14,-1.54,-1.96,-2.3,-2.13,-1.86,-1.61,-1.1,-0.65,-0.34,0.03,0.46,1.19,1.48,1.54,1.36,0.74,0.75,1.17,1.57,1.57,1.88,2.26,2.77,3.47,3.36,3.2,2.68,1.56,1.0,1.25,1.91,2.52,2.48,1.92,2.1,2.6,1.7,-4.52,-3.77,-1.79,0.27,0.97,1.22,1.6,1.61,1.41,1.35,1.62,1.51,1.53
2.79,2.36,2.4,3.25,3.42,3.79,4.01,4.24,4.68,5.24,5.99,6.8,1.54,6.64,7.13,7.34,7.53,7.43,7.41,7.19,7.64,8.36,10.82,10.38,5.8,4.41,1.76,3.54,2.88,1.45,-0.09,-0.92,-1.52,-1.98,-2.34,-2.43,-2.58,-2.25,-1.24,-0.44,0.18,0.42,0.22,-0.09,0.08,-0.33,0.7,1.62,1.78,1.26,0.88,0.75,1.16,1.34,1.52,1.75,1.92,1.92,2.08,2.55,2.37,1.95,1.58,1.78,1.94,2.18,2.16,1.91,2.23,2.69,-0.22,-2.99,-3.01,-1.02,0.37,0.97,1.33,1.4,1.47,1.6,2.08,1.89,1.62
2.54,2.74,2.91,2.1,3.27,3.24,3.33,3.46,3.58,3.9,4.34,4.69,5.3,6.54,7.27,7.54,6.82,5.96,5.54,5.7,5.85,6.77,7.54,11.55,13.92,1.87,0.64,4.36,5.86,4.61,1.31,-0.6,-1.95,-2.69,-3.06,-3.31,-2.72,-2.07,-1.02,0.28,1.39,1.83,2.23,2.18,2.25,2.03,1.46,0.1,0.19,0.77,0.89,0.87,0.95,1.43,1.44,1.69,1.76,1.82,1.72,1.63,1.68,1.88,2.45,1.73,1.7,1.8,1.86,1.94,1.78,2.04,1.57,0.02,-1.57,-2.1,-1.17,-0.41,0.23,0.69,1.31,1.92,2.29,2.08,1.6
2.18,1.75,2.13,2.14,2.64,2.9,2.93,2.78,2.67,3.12,3.79,4.67,5.65,6.44,6.9,6.86,6.61,5.53,4.54,4.6,5.41,5.84,6.06,8.26,11.65,10.27,-1.45,1.69,6.54,9.14,5.09,0.36,-2.14,-2.77,-2.87,-3.02,-4.33,-3.22,-1.3,0.46,1.5,2.53,3.34,3.24,3.36,3.78,4.67,4.93,4.5,1.27,0.35,-0.21,-0.48,0.03,0.55,0.76,1.24,1.44,1.49,1.55,1.56,1.41,1.3,1.56,2.13,1.58,1.35,1.45,1.49,1.1,0.94,0.29,-0.86,-2.44,-1.93,-1.47,-0.43,0.16,0.59,1.07,1.94,2.01,1.48
