static/gfs.json
{"header": {"discipline":0,"disciplineName":"Meteorological products","gribEdition":2,"gribLength":75841,"center":7,"centerName":"US National Weather Service - NCEP(WMC)","subcenter":0,"refTime":"2017-03-02T12:00:00.000Z","significanceOfRT":1,"significanceOfRTName":"Start of forecast","productStatus":0,"productStatusName":"Operational products","productType":1,"productTypeName":"Forecast products","productDefinitionTemplate":0,"productDefinitionTemplateName":"Analysis/forecast at horizontal level/layer at a point in time","parameterCategory":2,"parameterCategoryName":"Momentum","parameterNumber":3,"parameterNumberName":"V-component_of_wind","parameterUnit":"m.s-1","genProcessType":2,"genProcessTypeName":"Forecast","forecastTime":0,"surface1Type":103,"surface1TypeName":"Specified height level above ground","surface1Value":10,"surface2Type":255,"surface2TypeName":"Missing","surface2Value":0,"gridDefinitionTemplate":0,"gridDefinitionTemplateName":"Latitude_Longitude","numberPoints":65160,"shape":6,"shapeName":"Earth spherical with radius of 6,371,229.0 m","gridUnits":"degrees","resolution":48,"winds":"true","scanMode":0,"nx":360,"ny":181,"basicAngle":0,"subDivisions":0,"lo1":0,"la1":90,"lo2":359,"la2":-90,"dx":1,"dy":1,"convert-by":"Asper","site":"https://airmap.g0v.asper.tw"}, "data":
[rows 0 to 35 of 181, columns 160 to 239 of 360]
-0.36,-0.3,-0.23,-0.17,-0.1,-0.03,0.03,0.1,0.17,0.23,0.3,0.37,0.43,0.5,0.56,0.63,0.7,0.76,0.83,0.89,0.96,1.02,1.08,1.15,1.21,1.27,1.34,1.4,1.46,1.52,1.58,1.64,1.7,1.76,1.82,1.88,1.94,1.99,2.05,2.1,2.16,2.21,2.27,2.32,2.37,2.43,2.48,2.53,2.58,2.62,2.67,2.72,2.77,2.81,2.86,2.9,2.94,2.98,3.02,3.06,3.1,3.14,3.18,3.22,3.25,3.28,3.32,3.35,3.38,3.41,3.44,3.47,3.5,3.52,3.55,3.57,3.59,3.62,3.64,3.66
-0.62,-0.61,-0.6,-0.6,-0.61,-0.61,-0.6,-0.6,-0.6,-0.58,-0.58,-0.57,-0.54,-0.51,-0.48,-0.46,-0.41,-0.35,-0.29,-0.23,-0.17,-0.09,-0.01,0.07,0.16,0.24,0.34,0.43,0.52,0.61,0.71,0.81,0.9,1,1.09,1.18,1.26,1.34,1.43,1.5,1.58,1.65,1.73,1.8,1.86,1.93,1.99,2.05,2.11,2.16,2.22,2.27,2.33,2.38,2.44,2.49,2.54,2.6,2.65,2.7,2.76,2.81,2.86,2.91,2.96,3.01,3.06,3.11,3.16,3.2,3.25,3.29,3.34,3.38,3.42,3.46,3.49,3.52,3.56,3.59
-3,-2.9,-2.81,-2.69,-2.57,-2.45,-2.33,-2.2,-2.11,-2.02,-1.96,-1.94,-1.92,-1.94,-1.98,-2.02,-2.07,-2.13,-2.18,-2.23,-2.27,-2.25,-2.24,-2.19,-2.11,-2.02,-1.88,-1.72,-1.55,-1.36,-1.16,-0.96,-0.76,-0.56,-0.38,-0.19,-0.03,0.12,0.27,0.41,0.54,0.67,0.8,0.94,1.07,1.21,1.35,1.5,1.64,1.79,1.94,2.1,2.25,2.4,2.55,2.69,2.83,2.96,3.09,3.2,3.31,3.41,3.5,3.58,3.66,3.74,3.8,3.87,3.94,4,4.06,4.12,4.17,4.22,4.26,4.31,4.34,4.36,4.38,4.41
-3.8,-3.86,-3.92,-4.01,-4.09,-4.17,-4.22,-4.23,-4.29,-4.36,-4.38,-4.4,-4.42,-4.46,-4.52,-4.57,-4.59,-4.64,-4.72,-4.8,-4.88,-4.94,-4.99,-5.01,-5,-4.91,-4.78,-4.59,-4.34,-4.05,-3.61,-3.14,-2.64,-2.13,-1.6,-1.09,-0.61,-0.18,0.2,0.52,0.81,1.04,1.26,1.43,1.59,1.74,1.9,2.07,2.24,2.42,2.61,2.79,2.96,3.12,3.27,3.42,3.54,3.65,3.73,3.81,3.88,3.97,4.04,4.12,4.2,4.26,4.33,4.39,4.45,4.5,4.54,4.58,4.6,4.62,4.64,4.64,4.65,4.65,4.64,4.63
-3.09,-3.23,-3.36,-3.48,-3.61,-3.74,-3.85,-3.92,-4.02,-4.1,-4.2,-4.25,-4.32,-4.42,-4.52,-4.6,-4.67,-4.7,-4.76,-4.8,-4.81,-4.84,-4.9,-4.97,-5.11,-5.29,-5.48,-5.62,-5.67,-5.56,-5.25,-4.61,-3.75,-2.72,-1.55,-0.41,0.66,1.68,2.32,2.76,3.02,3.11,3.13,3.13,3.15,3.21,3.27,3.36,3.47,3.59,3.69,3.79,3.88,3.97,4.02,4.07,4.11,4.13,4.15,4.17,4.21,4.24,4.26,4.28,4.31,4.34,4.37,4.38,4.39,4.39,4.4,4.41,4.41,4.39,4.36,4.32,4.28,4.23,4.19,4.14
-2.49,-2.65,-2.82,-2.98,-3.11,-3.22,-3.32,-3.41,-3.47,-3.51,-3.59,-3.68,-3.78,-3.86,-3.97,-4.04,-4.11,-4.14,-4.17,-4.22,-4.25,-4.19,-4.12,-4,-3.85,-3.71,-3.63,-3.59,-3.38,-3.17,-2.81,-2.24,-1.49,-0.58,0.38,1.27,1.97,2.48,2.79,2.94,2.99,3,2.99,3.03,3.1,3.2,3.31,3.46,3.58,3.72,3.77,3.8,3.81,3.8,3.74,3.7,3.64,3.56,3.51,3.49,3.47,3.46,3.46,3.52,3.58,3.63,3.65,3.65,3.62,3.56,3.49,3.4,3.32,3.24,3.16,3.1,3.05,3.01,2.98,2.96
-1.73,-1.9,-2.07,-2.28,-2.46,-2.63,-2.8,-2.99,-3.14,-3.28,-3.46,-3.62,-3.74,-3.82,-3.85,-3.87,-3.89,-3.91,-3.93,-3.89,-3.9,-3.84,-3.72,-3.57,-3.47,-3.34,-3.28,-3.28,-3.23,-2.99,-2.52,-1.73,-0.75,0.26,1.21,1.92,2.31,2.46,2.46,2.4,2.37,2.4,2.49,2.6,2.74,2.85,2.95,2.96,2.95,2.89,2.79,2.71,2.61,2.49,2.37,2.24,2.1,1.98,1.88,1.84,1.84,1.9,1.98,2.05,2.08,2.05,1.96,1.86,1.74,1.63,1.56,1.5,1.48,1.47,1.47,1.48,1.5,1.54,1.59,1.65
-1.1,-1.23,-1.36,-1.49,-1.63,-1.8,-1.99,-2.2,-2.41,-2.59,-2.82,-3.01,-3.21,-3.35,-3.5,-3.57,-3.63,-3.65,-3.66,-3.63,-3.6,-3.57,-3.55,-3.48,-3.44,-3.33,-3.23,-3.13,-3.1,-3.02,-2.76,-2.41,-1.74,-0.91,0.04,1,1.68,2.09,2.18,2.13,2.03,2.06,2.17,2.29,2.37,2.3,2.18,2.02,1.85,1.67,1.47,1.29,1.11,0.94,0.77,0.6,0.44,0.28,0.15,0.05,-0.01,-0.06,-0.1,-0.16,-0.24,-0.32,-0.39,-0.42,-0.43,-0.41,-0.36,-0.3,-0.22,-0.12,0.02,0.18,0.37,0.59,0.84,1.11
-1.31,-1.4,-1.5,-1.57,-1.64,-1.7,-1.74,-1.78,-1.82,-1.92,-2.05,-2.16,-2.29,-2.45,-2.64,-2.83,-3.02,-3.2,-3.34,-3.49,-3.56,-3.64,-3.7,-3.74,-3.71,-3.64,-3.53,-3.4,-3.27,-3.17,-3.06,-2.94,-2.72,-2.36,-1.85,-1.07,-0.1,0.79,1.46,1.76,1.8,1.77,1.81,1.89,1.92,1.83,1.63,1.38,1.12,0.86,0.61,0.37,0.13,-0.12,-0.37,-0.59,-0.79,-0.97,-1.12,-1.27,-1.44,-1.63,-1.82,-1.99,-2.14,-2.22,-2.22,-2.16,-2.05,-1.88,-1.69,-1.49,-1.29,-1.1,-0.89,-0.64,-0.3,0.11,0.59,1.07
-0.15,-0.17,-0.25,-0.35,-0.48,-0.63,-0.79,-0.99,-1.2,-1.44,-1.69,-1.97,-2.25,-2.49,-2.71,-2.85,-2.99,-3.1,-3.21,-3.32,-3.44,-3.55,-3.68,-3.8,-3.91,-3.97,-4.02,-4.08,-4.12,-4.08,-3.97,-3.75,-3.51,-3.28,-3.02,-2.64,-2.15,-1.48,-0.65,0.1,0.61,0.89,1.05,1.22,1.39,1.46,1.39,1.2,1.01,0.85,0.72,0.6,0.46,0.31,0.15,-0.05,-0.28,-0.58,-0.92,-1.31,-1.7,-2.05,-2.35,-2.61,-2.81,-2.98,-3.08,-3.14,-3.16,-3.09,-2.98,-2.82,-2.63,-2.43,-2.13,-1.74,-1.26,-0.72,-0.23,0.16
0.05,-0.12,-0.3,-0.47,-0.64,-0.81,-0.98,-1.16,-1.33,-1.51,-1.69,-1.87,-2.03,-2.17,-2.31,-2.46,-2.62,-2.79,-2.96,-3.14,-3.35,-3.58,-3.78,-4.04,-4.22,-4.38,-4.53,-4.64,-4.69,-4.69,-4.61,-4.49,-4.32,-4.06,-3.79,-3.51,-3.17,-2.75,-2.34,-1.98,-1.58,-1.18,-0.8,-0.37,0.13,0.64,1.03,1.25,1.34,1.41,1.51,1.61,1.67,1.68,1.64,1.53,1.35,1.07,0.66,0.13,-0.49,-1.15,-1.78,-2.3,-2.69,-3.01,-3.25,-3.5,-3.74,-3.96,-4.06,-4.03,-3.87,-3.63,-3.34,-3.02,-2.63,-2.21,-1.74,-1.3
0.68,0.59,0.51,0.39,0.23,0.05,-0.13,-0.33,-0.54,-0.77,-1,-1.22,-1.44,-1.66,-1.88,-2.11,-2.34,-2.57,-2.76,-2.94,-3.1,-3.26,-3.4,-3.55,-3.66,-3.75,-3.83,-3.92,-4.02,-4.11,-4.19,-4.27,-4.31,-4.27,-4.18,-4.03,-3.85,-3.61,-3.26,-2.79,-2.39,-2.19,-2.15,-2.12,-2.02,-1.7,-1.08,-0.26,0.63,1.41,1.94,2.26,2.49,2.64,2.7,2.66,2.5,2.22,1.81,1.31,0.73,0.06,-0.72,-1.54,-2.3,-2.9,-3.3,-3.65,-3.96,-4.26,-4.43,-4.54,-4.55,-4.46,-4.27,-3.97,-3.52,-2.98,-2.4,-1.81
0.89,0.81,0.73,0.63,0.51,0.38,0.25,0.13,0.01,-0.11,-0.24,-0.37,-0.54,-0.73,-0.92,-1.13,-1.35,-1.59,-1.85,-2.09,-2.32,-2.55,-2.76,-2.97,-3.15,-3.3,-3.43,-3.52,-3.59,-3.68,-3.75,-3.82,-3.87,-3.9,-3.93,-3.9,-3.77,-3.54,-3.36,-3.16,-2.91,-2.55,-2.17,-1.8,-1.6,-1.66,-1.83,-1.97,-1.86,-1.16,0.06,1.3,2.14,2.41,2.4,2.33,2.19,1.88,1.44,0.92,0.36,-0.2,-0.8,-1.44,-2.09,-2.69,-3.16,-3.51,-3.73,-3.83,-3.84,-3.76,-3.63,-3.37,-3.03,-2.64,-2.24,-1.81,-1.42,-1.15
0.67,0.65,0.62,0.57,0.5,0.42,0.34,0.25,0.17,0.09,0.01,-0.09,-0.22,-0.36,-0.52,-0.68,-0.85,-1.03,-1.22,-1.42,-1.61,-1.82,-2.03,-2.25,-2.51,-2.71,-2.89,-3.03,-3.15,-3.26,-3.34,-3.41,-3.47,-3.57,-3.58,-3.57,-3.54,-3.49,-3.41,-3.24,-3.06,-2.86,-2.56,-2.26,-2.09,-1.9,-1.58,-1.3,-1.24,-1.28,-1.3,-1.34,-1.41,-1.31,-0.97,-0.55,-0.25,-0.24,-0.49,-0.84,-1.21,-1.57,-1.92,-2.23,-2.52,-2.78,-3.02,-3.21,-3.34,-3.42,-3.43,-3.36,-3.23,-3.05,-2.85,-2.63,-2.44,-2.25,-2.04,-1.86
0.05,0.05,0.05,0.05,0.05,0.04,0.03,0.01,-0.01,-0.05,-0.11,-0.21,-0.31,-0.42,-0.52,-0.61,-0.69,-0.8,-0.94,-1.1,-1.3,-1.5,-1.71,-1.93,-2.14,-2.32,-2.48,-2.66,-2.85,-3.04,-3.21,-3.34,-3.44,-3.56,-3.71,-3.79,-3.79,-3.81,-3.82,-3.82,-3.79,-3.65,-3.43,-3.21,-3.01,-2.79,-2.59,-2.34,-1.96,-1.94,-2.16,-2.41,-2.61,-2.84,-3.14,-3.44,-3.65,-3.67,-3.5,-3.23,-3.02,-2.95,-3,-3.13,-3.28,-3.42,-3.54,-3.64,-3.69,-3.72,-3.71,-3.66,-3.57,-3.45,-3.28,-3.08,-2.88,-2.78,-2.62,-2.53
-0.74,-0.78,-0.8,-0.8,-0.78,-0.75,-0.71,-0.68,-0.65,-0.64,-0.64,-0.64,-0.66,-0.69,-0.72,-0.78,-0.85,-0.97,-1.11,-1.24,-1.37,-1.48,-1.64,-1.83,-2.03,-2.2,-2.36,-2.52,-2.65,-2.78,-2.92,-3.03,-3.16,-3.36,-3.6,-3.71,-3.74,-3.75,-3.76,-3.8,-3.82,-3.89,-4,-4.06,-4.02,-3.82,-3.67,-3.55,-3.39,-3.31,-3.23,-3.01,-3.09,-3.27,-3.39,-3.46,-3.54,-3.63,-3.7,-3.79,-3.89,-4.01,-4.13,-4.23,-4.32,-4.36,-4.4,-4.4,-4.37,-4.34,-4.29,-4.22,-4.09,-3.9,-3.66,-3.41,-3.2,-2.99,-2.64,-2.28
0.27,0.28,0.24,0.14,0,-0.17,-0.37,-0.56,-0.76,-0.92,-1.04,-1.11,-1.13,-1.14,-1.14,-1.15,-1.16,-1.17,-1.18,-1.21,-1.29,-1.4,-1.58,-1.78,-2.01,-2.23,-2.46,-2.69,-2.82,-2.86,-2.92,-3.01,-3.09,-3.16,-3.26,-3.43,-3.56,-3.65,-3.69,-3.73,-3.78,-3.91,-4.05,-4.23,-4.41,-4.49,-4.53,-4.51,-4.52,-4.58,-4.62,-4.72,-4.63,-4.55,-4.35,-3.99,-3.77,-3.57,-3.53,-3.57,-3.58,-3.58,-3.61,-3.61,-3.58,-3.54,-3.52,-3.49,-3.44,-3.39,-3.3,-3.17,-3.02,-2.85,-2.64,-2.45,-1.99,-1.46,-1.09,-0.81
-0.64,-0.49,-0.34,-0.2,-0.06,0.06,0.15,0.19,0.13,-0.02,-0.27,-0.57,-0.88,-1.17,-1.39,-1.53,-1.58,-1.55,-1.47,-1.39,-1.33,-1.3,-1.33,-1.39,-1.57,-1.86,-2.06,-2.23,-2.43,-2.67,-2.88,-3.02,-3.11,-3.19,-3.26,-3.34,-3.41,-3.46,-3.48,-3.5,-3.48,-3.54,-3.61,-3.65,-3.68,-3.65,-3.63,-3.76,-3.81,-3.86,-3.91,-3.97,-3.97,-4.07,-4.19,-4.29,-4.38,-4.51,-4.51,-4.4,-4.27,-4.08,-3.88,-3.73,-3.68,-3.65,-3.51,-3.42,-3.23,-3.06,-2.86,-2.64,-2.3,-1.87,-1.38,-0.75,-0.18,0,0.2,0.45
-1.87,-1.7,-1.54,-1.39,-1.25,-1.12,-0.98,-0.83,-0.67,-0.52,-0.37,-0.24,-0.16,-0.18,-0.36,-0.71,-1.12,-1.38,-1.44,-1.43,-1.41,-1.4,-1.46,-1.58,-1.69,-1.73,-1.76,-1.83,-1.95,-2.09,-2.16,-2.21,-2.36,-2.5,-2.5,-2.51,-2.44,-2.37,-2.36,-2.31,-2.25,-2.18,-2.14,-2.09,-2.01,-1.98,-2.06,-2.07,-2.02,-1.97,-2.01,-2,-2.03,-2.1,-2.17,-2.2,-2.23,-2.29,-2.31,-2.35,-2.4,-2.42,-2.52,-2.67,-2.72,-2.65,-2.54,-2.28,-1.97,-1.65,-1.33,-0.99,-0.65,-0.28,0.11,0.67,1.76,2.15,1.39,0.73
-1.88,-1.67,-1.56,-1.38,-1.24,-1.17,-1.18,-1.22,-1.17,-1.14,-1.04,-0.87,-0.8,-0.69,-0.62,-0.77,-1.17,-1.66,-0.71,0.53,0.45,0.17,0.29,-0.86,-2.19,-2.33,-2.27,-2.25,-2.22,-2.16,-2.11,-2.04,-1.97,-1.85,-1.68,-1.5,-1.23,-0.91,-0.66,-0.42,-0.35,-0.31,-0.2,-0.13,-0.05,0.07,0.14,0.25,0.29,0.38,0.58,0.74,0.86,0.96,0.98,0.84,0.46,-0.05,-0.59,-1.04,-1.37,-1.55,-1.61,-1.71,-1.73,-1.62,-1.43,-1.23,-0.91,-0.51,-0.23,-0.06,0.11,0.29,0.55,0.85,0.85,1.05,2.33,2.58
-1.64,-1.45,-1.15,0.21,0.97,0.61,-0.03,-0.66,-1.01,-1.73,-2.17,0.13,1.41,0.04,-0.55,-0.55,-0.48,-0.05,0.44,0.42,0.47,1.18,1.61,1.17,-0.24,-1.64,-2.28,-2.38,-2.38,-2.39,-2.4,-2.36,-2.23,-2.06,-1.77,-1.29,-1.14,-0.19,1.21,1.42,1.1,0.89,0.48,0.29,-0.01,-0.05,0.21,0.39,0.34,0.89,1.39,2.01,2.66,3.23,3.58,1.85,-1.23,-2.63,-3.67,-3.86,-3.54,-3,-2.44,-2.05,-2.03,-2.26,-2.25,-2.13,-1.76,-1.05,0.1,1.59,2.24,2.45,2.57,2.98,4.09,6.1,6.61,4.01
0.89,1.27,0.84,1.4,2.21,3.49,2.43,1.29,1.29,1.96,2.45,1.74,-0.08,-0.13,1.55,3.59,3.69,2.47,0.48,-0.28,1.04,1.27,0.84,0.2,0.1,-0.26,-1.02,-1.73,-2.18,-2.39,-2.53,-2.66,-2.68,-2.64,-1.24,-0.92,0.39,0.52,0.09,0.14,0.43,-0.72,-1.44,-0.91,0.02,0.44,0.31,0.65,1.44,1.67,1.76,1.45,1.17,0.84,-0.33,-0.57,-0.48,-1.31,-2.71,-1.8,-0.46,1.08,1.99,0.82,-1.58,-1.44,-0.9,0.18,1.67,1.71,2.08,2.62,3.83,4.27,4.53,5.11,5.58,5.26,3.99,3.57
1.61,2.48,1.48,0.19,0.94,1.09,-0.03,1.74,4.66,3.84,1.54,2.19,4.11,2.71,2.43,4.13,4.59,3.98,1.2,0.91,0.43,0.84,1.14,1.16,0.64,0.15,-0.34,-1.03,-1.53,-2,-2.51,-2.87,-3.2,-3.73,-3.97,-3.38,-3.19,-2.42,0.26,-0.25,-0.37,-0.93,-3.07,-1.86,-2.52,-1.87,-2.97,-3.98,-4.18,-6.23,-5.26,-4.65,-4.58,-3.74,-1.15,-0.12,0.74,1.66,2.83,1.51,2.27,4.07,3.66,2.81,0.12,-1.3,1.13,2.25,2.46,2.57,3.07,4.32,5.55,5.31,4.02,3.3,2.77,2.05,2.73,1.84
1.05,0.92,1.57,0.62,0.48,2,3.36,4.62,4.38,2.19,2.42,1.5,2.91,3.07,1.87,2.49,1.24,-0.51,-0.54,0.69,0.5,3.35,3.2,1.68,2.06,1.64,2.81,0.66,-0.65,-1.99,-2.25,-2.57,-2.96,-3.39,-3.65,-3.73,-3.27,-2.46,-1.95,0.34,0.46,1.7,1.44,0.64,-1.22,-0.04,0.56,0.34,0.44,0.94,0.1,-1.45,-0.11,1.12,1.59,1.41,1.5,1.65,2.35,2.2,1.81,1.02,0.96,1.37,0.08,1.26,2.58,3.16,4.25,2.92,3.04,2.86,3.24,2.82,3.36,2.26,2.63,2.45,0.5,0.7
2.38,1.53,2.8,4.12,5.79,5.66,3.68,2.06,1.98,1.19,2.46,1.7,1.56,1.44,3.51,0.45,0.59,-0.05,0.47,0.32,0.21,1.63,1.87,0.87,1.63,1.46,1.87,0.68,0.66,0.63,-1.82,-3.35,-2.84,-1.8,-0.39,0.54,0.59,0.93,0.22,-0.35,-0.52,0.35,-1.15,-1.58,0.02,1.51,0.14,0.76,1.04,-0.18,-0.24,2.49,2.84,1.88,-0.46,0.9,1.73,1.45,1.33,0.97,-0.05,1.11,1.43,0.99,-0.3,0.31,1.91,2.49,0.78,0.82,1.44,1.68,2.05,2.44,2.8,2.85,2.47,2.01,0.67,1.62
2.56,2.3,1.93,1.89,2.27,1.92,0.86,0.86,2.52,1.01,0.86,-0.08,-0.33,-0.09,-0.17,-0.12,-1.01,-0.17,1.2,0.03,1.05,0.51,0.11,0.34,0.3,-0.24,1.78,0.79,0.73,1.02,-0.9,-4.35,-4.96,-3.85,-1.41,-0.99,-1.9,-1.59,-0.42,0.15,-0.17,-0.35,-0.67,-0.22,-1.29,-1.99,-0.84,0.97,0.12,0.73,0.64,1.72,0.25,-0.15,0.22,0.54,0.66,1.23,1.36,0.01,1.03,0.72,0.23,0.51,1.56,1.69,2.53,1.87,1.21,3.27,1.8,3.58,2.9,0.63,-0.25,1.05,2.06,2.54,3.11,2.21
3.11,2.82,3,0.93,0.12,-0.15,-0.08,0.25,-1.21,-0.31,0.18,-0.68,0.94,2.65,2.3,0.81,2.04,2.56,2.12,1.25,0.91,0.69,0.27,-0.47,-0.84,-1.37,-2.13,-0.23,1.34,0,-1.82,-4.11,-4.85,-4.88,-3.62,-1.76,-1.29,-1.32,-0.12,-0.21,-0.18,-0.9,-1.69,-1.74,-1.11,-1.11,-1.34,-1.25,-1.52,-0.31,1.09,-0.06,-0.68,0.71,-0.67,-0.75,-1.63,-1.31,-0.88,-0.06,-0.61,0.64,0.08,-0.32,-1.01,0.15,-0.94,-0.33,-0.04,0.38,1.29,2.01,1.58,1.9,1.97,2.6,1.11,2.85,3.07,2.74
1.72,1.91,0.78,1.45,0.89,0.1,-0.2,-1.48,0.22,0.24,1.09,1.89,2.06,2.51,3.26,2.93,4.06,2.22,2.73,0.96,0.88,0.49,-0.94,-2.17,-2.86,-2.59,-2.45,-2.47,-2.37,-2.15,-3.19,-4.98,-5.67,-5.06,-4.19,-2.5,-0.76,-1.02,-3.19,-2.97,-1.21,-0.68,-2.05,-1.68,-2.29,-0.72,-1.69,-1.62,-3.4,-6.9,-7.55,-6.09,-3.34,-3.05,-3.8,-4.75,-4.1,-0.79,-1.25,-0.29,-0.67,-0.48,-1.34,-2.08,-1.63,-2.09,-1.02,-0.35,-0.19,-0.19,0.19,1.61,2.68,1.43,1.89,2,2.37,1.77,2.77,1.74
2.46,2.13,1.74,1.15,2.26,0.78,2.27,3.72,3.79,0.68,0.18,2.32,2.47,2.38,2.23,3.04,3.81,3.35,2.26,0.94,0.95,0.38,-0.29,-1.15,-2.23,-3.38,-2.34,-2.39,-2.92,-3.23,-3.44,-4.4,-5.37,-5.96,-4.59,-2.22,-2.78,-2.42,-1.93,-1.79,-1.78,-2.12,-1.89,-2.71,-7.02,-7.77,-1.92,-1.38,-1.4,-6.76,-4.48,-2.19,-3.89,-2.39,-2.94,-1.66,-2.61,-0.71,-1.65,-1.79,1.25,0.32,-1.29,-1.83,-1.44,-1.74,-0.02,0.67,-1.55,-0.7,0.68,1.6,2.27,0.16,-0.23,2.48,0.94,2.67,2.29,1.61
2.07,0.99,1.49,1.93,1.54,-0.27,0.44,0.32,1.77,1.23,-0.58,0.49,1.42,4.3,5.71,5.55,5.06,4.3,3.46,2.6,1.93,1.21,0.25,-0.97,-2.19,-3.23,-4.15,-3.06,-2.23,-2.74,-3.94,-6.04,-6.86,-6.98,-6.91,-3.11,-2.72,-3.34,-3.27,-2.35,-1.79,-2.11,-2.67,-4.79,-8.41,-2.46,-1.12,-4.64,-3.6,-6.69,-3.15,-3.05,-6.11,-10.33,-4.97,-5.18,-2.73,-0.45,-1.15,-0.25,-1.18,-1.12,-3.39,-3.01,-2.24,-1.95,-0.8,-0.32,-1.12,-0.49,-0.44,-0.62,-1.18,-0.42,-0.8,0.76,1.78,2.13,2.91,2.7
4.7,4.35,1.34,-0.1,-0.66,-0.4,-1.87,4.65,7.82,6.73,3.84,5.36,6.52,6.79,6.63,6.01,5.37,4.79,4.28,3.69,2.99,2.19,1.25,0.08,-1.3,-2.69,-3.92,-4.93,-4.21,-3.79,-4.84,-4.34,-5.26,-5.56,-4.96,-6.02,-3.24,-4.04,-4.25,-2.67,-4.57,-2.85,-7.13,-12.51,-4.64,-2.16,-1.89,-2.13,-11.42,-2.58,-2.84,-8.02,-8.19,-10.27,-8.48,-11.15,-6.33,-7.5,-5.99,-6.4,-6.87,-3.12,-3.12,-3.73,-1.07,-2.12,-2.16,-1.01,-1.9,-0.93,-0.68,-1,-0.87,-2.59,0.34,0.68,-0.49,1.11,1.1,1.37
0.78,0.83,-0.9,-0.75,-0.23,0.61,-3.86,-5.39,7.8,8.07,7.85,7.63,7.67,7.38,6.77,6.06,5.63,5.05,4.54,4,3.37,2.59,1.7,0.69,-0.34,-1.45,-2.66,-3.82,-4.97,-5.99,-7.07,-7.92,-7.82,-7.55,-5.71,-5.94,-6.47,-7.27,-9.25,-2.61,-3.66,-2.06,-6.13,-7.93,-2.09,-0.13,0.38,-8.11,-16.05,-9.44,-9.47,-12.74,-12.72,-9.15,-4.83,-2.29,-3.46,-5.72,-7.21,-8.46,-9.45,-12.89,-4.57,-5.38,-5.38,-3.06,-3.23,-1.39,-2.45,-1.24,-3.95,-0.92,-1.43,-1.63,0.27,-2.02,-0.73,0.57,0.59,0.03
1.04,-0.56,0.78,0.06,-3.31,0.94,-2.27,-7.45,-0.29,7.94,7.22,6.99,6.4,6.27,6.54,5.92,5.61,5.54,5,4.27,3.6,2.79,1.99,1.2,0.31,-0.65,-1.79,-2.98,-4.1,-5.31,-6.41,-7.32,-8.08,-8.82,-9.32,-9.41,-9.87,-11.44,-13.49,-13.28,-10.32,-8.07,-10.18,-3.97,-1.95,-5.07,-2.27,-4.32,-14.68,-11.82,-13.77,-8.68,-5.63,-7.01,-7.47,-5.14,-4.84,-8.65,-7.45,-7.78,-8.1,-5.8,-6.61,-12.63,-2.97,-2.26,-4.66,-0.96,-0.73,-2.51,-0.11,-0.32,-0.56,1.4,1.52,3.16,0.96,-1.02,-0.17,-0.41
0.53,0.58,0.46,-2.3,-3.31,0.67,-2.4,-5.79,-7.43,4.96,5.95,6.12,5.56,6,5.81,5.85,5.64,5.16,4.96,4.7,4.06,3.36,2.7,1.79,0.84,-0.13,-1.17,-2.23,-3.18,-4.12,-5.41,-6.82,-8.22,-9.14,-10.06,-10.77,-11.66,-13.51,-14.82,-13.53,-10.08,-10.26,-4.79,-8.29,-11.22,-11.32,-3.87,-3.96,-16.46,-16.65,-12.28,-10.08,-6.92,-4.4,-3.75,-3.78,-3.28,-4.27,-4.04,-6.33,-9.36,-2.86,0.35,3.88,4.1,-2.16,-2.8,-1.21,-1.63,-0.3,0.44,0.91,0.51,0.73,0.85,0.3,2.5,2.14,0.75,1.09
0.68,0.28,-0.99,-2.75,-2.79,-0.99,-2.61,-5.02,-7.54,-4,5.47,5.16,4.86,4.94,5.02,5.02,5.05,5.05,4.84,4.56,4.02,3.49,2.92,2.35,1.63,0.99,0.21,-0.89,-2.07,-3.31,-4.69,-6.05,-7.34,-8.43,-9.33,-10.62,-12.37,-13.88,-13.76,-9.52,-4.82,-5.19,-10.95,-14.54,-9.61,-11.34,-12.24,-7.29,-13.53,-18.52,-17.58,-16.92,-7.92,0.74,3.94,1.93,-1.3,-1.95,-0.82,-1.02,-1.94,1.45,8.68,12.24,13.21,14.97,11.35,0.45,-0.18,0.33,0.42,0.23,1.19,3.77,2.68,2.58,2.5,2.13,-0.19,0.27
0.25,-1.7,-0.56,-3.28,-1.61,-1.95,-2.26,-5.01,-6.31,-8.89,0.24,3.33,3.69,3.07,3.54,4.09,4.08,4.28,4.21,4.05,4.04,3.95,3.67,2.85,2.14,1.53,0.84,0.31,-0.81,-2.29,-3.76,-5.16,-6.56,-8.05,-9.52,-10.96,-9.9,-11.89,-7.33,-13.89,-11.15,-10.31,-10.31,-14.15,-12.55,-10.24,-10.74,-9.78,-9.19,-11.01,-11.34,-8.27,-0.49,8.74,3.74,0.64,3.12,1.62,0.64,1.24,1.4,0.79,0.66,5.49,8.88,11.6,15.25,6.34,13.37,4.02,0.15,1.09,1.78,1.45,2.64,2.54,5.49,3.68,3.89,2.82
