static/gfs.json
{"header": {"discipline":0,"disciplineName":"Meteorological products","gribEdition":2,"gribLength":76214,"center":7,"centerName":"US National Weather Service - NCEP(WMC)","subcenter":0,"refTime":"2016-07-26T00:00:00.000Z","significanceOfRT":1,"significanceOfRTName":"Start of forecast","productStatus":0,"productStatusName":"Operational products","productType":1,"productTypeName":"Forecast products","productDefinitionTemplate":0,"productDefinitionTemplateName":"Analysis/forecast at horizontal level/layer at a point in time","parameterCategory":2,"parameterCategoryName":"Momentum","parameterNumber":3,"parameterNumberName":"V-component_of_wind","parameterUnit":"m.s-1","genProcessType":2,"genProcessTypeName":"Forecast","forecastTime":0,"surface1Type":103,"surface1TypeName":"Specified height level above ground","surface1Value":10.0,"surface2Type":255,"surface2TypeName":"Missing","surface2Value":0.0,"gridDefinitionTemplate":0,"gridDefinitionTemplateName":"Latitude_Longitude","numberPoints":65160,"shape":6,"shapeName":"Earth spherical with radius of 6,371,229.0 m","gridUnits":"degrees","resolution":48,"winds":"true","scanMode":0,"nx":360,"ny":181,"basicAngle":0,"subDivisions":0,"lo1":0.0,"la1":90.0,"lo2":359.0,"la2":-90.0,"dx":1.0,"dy":1.0}, "data":
[rows 74 to 110 of 181, columns 0 to 82 of 360]
6.4,5.77,4.74,4.74,5.49,6.01,5.42,4.99,5.77,5.03,4.66,6.18,5.97,4.74,3.91,3.63,2.63,1.19,-0.15,-1.24,-3.11,-0.82,1.0,-3.24,-3.01,-1.98,-0.84,-1.66,-1.73,2.2,1.2,3.45,5.08,5.27,5.54,3.42,1.59,1.2,-0.87,-0.49,-3.36,-4.46,-4.0,-3.36,0.15,-2.54,-0.24,2.66,1.62,1.6,0.1,1.76,-0.15,5.65,6.96,8.18,8.66,10.28,9.96,9.34,8.59,8.02,6.93,6.18,4.86,3.81,2.96,2.2,1.29,0.34,-0.14,-0.52,-1.44,-1.61,0.79,1.53,1.78,0.97,0.2,1.11,1.12,2.47,6.71
5.33,5.11,5.08,5.25,5.73,5.91,4.76,5.48,4.56,5.77,7.21,6.06,4.11,2.73,3.31,3.2,0.9,-0.09,-0.81,-0.21,-0.39,2.46,1.22,-1.23,-2.97,0.51,1.13,1.28,2.07,2.57,2.23,3.07,5.93,4.3,3.92,3.03,1.71,0.68,1.13,0.16,-3.45,-3.19,-5.27,-6.05,0.04,0.19,-0.23,3.17,6.46,4.19,0.01,1.84,8.33,9.78,10.36,8.4,10.81,10.77,10.12,9.42,8.51,7.91,7.13,6.0,4.77,3.52,2.93,1.91,1.11,0.31,-0.6,-1.0,-1.43,-1.82,0.3,0.98,1.67,0.48,-0.11,1.15,2.2,7.12,6.96
4.45,4.05,5.34,6.01,6.63,6.01,5.1,4.18,3.01,3.43,2.89,1.94,1.09,1.2,1.47,1.19,1.03,0.99,0.53,0.45,1.37,0.97,-0.89,-1.96,-0.8,2.72,2.24,3.71,3.36,4.16,5.26,4.09,5.93,3.7,2.56,2.15,1.16,1.15,0.17,-0.47,-0.86,-1.18,-2.65,-5.33,-2.11,0.48,0.8,0.38,2.43,6.44,6.96,5.71,10.23,11.85,11.24,8.26,11.83,11.09,10.25,9.29,8.7,7.95,7.03,6.16,4.95,3.77,2.76,1.79,1.26,0.09,-0.93,-2.08,-2.55,-3.05,-2.64,1.1,0.75,0.54,0.64,1.3,2.08,6.27,6.55
3.32,3.8,3.79,3.88,4.08,3.55,3.66,2.04,0.81,2.51,0.36,0.04,1.64,1.89,0.59,0.08,1.19,0.28,1.19,1.2,0.48,1.03,0.89,0.88,1.61,3.86,5.34,5.06,5.28,4.55,3.81,2.92,3.88,2.36,2.03,1.29,1.49,0.99,-1.11,0.16,-0.96,-0.92,-0.95,-4.24,-4.68,-0.09,5.88,5.09,5.52,1.81,3.55,5.57,12.41,13.31,10.72,14.66,12.84,11.73,10.48,9.61,8.71,7.65,6.72,5.79,4.5,3.19,2.6,2.17,1.2,0.14,-1.08,-2.11,-2.17,-3.37,-3.49,0.96,0.42,0.91,0.27,-0.25,0.48,4.89,6.35
1.84,2.05,1.73,2.05,2.71,2.87,2.76,2.85,2.47,2.95,1.94,2.75,2.33,1.68,2.4,-0.16,0.32,0.81,0.74,0.11,0.54,0.28,0.45,0.94,1.35,4.16,5.72,5.02,5.02,2.78,2.8,1.9,2.39,1.82,1.46,1.25,0.57,0.35,0.78,-0.05,0.7,-0.16,-1.15,-1.39,-3.98,4.73,7.41,10.63,5.13,7.18,3.07,1.78,16.79,14.95,9.1,10.67,11.49,11.29,10.4,9.28,8.43,7.6,6.45,5.4,4.21,3.18,2.37,1.86,0.96,-0.13,-1.12,-1.28,-2.74,-2.19,-3.16,-1.38,0.87,0.93,-0.21,-1.54,-0.21,2.26,5.4
1.85,1.4,1.27,1.41,1.37,0.88,1.32,1.89,1.55,1.32,1.77,2.23,1.75,1.57,-0.79,-1.46,-0.56,-0.47,-0.77,-0.25,0.52,0.61,-0.19,0.73,0.78,2.71,2.6,3.06,2.54,2.17,1.4,1.06,1.29,1.05,0.35,0.81,0.28,0.26,0.26,-0.39,-0.31,1.16,2.81,0.45,3.0,7.17,4.86,12.55,7.57,5.02,8.24,7.64,16.36,13.41,11.61,11.79,12.11,12.05,10.95,9.93,8.54,7.43,6.46,5.0,4.07,3.02,2.19,1.13,0.36,-0.54,-1.3,-2.4,-2.75,-2.94,-3.49,-3.19,-0.25,1.18,-0.71,-0.21,0.13,2.69,5.67
1.78,1.09,0.05,1.09,1.05,1.23,1.03,1.03,1.34,0.85,1.5,3.65,1.4,-0.79,-1.29,-0.75,-2.2,-2.29,-1.94,-1.04,-1.31,-0.29,0.95,2.27,2.14,2.74,3.06,2.72,2.21,2.13,1.88,1.46,1.07,0.14,0.6,1.79,0.44,1.08,-0.53,0.14,0.27,1.08,5.74,8.94,10.7,7.38,9.81,7.26,6.9,8.75,6.86,12.48,13.76,12.47,12.06,12.03,12.33,12.02,11.18,9.96,8.72,7.24,5.72,4.65,3.34,2.49,1.27,0.37,-0.47,-0.98,-1.67,-2.56,-2.71,-3.15,-4.0,-3.49,-0.32,-0.54,-2.2,-3.06,1.48,6.27,6.17
2.1,0.54,1.31,1.91,1.89,1.45,1.06,1.03,0.7,-0.43,2.55,1.85,1.03,-0.32,-1.18,0.77,-1.91,-2.93,-2.24,-1.83,-0.12,0.77,1.55,1.26,1.72,2.08,1.37,1.91,2.37,1.86,1.83,1.34,0.3,-0.72,-0.6,0.98,0.97,-0.37,0.42,-0.18,3.28,1.23,1.25,2.7,7.83,6.25,8.05,4.99,3.07,6.64,8.55,13.25,12.19,12.25,12.13,11.92,11.76,11.47,10.81,9.57,8.07,6.37,4.9,3.76,2.79,1.7,0.51,-0.34,-0.92,-1.49,-2.04,-2.76,-3.04,-3.85,-4.78,-4.87,-3.12,-1.12,0.77,2.33,6.9,6.56,4.91
1.72,0.4,1.18,1.52,1.91,2.09,1.81,1.15,0.73,1.66,1.82,0.68,-0.1,0.66,0.78,-0.96,-0.63,-0.69,-2.7,-2.07,-1.23,-0.15,0.54,0.06,1.09,1.52,1.42,1.73,1.73,1.95,1.5,0.33,-0.45,-0.94,-0.48,0.64,1.67,0.66,0.37,2.92,-0.18,1.01,3.72,4.04,6.04,4.49,6.04,6.92,9.47,10.18,9.88,11.22,12.54,12.42,12.12,11.5,10.94,10.44,9.89,8.59,6.88,5.45,4.3,2.99,1.81,0.61,0.05,-0.16,-0.72,-1.57,-2.15,-2.36,-3.38,-3.6,-4.04,-5.01,-3.65,-5.51,0.79,3.33,4.96,2.36,0.27
2.19,1.6,2.03,1.21,0.67,0.1,0.23,1.7,1.88,2.53,0.81,0.47,-2.24,-1.05,-1.85,0.64,0.33,1.28,1.15,1.39,1.22,1.81,1.76,1.57,0.54,0.7,1.16,1.24,1.25,1.6,0.95,-0.48,-0.47,-0.05,0.62,1.17,-1.47,-0.05,1.26,1.39,2.1,6.19,6.03,4.53,4.94,7.02,7.4,7.55,8.04,7.82,11.93,12.34,12.34,11.7,11.16,9.9,9.05,8.54,8.2,6.81,5.71,4.96,3.92,2.52,1.14,0.4,-0.4,-1.79,-1.68,-1.29,-1.58,-2.18,-2.14,-2.81,-3.31,-2.98,-2.91,-1.24,0.46,2.09,1.71,0.25,2.9
1.79,2.2,3.94,4.89,5.48,2.18,0.95,0.75,1.02,0.28,-0.08,-0.18,2.2,2.27,2.16,0.55,1.49,1.94,1.43,0.95,1.31,1.03,1.13,1.26,1.4,1.24,1.18,0.85,0.74,1.12,0.9,0.45,0.3,1.38,1.57,2.98,0.03,1.29,2.23,1.23,3.04,1.74,8.24,5.38,5.21,7.49,7.4,8.14,8.5,11.23,10.36,10.8,10.31,9.83,8.86,8.03,7.46,6.97,6.57,5.92,5.44,4.67,3.79,2.55,0.98,-0.35,-1.58,-2.93,-2.77,-2.2,-1.3,-1.37,-1.95,-1.68,-1.71,-1.71,-2.13,0.19,1.1,1.19,0.37,1.53,3.95
3.29,2.48,3.5,5.63,5.42,4.89,0.73,0.64,-0.41,-1.16,-0.44,1.3,0.98,1.04,0.09,0.97,1.07,0.99,0.65,1.46,1.51,1.01,0.91,1.03,0.93,1.56,1.1,1.28,1.11,0.92,0.56,0.41,0.86,1.1,2.75,0.3,2.59,-0.17,0.54,-0.16,1.87,5.17,7.4,7.73,7.6,7.1,7.08,7.16,7.06,8.5,8.7,9.22,8.76,8.44,8.06,7.71,7.3,6.38,6.27,5.89,5.34,4.66,3.95,3.22,1.19,-0.91,-3.56,-4.63,-4.17,-2.2,-1.67,-1.49,-1.36,-1.01,-0.49,-0.07,0.24,1.23,2.0,2.72,4.43,4.86,5.11
5.45,6.04,5.59,4.06,4.57,5.36,5.07,3.45,3.72,-1.52,1.34,1.04,0.28,0.85,0.73,1.44,1.34,1.23,1.61,1.67,0.63,1.32,1.45,1.32,1.62,1.28,0.99,0.76,0.66,0.29,-0.17,0.85,0.88,1.15,0.26,2.81,2.75,1.45,2.76,4.81,3.08,3.95,6.76,6.89,6.3,6.62,6.27,5.44,7.98,7.52,8.4,8.31,8.08,7.89,7.73,7.29,6.9,6.76,6.24,5.76,5.47,4.93,4.76,4.15,3.17,0.98,-4.15,-6.4,-4.43,-1.86,-0.68,-0.8,-0.7,0.24,0.96,1.32,2.32,2.69,2.87,4.06,5.45,4.73,4.68
7.62,7.55,7.67,7.23,6.84,5.7,4.82,4.52,4.17,3.06,1.54,0.42,0.24,0.03,0.29,0.44,0.63,1.17,0.99,1.29,1.24,1.45,1.09,1.22,0.96,0.61,0.61,0.69,0.83,0.66,0.97,1.19,0.82,0.02,-0.64,-0.13,0.98,7.06,2.72,3.53,4.37,5.33,7.15,6.59,5.13,4.51,4.08,8.08,7.79,8.23,8.2,7.94,7.74,7.74,7.51,7.08,6.89,6.82,6.13,5.27,4.85,4.82,5.17,6.04,5.1,3.9,-0.84,-3.94,-2.99,-0.69,0.78,0.73,0.28,1.17,2.0,2.19,3.03,4.35,5.24,4.85,4.99,5.65,5.49
6.98,7.36,7.48,7.45,6.77,6.07,5.59,4.92,5.3,6.19,1.31,0.21,-0.4,-0.39,0.35,1.09,1.01,0.56,0.47,0.77,1.23,1.1,1.14,0.88,0.95,0.94,0.49,0.05,0.23,0.79,1.45,0.02,-0.36,0.36,-0.34,-0.69,2.44,1.0,3.81,6.74,5.95,6.35,6.08,3.7,2.64,5.08,8.14,8.03,8.08,8.14,8.04,7.72,7.7,7.75,7.5,7.25,7.09,6.44,5.8,4.75,3.97,4.15,5.12,6.9,5.24,2.25,1.08,-0.88,-0.4,-0.55,0.42,1.19,1.64,2.1,2.46,2.58,3.73,4.11,4.79,5.63,5.94,7.03,7.88
6.74,6.35,6.66,6.94,6.73,6.61,7.17,6.1,6.28,5.6,0.64,0.29,0.69,0.48,0.28,-0.37,-0.64,-0.58,-0.44,0.08,0.09,0.31,0.88,0.57,0.11,0.34,0.62,0.71,0.88,0.91,-0.13,0.91,1.33,0.93,2.08,-0.4,1.41,0.57,5.07,7.73,6.34,6.12,3.61,2.7,8.04,8.43,8.46,8.6,8.45,8.17,7.82,7.65,7.78,7.64,7.4,7.14,6.98,6.18,5.84,6.41,5.4,3.9,4.76,5.41,4.72,3.28,0.1,0.09,-0.07,-0.31,0.83,2.4,2.59,2.92,3.28,3.41,3.9,4.39,5.18,5.84,6.48,6.56,7.17
6.55,6.68,6.72,6.63,6.6,6.43,6.97,6.17,5.79,5.11,1.18,0.73,0.13,0.14,0.09,-0.17,-0.59,-0.59,-0.72,-0.58,-0.47,-0.55,-0.86,-0.33,-0.02,-0.8,0.69,0.12,0.16,0.08,-1.5,-1.15,0.78,3.32,2.25,-0.65,3.47,4.89,2.24,6.03,7.55,5.64,3.22,8.25,8.58,8.67,8.53,8.36,8.28,7.94,7.51,7.66,7.52,7.39,6.77,6.49,6.18,5.94,6.86,7.19,8.4,6.64,3.4,3.13,0.95,-1.69,0.78,0.86,0.15,0.12,0.37,1.76,2.2,2.4,2.84,3.16,3.35,3.66,4.08,5.13,5.74,6.44,6.57
6.26,6.51,6.64,6.58,6.68,6.62,6.28,5.82,5.41,2.5,2.52,0.69,0.79,-0.12,0.47,0.93,0.57,-0.66,-0.74,-1.02,-0.73,-0.71,-0.71,-0.48,0.31,0.8,-0.71,-0.39,0.61,0.48,0.22,-0.24,0.69,2.55,1.68,1.03,0.0,-0.37,3.53,5.67,7.3,3.56,6.94,8.8,8.86,8.65,8.24,8.01,7.88,7.58,7.26,7.52,7.18,6.48,6.02,5.7,6.0,7.14,7.59,7.53,7.64,7.82,6.88,5.09,4.2,4.01,3.36,3.09,3.6,2.67,2.17,2.02,2.36,2.93,2.98,3.29,3.72,3.89,4.1,4.66,5.24,5.75,6.03
6.06,6.23,6.58,6.35,6.42,6.31,6.18,6.04,5.28,4.74,1.25,1.2,-0.43,1.15,1.21,1.6,0.96,0.14,-0.36,-0.84,-1.06,-0.92,-0.74,-0.95,-0.77,-0.57,-0.27,-0.34,1.73,1.8,-0.82,1.47,2.6,0.42,0.33,0.17,-1.37,1.24,0.66,6.53,5.6,5.24,8.29,8.58,8.55,8.14,7.82,7.6,7.57,7.37,7.04,7.18,7.21,6.38,5.83,6.3,6.22,7.04,7.9,7.79,7.71,7.23,6.66,6.19,5.89,5.67,5.78,4.48,4.17,3.45,3.19,3.2,3.43,3.18,3.25,3.42,3.64,3.69,3.9,3.93,4.41,4.8,5.18
5.97,5.96,6.08,6.25,6.26,6.19,6.23,6.15,5.82,5.09,4.46,1.02,0.92,0.96,0.99,1.09,0.99,0.83,0.44,-1.05,-1.18,-1.29,-1.39,-1.25,-1.33,-1.06,-1.2,0.16,-1.05,0.04,0.5,1.47,2.13,1.38,1.96,1.61,2.98,2.78,1.85,6.32,4.63,8.1,8.51,8.62,8.35,7.85,7.6,7.34,7.12,7.35,8.1,7.42,6.65,6.58,6.62,6.05,7.22,7.19,7.24,7.28,7.66,7.53,6.9,6.5,6.27,5.93,5.81,5.41,4.63,4.05,4.0,4.04,3.99,4.01,4.35,4.1,3.53,2.86,3.16,3.33,3.75,4.17,4.5
5.42,5.57,5.86,5.91,6.03,6.18,6.36,6.21,5.84,5.18,4.52,2.65,0.86,-0.02,-0.03,-0.32,0.69,0.97,0.66,0.44,-1.37,-1.34,-1.64,-1.5,-1.48,-1.41,-0.06,0.38,-0.08,-3.5,0.18,1.33,0.89,1.64,0.84,0.44,1.04,1.1,0.28,3.4,7.4,7.94,7.97,7.49,7.23,7.62,7.86,7.67,7.3,7.21,7.58,7.1,6.49,5.93,6.03,6.54,6.95,6.87,7.13,7.0,7.16,7.18,7.18,6.61,6.63,6.45,5.86,5.81,5.46,5.18,5.19,4.41,4.06,3.79,3.67,3.46,3.2,3.03,3.26,3.65,3.82,4.17,4.57
4.93,5.2,5.78,6.1,6.14,6.45,6.31,6.07,5.69,5.08,4.58,3.98,2.47,0.78,1.3,1.71,0.73,0.71,0.21,-1.16,-0.46,-1.5,-1.53,-1.1,-1.41,-1.61,-0.62,-0.49,-0.7,-1.26,-1.25,0.79,1.66,1.61,1.87,-0.18,-0.51,0.39,0.79,1.31,6.33,7.3,7.86,7.79,7.68,7.54,7.56,7.64,7.64,7.39,7.52,7.17,7.18,7.18,6.97,6.71,6.94,6.73,6.74,7.3,7.2,7.08,6.71,7.15,6.81,6.87,6.77,6.64,6.23,5.95,5.61,5.35,5.04,4.95,4.3,3.4,2.98,2.83,2.8,3.07,3.49,4.08,4.83
4.48,4.99,5.65,6.13,6.42,6.61,6.45,6.03,5.63,4.82,4.32,4.08,4.09,1.43,0.21,1.27,0.62,-0.08,-0.49,0.74,-1.35,-1.56,-0.18,-1.71,-1.24,0.98,-0.36,0.04,-0.2,-0.11,0.55,2.16,1.98,0.92,1.41,-0.67,-0.35,0.69,0.06,4.08,5.63,6.51,7.34,7.13,6.78,7.05,7.28,7.3,7.66,8.21,8.31,8.82,8.74,8.39,7.78,6.99,6.71,7.09,6.74,6.07,6.31,6.93,6.61,6.55,6.78,6.6,6.65,6.59,6.56,6.49,6.04,5.67,5.47,5.29,5.11,4.69,4.07,3.57,3.17,3.23,3.55,3.68,4.69
4.64,5.2,5.56,6.06,6.63,6.49,6.22,6.05,5.64,5.02,4.42,3.92,3.66,1.57,1.81,1.14,0.14,-0.63,0.11,0.61,0.26,0.19,1.23,1.15,0.16,-1.25,-1.16,-0.53,1.24,0.59,1.95,0.82,0.14,0.6,0.0,-0.28,-0.1,0.21,0.42,1.38,4.39,5.56,6.43,6.78,5.87,6.68,6.95,7.38,7.52,7.75,8.08,8.15,7.91,7.38,7.33,7.29,7.13,6.72,6.81,6.37,5.91,5.72,6.24,6.3,6.11,6.01,6.39,6.62,6.89,6.74,6.2,5.82,5.75,5.02,5.12,5.18,4.66,4.31,4.45,3.92,4.26,4.64,4.83
4.77,4.96,5.29,5.57,5.63,5.92,6.18,6.44,6.27,5.65,4.62,3.79,3.03,2.3,0.76,1.48,1.33,1.55,0.54,0.53,0.86,-0.02,0.5,1.14,1.38,0.8,-1.7,-0.47,0.04,0.38,-0.91,-1.02,1.17,-0.39,1.74,0.37,1.28,-1.66,-0.51,1.0,3.48,4.65,5.38,5.81,5.24,5.45,6.05,6.74,7.19,7.37,7.49,7.53,7.11,6.82,6.28,6.2,6.17,6.13,5.78,5.67,5.21,5.12,4.87,5.02,5.65,5.7,5.82,6.07,6.43,6.48,6.32,6.21,5.63,5.64,5.24,5.31,4.98,4.53,4.51,4.75,4.73,4.56,4.88
5.12,5.1,5.32,5.49,5.64,5.93,6.31,6.72,6.67,6.07,5.19,4.0,2.86,2.76,-0.27,0.5,0.17,1.87,0.83,-0.68,0.31,-0.08,0.02,0.56,0.26,0.18,-1.77,-0.91,0.46,0.06,2.23,1.75,1.35,2.0,2.95,0.31,-1.36,-1.73,-0.36,0.63,3.08,4.17,4.43,4.05,3.61,4.27,5.72,6.69,6.99,7.26,7.27,7.18,7.11,6.48,5.98,5.56,5.15,4.99,4.8,4.58,4.46,4.17,3.98,4.04,4.23,4.81,5.16,5.41,5.67,5.83,5.92,5.98,5.78,5.27,5.0,4.91,4.84,4.31,3.92,3.82,3.7,3.97,4.1
5.0,5.06,5.33,5.53,5.75,6.05,6.62,6.77,6.69,5.97,5.27,4.54,3.44,3.05,1.37,-0.27,0.53,-0.29,1.91,0.78,0.41,-1.13,-1.04,-1.12,-0.11,0.29,0.73,0.67,1.31,0.14,0.68,-1.03,-0.36,-1.42,4.37,-1.0,-1.02,-0.2,-0.98,0.47,3.78,3.51,2.7,1.97,1.21,1.39,5.03,6.78,7.17,7.3,7.23,6.77,6.37,5.88,5.32,4.65,3.85,3.37,3.34,3.74,3.43,2.97,3.0,2.77,2.9,3.32,3.78,4.08,4.33,4.57,4.66,4.6,4.67,4.65,4.74,3.8,3.67,3.73,3.31,3.09,2.97,3.27,3.8
4.41,4.58,4.89,5.49,5.66,5.78,5.86,6.06,6.21,6.04,5.67,4.91,3.31,2.52,1.07,0.06,0.79,1.6,-1.58,-0.51,-0.63,-1.46,-1.92,-1.18,-0.62,1.24,-0.17,1.27,-0.65,0.7,-0.15,-0.19,0.76,0.32,-1.23,0.27,-1.91,-1.66,-1.29,-0.79,1.44,2.63,1.9,0.39,0.34,0.5,3.29,5.76,6.98,8.16,7.81,7.27,6.65,5.79,5.2,5.1,4.7,3.77,3.01,2.4,2.3,2.24,2.26,2.05,2.39,2.19,2.41,2.77,3.08,3.36,3.58,3.81,3.71,3.42,3.36,3.35,3.05,2.89,2.87,2.6,3.17,3.56,3.86
4.12,4.42,4.81,5.24,5.59,5.67,5.72,6.31,6.89,7.16,6.64,4.87,3.36,2.3,0.67,0.27,-0.6,-0.33,-1.05,-0.94,-0.17,-2.41,-1.83,-1.69,-0.48,-0.96,0.06,-0.49,1.28,0.4,0.19,0.63,-2.42,0.08,-0.49,-0.06,0.46,-0.18,-0.02,1.02,0.47,2.29,2.04,1.25,-1.0,-0.83,0.84,2.97,4.8,6.57,8.92,7.45,5.83,5.1,4.86,4.54,4.42,4.11,3.37,3.27,2.47,2.08,1.58,1.46,1.4,1.8,2.24,2.38,3.03,3.73,4.25,4.57,4.45,3.93,3.07,2.51,2.32,2.33,2.48,2.65,2.53,3.19,3.39
4.07,4.38,4.59,5.16,5.54,5.98,6.49,7.15,7.92,8.28,7.73,5.52,3.36,0.62,0.49,0.44,0.78,0.68,-0.94,-0.54,0.26,-1.24,-2.55,-1.02,-1.28,-0.12,0.45,-0.89,-0.82,-0.34,0.51,-1.8,-1.29,-0.7,0.53,-0.42,-0.44,0.01,0.27,0.41,0.75,1.82,2.0,1.68,-0.5,1.62,6.56,1.96,1.2,0.69,9.79,7.01,5.64,4.68,4.3,4.12,4.38,3.53,3.22,2.3,2.3,2.11,1.65,1.9,2.15,2.22,2.17,2.98,3.48,3.88,4.16,4.69,4.74,4.63,4.52,4.08,2.63,2.09,2.46,2.54,3.0,2.97,3.75
4.08,4.64,4.75,5.28,5.82,6.69,7.5,8.19,8.9,9.4,9.27,6.91,2.15,0.99,-0.23,0.77,1.22,1.49,2.2,2.03,1.77,0.63,-0.11,-2.65,-1.92,-0.41,-0.63,0.23,-0.92,0.07,-0.52,-0.65,-0.32,-1.48,-0.69,0.03,-0.39,-0.69,-0.24,0.26,0.11,1.0,1.04,1.39,1.68,4.22,7.65,6.64,2.39,1.81,1.83,6.5,4.01,3.92,4.46,3.56,3.83,4.02,4.21,3.96,3.37,3.51,3.84,3.56,3.68,3.89,4.52,4.58,4.8,4.73,5.08,5.19,5.36,5.3,5.16,4.84,4.48,3.87,3.29,3.21,3.44,3.59,4.07
3.87,4.53,5.21,5.52,6.24,7.22,7.91,8.6,9.37,9.8,9.87,8.06,2.02,0.83,0.55,0.26,-0.11,-0.03,1.35,1.61,2.17,2.17,2.78,0.03,-2.31,-1.44,-1.66,-2.17,-0.82,0.01,0.38,-0.22,-0.11,0.38,-1.93,-0.93,-1.08,0.38,-0.21,-0.87,-0.96,-0.26,0.52,2.78,4.33,4.1,5.78,6.4,2.25,-0.25,0.53,4.75,4.93,4.85,4.72,4.44,4.97,5.66,5.89,5.84,5.45,5.06,4.6,4.48,4.37,4.53,4.56,4.5,4.5,4.48,4.59,4.77,5.28,5.3,5.22,4.57,4.48,3.91,4.0,4.79,4.81,5.59,5.75
4.07,4.35,5.06,5.81,6.21,7.11,7.83,8.55,9.44,10.13,10.48,10.5,1.8,0.41,-0.52,1.53,1.05,2.18,1.77,2.25,2.51,2.39,2.33,2.24,-1.11,-2.15,-1.12,-0.82,-0.54,-0.99,0.11,0.58,2.16,1.72,0.88,-1.33,-0.91,-1.32,-1.83,-1.53,-1.55,-0.83,-0.06,2.53,4.04,2.27,1.78,1.93,0.89,2.8,4.27,5.4,6.14,6.16,5.82,5.76,5.36,5.0,4.98,4.67,4.09,3.97,4.14,4.29,4.53,4.37,4.1,3.82,3.65,3.54,3.62,3.64,3.86,4.05,4.18,4.82,5.12,5.64,6.36,5.88,6.76,6.77,6.92
3.86,4.53,4.96,5.67,6.81,7.26,8.07,8.72,9.51,10.17,11.12,12.86,-0.14,-0.28,-0.47,2.53,2.2,2.0,2.65,2.61,2.66,2.5,2.56,2.43,2.38,-2.38,-2.74,-2.96,-0.71,-0.69,-0.79,-0.23,0.72,1.77,2.37,1.17,-0.7,-1.14,-1.51,-2.56,-1.85,-0.58,0.4,1.78,1.81,0.67,2.37,0.62,3.14,1.74,3.23,3.78,4.72,5.25,5.92,5.61,5.21,4.88,4.22,4.09,3.86,3.61,3.61,4.07,4.22,4.37,4.2,3.73,3.14,2.76,2.89,2.7,2.7,2.71,3.11,3.7,4.57,5.17,5.6,6.03,6.09,6.43,6.26
3.95,4.61,5.15,5.53,6.36,7.54,8.0,8.95,9.66,10.08,10.48,11.23,5.13,0.77,0.91,3.0,3.28,2.45,2.62,2.59,2.53,2.51,2.65,2.65,2.51,0.53,0.69,-0.86,-0.74,0.37,-2.85,-3.34,-0.06,0.94,1.47,0.66,-0.75,-2.6,-2.0,-1.33,-0.06,0.68,0.53,0.35,-0.43,-0.55,1.86,3.52,4.55,2.08,2.36,3.4,3.8,4.62,4.56,4.95,5.13,4.93,4.65,4.05,3.72,3.6,3.71,3.81,3.69,3.67,3.62,3.71,3.69,3.2,2.8,3.26,3.27,2.92,3.16,3.39,3.94,4.6,4.87,5.15,5.42,5.77,5.7
3.7,4.33,4.88,5.53,6.0,7.04,8.02,8.74,9.45,10.32,10.29,9.79,9.06,1.06,0.02,3.47,3.65,2.96,1.09,2.55,2.71,2.73,2.57,2.77,1.91,2.0,-2.82,-2.77,-1.62,1.26,0.57,-1.39,-0.85,0.57,0.49,-0.71,-1.91,-1.16,-0.22,0.5,1.26,2.52,3.35,3.25,-0.21,-1.1,0.04,2.01,2.14,2.36,3.23,2.59,3.13,3.74,4.3,4.67,4.9,4.76,4.56,3.98,3.46,3.07,2.44,2.86,2.6,2.6,3.4,4.02,4.18,4.06,3.79,3.57,3.2,3.46,3.56,3.79,3.69,4.09,4.33,4.65,5.03,5.08,5.31
3.33,3.62,4.68,5.38,6.15,6.68,7.82,8.52,9.3,9.85,10.38,10.21,9.54,7.44,0.82,1.28,2.17,0.72,1.02,2.86,3.0,2.84,3.18,3.12,2.65,3.1,0.45,-1.91,-0.81,-3.95,0.24,-0.38,0.05,-1.24,0.04,-1.08,-0.55,-0.52,0.65,2.08,2.65,3.28,3.33,3.2,2.35,-1.27,0.02,-0.41,0.74,6.13,3.3,2.2,3.0,2.44,2.32,4.22,4.52,3.97,4.51,3.8,3.05,2.29,2.15,2.02,2.14,2.11,1.97,2.48,3.29,3.72,3.78,3.89,3.68,3.36,3.19,3.38,4.03,3.81,3.91,4.32,4.9,4.89,4.9
