static/gfs.json
{"header": {"discipline":0,"disciplineName":"Meteorological products","gribEdition":2,"gribLength":76442,"center":7,"centerName":"US National Weather Service - NCEP(WMC)","subcenter":0,"refTime":"2017-04-21T12:00:00.000Z","significanceOfRT":1,"significanceOfRTName":"Start of forecast","productStatus":0,"productStatusName":"Operational products","productType":1,"productTypeName":"Forecast products","productDefinitionTemplate":0,"productDefinitionTemplateName":"Analysis/forecast at horizontal level/layer at a point in time","parameterCategory":2,"parameterCategoryName":"Momentum","parameterNumber":3,"parameterNumberName":"V-component_of_wind","parameterUnit":"m.s-1","genProcessType":2,"genProcessTypeName":"Forecast","forecastTime":0,"surface1Type":103,"surface1TypeName":"Specified height level above ground","surface1Value":10,"surface2Type":255,"surface2TypeName":"Missing","surface2Value":0,"gridDefinitionTemplate":0,"gridDefinitionTemplateName":"Latitude_Longitude","numberPoints":65160,"shape":6,"shapeName":"Earth spherical with radius of 6,371,229.0 m","gridUnits":"degrees","resolution":48,"winds":"true","scanMode":0,"nx":360,"ny":181,"basicAngle":0,"subDivisions":0,"lo1":0,"la1":90,"lo2":359,"la2":-90,"dx":1,"dy":1,"convert-by":"Asper","site":"https://airmap.g0v.asper.tw"}, "data":
[rows 36 to 71 of 181, columns 162 to 242 of 360]
-8.27,-7.22,-7.02,-6.86,-6.88,-6.7,-6.29,-6.25,-6.2,-6.01,-5.93,-5.97,-6.05,-5.73,-5.04,-3.9,-2.73,-2.07,-1.3,-0.35,0.56,1.75,3.47,4.62,5.42,6.04,5.9,5.8,4.49,3.06,3.23,1.73,2.94,2.84,0.97,-2.8,-2.08,-1.79,-2.98,-3.47,-3.42,-4.05,-4.31,-4.87,-4.79,-4.86,-4.84,-4.93,-4.66,-4.42,-4.08,-3.22,-2.06,-0.98,0.03,1.13,2.18,3.17,4.09,5,5.69,6.17,7.71,6.74,2.47,0.74,4.7,4.85,0.13,0.03,1.06,1.05,0.96,0.75,1.84,0.29,0.77,0.49,1.76,1.95,1.41
-7.5,-7.73,-7.98,-8.01,-7.85,-7.66,-7.59,-7.48,-7.47,-7.65,-7.46,-5.83,-5.41,-4.58,-3.62,-2.52,-1.25,-0.18,0.63,1.24,1.83,2.29,2.73,4.44,6.48,6.8,6.84,6.23,5.51,5,4,3.77,4.46,2.56,-0.48,-3.43,-3.18,-3.16,-4.05,-4.94,-5.16,-5.19,-5.69,-6.06,-5.99,-6.31,-7.1,-7.42,-7.34,-6.97,-5.71,-3.76,-1.67,0.33,1.82,3.02,4.28,5.09,5.61,6.35,6.71,6.85,6.95,6.9,8.03,3.71,0.34,6.64,2.57,-0.58,-0.67,0.29,1.41,1.36,0.82,0.32,-0.23,-0.48,-0.2,-1.05,1.06
-7.59,-7.75,-7.88,-7.78,-7.84,-8,-8.35,-8.53,-8.24,-7.92,-7.63,-7.22,-5.89,-3.81,-2.44,-1.3,-0.07,0.74,0.96,0.82,1.73,1.84,3.13,5,5.35,6.47,7.41,7.64,7.38,6.85,6.04,5.08,3.97,1.42,-1.61,-3.84,-4.19,-4.52,-4.93,-5.68,-5.92,-6.56,-7.03,-7.41,-8.3,-9.14,-10.12,-10.52,-10.96,-9.67,-6.67,-2.93,0.35,2.67,4.46,5.5,6.54,7.22,8,7.91,7.9,8.15,8,7.63,7.21,6.77,5.2,4.19,6.46,1.87,0.01,-0.03,1.34,1.19,1.33,-0.24,-0.06,-1.14,-0.66,-0.57,-1.37
-7.34,-6.92,-6.82,-7.02,-7.49,-8.15,-8.63,-9.07,-9.36,-9.41,-8.9,-7.65,-5.5,-3.84,-2.29,-0.76,0.7,1.86,2.42,2.51,3.45,4.04,5.5,7.05,8.31,9.16,9.34,8.79,8.44,8.09,6.92,5.32,3.36,0.73,-1.91,-3.8,-4.51,-5.09,-5.48,-5.98,-6.55,-6.86,-7.77,-8.99,-10.05,-11.51,-12.47,-13.67,-13.17,-9.79,-3,4.56,8.47,9.66,9.83,9.46,9.31,9.19,9.8,10.05,9.81,9.08,8.89,8.54,7.79,6.99,6.2,6.17,5.93,4.82,1.32,-0.26,-0.43,-0.45,0.27,-0.59,-0.58,-0.95,-0.67,0.14,-0.5
-6.35,-5.97,-5.74,-5.78,-6.35,-7.34,-8.44,-9.34,-9.7,-10.24,-9.88,-8.13,-5.94,-3.82,-1.43,0.24,1.61,2.65,4.06,3.9,4.62,5.69,6.85,8.2,9.36,10.14,10.15,9.41,8.9,8.6,7.49,5.65,3.57,0.9,-1.54,-3.28,-4.21,-5.2,-5.71,-6.41,-7.41,-8.36,-9.44,-10.6,-11.88,-12.76,-13.95,-14.48,-12.15,-4.62,4.51,9.45,10.41,9.52,9.21,9.29,9.62,10.96,11.22,10.94,11.17,10.46,9.92,9.41,8.75,7.88,6.88,6.13,5.94,6.48,4.75,0.41,-0.12,-0.18,-0.97,-0.56,-0.91,0.92,0.32,0.58,-0.13
-5.2,-4.89,-4.68,-4.72,-5,-5.67,-6.76,-7.9,-8.57,-9.17,-8.89,-4.25,1.16,3.39,4.22,4.45,5.03,5.02,4.7,4.21,4.71,6.4,8.3,9.98,10.68,11.25,11.11,10.95,10.73,9.64,8.13,6.28,4.46,1.81,-0.89,-2.88,-4.12,-5.42,-6.11,-7.36,-8.59,-9.71,-11.02,-11.52,-12.26,-13.05,-13.6,-12.78,-8.44,-0.1,7.65,9.07,8.02,9.12,8.86,8.37,9.01,8.58,9.75,11.52,11.96,11.87,10.74,10.09,9.33,8.82,8.26,7.25,6.35,5.71,4.65,4.44,2.18,-0.39,-0.48,0.85,0.79,-0.23,-0.22,-1.29,-1.3
-2.67,-2.47,-2.58,-2.64,-2.98,-3.61,-4.41,-5.02,-5.48,-5.28,-3.69,0.1,3.36,4.46,5.07,5.46,6.4,6.48,7.32,8.46,8.84,8.33,7.98,8.63,10.13,11.77,12.3,12.67,12.05,10.94,9.73,7.87,5.42,2.52,-0.47,-2.11,-4.4,-5.52,-6.3,-7.77,-9.71,-10.94,-10.95,-11.89,-12.62,-12.72,-12.45,-9.99,-4.66,5.18,6.05,4.91,7.85,9.41,11.05,9.92,8.25,7.97,7.69,9.12,11.67,12.13,11.99,11.05,10.46,9.68,9.14,8.42,7.31,6.03,4.8,3.74,2.67,3.08,-0.14,0.76,0.66,-1.44,-0.83,-2.13,-0.9
0.83,0.46,0.5,0.77,0.82,0.75,0.7,0.45,0.17,0.36,1.41,2.98,4.56,5.51,5.84,6.09,6.44,6.55,6.95,7.7,8.51,9.52,9.33,8.76,8.37,9.82,12.74,13,12.38,11.51,9.96,8.47,6.46,3.66,0.98,-1.33,-4.06,-5.99,-7.16,-8.36,-10.15,-10.62,-11.4,-12,-12.15,-12.46,-10.76,-6.82,1.12,3.04,4.08,6.1,7.84,8.89,8.51,8.73,8.8,9.18,8.2,7.35,9.75,11.89,12.65,12.63,12.05,11.02,9.77,8.67,7.8,6.92,5.88,4.44,3.06,2.3,0.85,0.32,0.31,-0.98,-1.2,0.84,2.19
1.02,0.96,0.79,0.7,1.06,1.57,2.06,2.37,2.37,2.59,3.02,3.75,4.65,5.41,5.76,5.94,5.82,5.94,6.45,7.01,7.3,7.65,8.34,8.56,8.19,7.28,9.55,12.71,13,12.69,11.23,9.23,7.02,4.56,1.87,-0.65,-3.44,-5.98,-7.41,-8.89,-9.87,-11.03,-11.7,-12.23,-11.68,-10.79,-7.46,-2.13,-0.33,1.47,3.69,5.43,6.31,6.87,8.13,8.34,9.14,8.95,9.07,7.7,7.94,11.32,13.33,13.71,12.77,11.94,10.4,9.03,7.94,6.83,5.86,4.71,3.19,2.11,0.25,0.06,-1.12,-1.03,-0.78,2.9,2.05
0.42,0.5,0.8,0.7,0.53,1.04,2.45,3.21,2.76,2.57,3.06,4.39,5.34,5.5,5.1,4.86,4.97,5.46,5.83,6.16,6.44,6.76,7.56,7.95,7.61,7.02,6.58,10.94,13.16,12.93,11.78,9.82,7.7,5.19,2.66,0.03,-2.62,-5.66,-7.46,-8.89,-10.15,-10.77,-11.37,-11.69,-11.11,-9.63,-6.25,-3.39,-1.91,2.08,5.06,5.5,6.19,6.57,7.64,7.76,8.7,8.64,9.41,7.75,7.12,9.5,13.96,14.42,13.41,11.83,10.56,9.66,8.35,6.88,5.43,3.97,3.02,1.52,0.25,-1.09,0.13,0.79,0.88,1.19,-1.2
-0.72,-0.85,-0.97,-0.56,0.3,1.14,1.93,2.02,2.54,3.65,3.88,4.31,4.91,5.01,4.71,4.6,4.98,5.27,5.26,5.38,5.39,5.63,6.69,7.5,6.81,6.28,6,8.09,11.97,13.32,12.1,10.56,8.48,6.11,3.18,0.47,-2.05,-4.7,-6.95,-8.71,-10.02,-10.5,-11.22,-11.29,-10.82,-9.53,-7.27,-5.71,-2.58,4.96,5.17,5.45,5.88,6.63,6.53,7.16,7.69,8.66,8.75,7.96,7.06,6.91,14.29,14.33,13.68,12.83,11.82,9.67,8.3,6.71,5.02,3.13,1.54,-0.09,-0.49,-0.29,0.58,1.21,-0.15,-2.42,-1.76
-1.63,-1.23,-0.82,0.01,0.38,0.51,1.38,2.69,3.48,3.25,3.75,4.61,5.04,5.03,4.95,4.58,4.26,3.8,3.73,3.98,4.57,5.5,6.53,6.58,6.05,5.86,5.36,6.14,10.51,12.69,12.11,10.67,8.94,6.57,3.78,0.74,-1.74,-4.23,-6.57,-7.95,-9.5,-10.14,-10.88,-11.25,-10.26,-9.25,-8.65,-8.71,-0.06,4.02,5.07,5.01,5.72,6.02,6.12,6.19,6.75,8.83,8.7,7.62,7.06,4.58,14.82,14.57,14.49,13.32,11.65,9.95,8.33,6.42,4.48,1.95,-0.68,-3.39,0.71,0.37,-0.27,0.36,-0.41,-2.1,-1.95
-2.21,-2.02,-1.3,-0.43,0.01,0.4,1.21,1.62,1.72,2.11,3.31,4.72,5.17,5.06,4.71,3.7,3.46,3.89,3.83,3.29,3.4,4.31,4.85,5.12,5.76,5.36,5.14,5,8.82,12.65,12.81,11.33,9.14,7.09,4.15,1.26,-1.23,-3.63,-6.01,-7.75,-8.51,-9.66,-9.94,-10.96,-9.9,-9.21,-9.75,-9.89,-2.12,1.7,4.85,5.2,6.21,6.58,6.51,5.93,6.84,8.07,8.19,7.01,6.76,2.44,15.03,15.08,14.23,13,11.75,10.2,8.33,6.61,4,1.22,-1.91,-4.66,-0.67,0.51,-0.21,-0.47,-1.01,-1.99,-2.15
-1.39,-1.02,-0.51,0.81,0.45,-0.16,0.19,1.05,2.16,3.57,4.27,3.43,2.63,3.32,4.98,4.78,4.49,4.27,4.32,3.89,3.75,4.47,4.93,4.47,4.59,4.5,4.9,4.8,8.44,12.69,12.9,10.87,8.18,6.37,4.48,1.56,-0.87,-2.96,-5.15,-7.14,-8.22,-8.91,-9.79,-10.42,-10.24,-9.15,-9.69,-9.56,-4.93,-1.12,4.27,6.95,6.53,6.19,6.49,5.93,6.13,7.11,7.67,6.69,6.93,1.52,14.75,14.75,13.81,13.06,11.95,10.21,8.21,6.31,3.88,0.86,-2.15,-4.7,0.01,-1.73,-2.1,0.84,-0.37,-1.66,-0.86
-1.79,-0.77,-0.86,-1.12,-1.02,-0.43,0.45,1.43,2.72,2.44,2.02,2.71,5.34,7.4,7.32,6.64,5.16,3.88,2.62,2.92,4,4.26,3.77,3.7,3.76,3.95,3.58,5.91,9.37,12.33,12.24,11.07,9.13,7.05,4.31,1.6,-0.76,-2.55,-3.98,-5.87,-7.55,-8.26,-8.73,-9.49,-9.72,-8.74,-8.89,-7.96,-5.51,-0.9,2.98,7.28,6,5.89,6.03,6.08,6.59,6.71,7.37,6.67,6.35,4.05,13.98,14.9,14.31,13.38,11.86,10.08,8.25,6.13,3.58,0.25,-2.64,-5.96,-0.92,0.08,-2.36,-0.7,0.76,-0.94,-1.06
-2.72,-2.36,-2.1,-1.83,-1.21,-0.44,0.67,2.24,3.27,4.13,3.77,4.36,5.49,5.97,5.92,5.56,4.41,3.1,2.3,2.91,3.23,3.51,3.84,3.66,3.23,2.67,4.53,8.31,9.51,11.81,10.84,9.66,8.65,6.79,4.65,1.98,-0.94,-2.58,-4.05,-5.06,-6.46,-7.65,-7.95,-8.33,-8.37,-8.03,-7.02,-5.82,-4.21,-1.69,2.31,5.1,4.44,5.6,6.39,6.71,6.56,6.2,6.84,6.32,5.49,5.4,13.16,15.77,14.81,13.7,12.34,10.41,8,5.79,3.54,-0.2,-3.08,-5.21,-3.92,-0.54,-2.07,-0.39,1.45,0.22,-0.12
-2.22,-1.78,-1.29,-0.55,0.11,1.02,1.92,2.07,2.05,2.43,3.64,5.91,5.74,5.9,4.99,4.44,3.1,2.98,3.81,3.85,2.89,2.88,3.01,2.4,2.07,4.25,8.34,8.79,9.6,11.93,10.97,9.17,7.54,5.68,3.84,1.8,-0.56,-2.5,-3.91,-4.87,-5.92,-7.39,-7.61,-7.87,-7.27,-6.51,-6.11,-5.23,-3.46,-0.81,1.59,2.26,2.7,4.48,5.46,5.49,6.03,6.25,5.81,5.4,5.02,5.44,13.75,15.76,14.77,13.81,12.4,10.2,7.89,5.72,3.42,-0.39,-3.52,-5.12,-6.38,-3.36,0.56,-0.89,-0.65,-0.21,-0.4
-2.73,-2.31,-1.85,-1.3,-0.81,-0.11,0.72,1.46,2.85,4.21,5.53,5.77,5.75,4.93,3.48,3.12,3.65,3.36,2.53,2.46,2.64,2.09,1.12,2.07,5.63,7.64,9.03,9.31,9.69,10.48,9.81,8.47,6.56,4.72,2.99,1.05,-0.7,-2.46,-3.75,-4.87,-5.67,-6.58,-7.26,-7.52,-7.3,-6.49,-5.24,-4.13,-2.67,-1.6,-0.75,-0.26,1.1,3.38,3.98,4.56,5.57,5.78,5.46,5.26,4.96,6.59,15.23,15.93,14.98,13.99,11.7,9.42,7.39,5.35,2.87,-0.91,-4.08,-5.89,-7.35,-7.68,-1.76,1.32,-0.03,0.31,-2.48
-2.61,-2.04,-1.39,-0.73,-0.08,0.62,1.49,2.48,3.72,4.44,4.03,3.82,4.02,3.03,2.73,2.45,2.25,2.63,2.27,1.64,0.14,-0.88,4.88,6.72,7.25,8.37,9.36,9.21,8.97,8.88,8.27,7.25,5.72,4.2,2.24,0.24,-1.09,-2.53,-3.68,-4.56,-5.26,-6.02,-6.79,-7.5,-7.29,-6.71,-6.07,-4.65,-3.52,-2.5,-1.72,-0.28,0.79,2.13,2.47,3.33,4.84,4.96,4.95,5.62,4.97,6.82,17.33,16.54,14.7,12.86,10.97,8.81,6.77,4.59,2.14,-1.84,-4.86,-6.81,-8.29,-9.67,-7.47,-1.57,-0.25,3.43,-2.34
-2.41,-1.81,-1.4,-1.07,-0.33,0.08,0.72,2.03,3.76,3.9,3.08,2.48,2.31,1.97,1.61,1.78,2.24,1.8,0.49,-1.28,3.09,6.52,6.77,7.61,7.62,8.19,8.43,7.88,7.84,6.81,7.15,6.17,4.47,2.68,0.78,-0.66,-1.66,-2.74,-3.84,-4.37,-5.01,-5.48,-6.15,-6.88,-7.07,-6.96,-6.34,-5.72,-4.68,-3.04,-1.25,-0.45,0.58,0.96,1.97,3.93,4.34,3.66,4.64,5.29,6.22,4.74,17.87,15.81,13.69,12.17,10.15,8.36,6.24,4.03,1.47,-2.48,-5.45,-7.42,-9.02,-10.21,-10.89,-5.61,-1.29,1.69,0.25
-1.5,-1.52,-1.11,-0.56,0.14,0.77,1.46,2.03,1.83,1.6,1.49,1.45,1.38,1.84,1.6,1.17,0.07,-0.87,2.65,5.77,6.54,7.22,7.84,8.34,8.45,8,7.36,7.69,6.99,6.67,6.17,4.69,2.89,1.29,-0.03,-1.48,-2.39,-3,-3.77,-4.46,-5.04,-5.64,-5.98,-6.42,-6.78,-6.78,-6.62,-5.72,-4.41,-2.82,-1.72,-0.83,0.08,1.29,2.18,2.42,2.62,2.72,3.89,5.02,5.22,10.73,16.3,14.29,12.83,10.69,9.24,7.59,5.68,3.77,0.77,-3.11,-5.81,-7.6,-8.92,-9.47,-10.79,-11.28,-4.46,-0.13,-0.58
-1.58,-0.86,-0.4,-0.13,0.03,0.3,0.78,0.92,0.95,0.85,0.88,0.89,1.63,1.32,-0.32,0.02,3.46,6.2,7.61,7.54,7.75,7.49,7.6,7.84,7.58,6.87,6.63,6.37,5.94,5.56,4.81,3.14,1.68,0.47,-0.84,-1.94,-2.96,-3.64,-4.06,-4.54,-4.8,-5.14,-5.75,-6.25,-6.56,-6.58,-6.31,-5.56,-4.58,-3.19,-2.09,-1.38,-0.65,0.07,0.48,0.83,0.81,1.66,2.38,4.07,-0.55,17.22,14.57,12.73,11.72,9.75,8.4,6.82,5.37,3.06,-0.04,-3.51,-6.01,-7.69,-8.73,-9.41,-10.6,-9.89,-8.89,-5.16,-0.6
-0.59,-0.28,-0.33,-0.63,-0.53,-0.33,-0.25,-0.1,0.33,0.37,0.24,0.28,-0.15,1.49,3.91,4.87,6.85,7.36,7.21,7.04,6.88,7.54,7.14,6.38,6.11,5.74,5.89,5.25,4.93,4.63,3.57,2.13,0.88,-0.14,-1.3,-2.45,-3.45,-4.25,-4.67,-4.78,-4.94,-5.08,-5.55,-6.01,-6.21,-6.22,-5.87,-5.22,-4.19,-3.31,-2.61,-2.47,-1.59,-1.01,-0.55,-0.44,0.31,0.45,1.19,-3.44,14.84,14.48,12.36,11.36,10.37,8.92,8.16,6.66,4.6,2.28,-0.81,-3.8,-6.1,-7.76,-8.93,-9.54,-9.75,-9.39,-7.07,-7.19,-3.7
-0.68,-0.79,-0.86,-0.89,-0.89,-0.83,-0.32,0.13,0.33,-0.32,0.59,2.52,3.71,3.83,5.19,7.04,7.45,7.06,6.35,5.57,6.85,7.31,6.08,5.73,5.1,4.44,4.98,4.09,4.06,3.77,2.84,1.47,0,-0.89,-1.7,-2.74,-4,-4.89,-5.36,-5.62,-5.64,-5.52,-5.61,-5.9,-6.04,-6,-5.66,-5.46,-4.63,-3.68,-2.78,-1.82,-1.36,-1.32,-1.39,-1.15,-1.19,-1.05,-4.14,11.42,13.2,11.91,10.86,9.92,9.32,8.61,7.79,5.86,3.68,1.3,-1.46,-4.04,-6.06,-7.59,-8.57,-9.29,-9.74,-9.37,-7.09,-6.26,-6.11
-0.51,-0.1,-0.12,-0.97,-1.09,-0.62,-0.74,-0.16,2.28,2.5,2.55,2.94,3.48,4.98,5.87,6.4,6.1,5.44,4.86,4.92,6.48,5.95,5.22,4.71,3.66,3.06,4.02,3.14,3.24,2.85,1.97,0.91,-0.07,-1.01,-1.73,-2.67,-3.75,-4.78,-5.65,-5.92,-6.18,-6.27,-6.27,-6.31,-6.48,-6.05,-5.5,-4.99,-4.2,-3.26,-2.47,-1.95,-2.17,-2.79,-3.01,-3,-2.85,-5.23,9.29,11.69,10.87,9.88,9.23,8.81,8.57,8.13,6.74,4.79,2.76,0.34,-2.08,-4.27,-5.98,-7.4,-8.48,-9.22,-9.45,-8.82,-8.17,-8.53,-8.66
-0.58,-0.85,-0.22,0.72,1.25,1.74,2.67,2.94,2.45,2.29,2.71,3.4,4.49,5.61,5.77,5.24,4.6,4.55,4.09,4.7,5.24,4.42,4.16,3.25,2.29,1.91,2.54,2.66,2.56,1.83,0.78,0.3,-0.26,-0.93,-1.39,-2.43,-3.11,-3.76,-4.44,-5.13,-5.61,-6.06,-6.32,-6.35,-6.23,-6.14,-5.63,-4.94,-4.26,-3.76,-3.33,-3.45,-3.84,-4.44,-4.43,-3.59,-6.14,9.88,9.85,9.47,8.83,8.1,8.04,7.81,7.77,6.8,5.5,3.79,1.99,-0.3,-2.56,-4.48,-6.04,-7.54,-8.62,-9.2,-9.35,-9.3,-9.34,-9.87,-9.6
2,2.18,2.6,2.69,2.22,2.32,2.27,2.76,2.96,2.66,2.51,3.27,4.53,5.27,4.79,4.09,3.97,3.77,4.42,4.47,3.56,3.32,2.76,1.93,0.99,0.7,1.35,1.25,0.98,0.44,-0.25,-0.78,-1.01,-1.1,-1.35,-1.9,-2.5,-3.18,-3.73,-4.18,-4.54,-4.91,-5.24,-5.51,-5.59,-5.5,-5.13,-4.45,-4.1,-4.22,-4.89,-5.08,-4.73,-4.55,-3.99,-3.03,9.36,8.42,7.96,7.56,7.23,7.02,6.98,6.51,6.48,5.5,4.39,2.84,1.18,-0.73,-2.87,-4.68,-6.13,-7.46,-8.49,-9.11,-9.43,-9.64,-9.66,-9.68,-8.98
3.67,3.26,2.75,1.79,1.77,1.87,2.52,3.13,2.92,2.34,2.39,3.28,4.4,3.77,3.06,3.49,3.33,3.67,3.62,2.7,2.19,2.03,1.32,0.69,-0.06,-0.17,0.23,0.24,-0.26,-0.5,-0.82,-1.35,-1.33,-1.8,-2.05,-2.05,-2.04,-2.4,-2.93,-3.62,-3.99,-4.43,-4.77,-4.96,-5.16,-4.99,-4.62,-4.47,-4.77,-4.89,-4.71,-4.29,-4.34,-4.27,2.41,7.86,7.35,6.92,6.76,6.28,6.17,5.94,5.6,5.41,5.15,4.45,3.43,1.9,0.29,-1.36,-3.08,-4.65,-5.96,-7.02,-7.82,-8.48,-9.07,-9.52,-9.79,-9.85,-9.8
2.69,2.05,2.37,3.31,3.29,3.09,3.19,2.7,2.04,1.88,2.84,3.74,2.83,2.11,2.14,2.6,2.53,2.65,2.03,1.24,0.92,0.51,0.15,-0.55,-0.76,-0.73,-0.57,-0.48,-0.53,-1.11,-0.92,-0.79,-1.25,-1.49,-1.51,-2,-2.41,-2.36,-2.74,-2.96,-3.07,-3.7,-4.1,-5.1,-5.22,-5.49,-5.05,-4.61,-5.35,-5.06,-5.26,-4.78,-3.61,5.53,6.64,6.41,6.28,5.99,5.82,5.05,4.86,4.65,4.29,4.29,4.06,3.45,2.39,0.88,-0.61,-2.08,-3.36,-4.55,-5.72,-6.82,-7.81,-8.67,-9.36,-10,-10.58,-11.06,-11.23
1.63,2.22,2.65,2.68,2.51,2.35,1.95,1.38,1.65,2.69,3.23,2.41,1.66,1.21,1.7,1.58,1.58,1.55,0.95,0.18,-0.39,-0.57,-1.02,-1.27,-1.48,-1.4,-1.16,-0.87,-0.59,-0.01,-0.53,-0.88,-0.87,-0.58,-0.6,-1.02,-1.64,-2.13,-2.46,-2.94,-3.28,-3.75,-4.35,-4.6,-4.34,-4.26,-4.84,-5.6,-5.62,-5.7,-5.38,0.31,4.01,5.43,5.65,5.37,5.13,5.33,4.51,3.91,3.75,3.35,3.13,3.16,2.95,2.28,1.11,-0.24,-1.51,-2.61,-3.73,-4.86,-6.02,-7.09,-8.06,-8.87,-9.47,-9.87,-10.09,-9.99,-9.79
2.35,2.27,2.12,1.74,1.52,1.36,1.17,1.3,2,2.54,1.9,1.06,0.48,0.52,1.02,0.5,0.75,0.69,0.28,-0.43,-1.09,-1.57,-1.81,-2,-2.26,-2,-1.56,-1.5,-1.15,-1.29,-1.58,-1.84,-1.92,-1.72,-1.32,-1,-1.21,-1.5,-2.04,-2.27,-2.64,-2.84,-3.78,-4.17,-4.43,-4.81,-5.96,-6.05,-6.2,-2.91,3.01,2.68,4.07,5.41,4.51,3.93,4.51,3.89,3.16,2.89,2.33,2.05,2,1.98,1.8,1.08,-0.05,-1.3,-2.39,-3.27,-4.25,-5.2,-6.2,-7.18,-7.92,-8.55,-9.11,-9.53,-9.67,-9.56,-9.27
1.76,1.47,1.43,1.38,0.97,0.86,0.41,1.31,1.44,0.74,0.44,0.14,-0.1,-0.28,-1.27,-0.76,-0.48,-0.24,-0.2,-0.68,-1.21,-2,-2.19,-2.13,-2.34,-2.43,-2.25,-1.08,-0.55,-0.94,-1.12,-1.03,-1.31,-0.98,-1.01,-0.81,-0.63,-0.79,-1.12,-1.46,-1.47,-1.99,-2.85,-4.08,-4.79,-6.03,-7.1,-1.09,3.68,2.51,2.48,3.57,4.41,3.94,3.15,3.15,3.37,2.39,2,2.11,1.2,1.32,1.17,1.03,0.74,0.03,-1.01,-2.11,-3.19,-4.19,-4.96,-5.65,-6.28,-6.97,-7.73,-8.36,-8.72,-9.05,-9.24,-9.16,-8.76
1.23,1.24,1.17,0.59,0.47,0.48,0.84,0.62,0.23,0.02,0.08,0.29,0,-1.01,-1.92,-1.46,-1.09,-0.5,-0.42,-0.68,-1.05,-1.54,-1.92,-2.13,-2.4,-2.65,-1.94,-1.41,-1.02,-0.81,-0.74,-0.85,-0.98,-1.21,-1.79,-2.02,-1.85,-2.73,-1.26,-2.39,-1.26,-2.3,-3.8,-4.59,-1.4,1.81,1.64,1.33,1.07,1.86,3.3,3.58,3.01,2.46,2.19,2.64,1.98,1.38,1.48,1.15,0.75,0.67,0.42,0.19,-0.25,-0.89,-1.76,-2.69,-3.58,-4.45,-5.2,-5.84,-6.45,-7.02,-7.53,-8.15,-8.55,-8.82,-8.96,-9.07,-8.98
0.43,0.27,0.49,0.42,0.44,0.51,-0.04,-0.77,-0.96,-0.74,-0.52,-0.48,-0.54,-0.56,-1.28,-1.96,-1.06,-0.93,-1.12,-0.92,-0.98,-1.46,-1.88,-2.21,-2.3,-2.1,-1.77,-1.75,-1.95,-2.1,-2.31,-2.09,-2.12,-2.41,-2.08,-2.11,-2.37,-2.25,-4.5,-2.51,-4.88,-1.96,1.33,0.51,0.89,0.6,-0.14,-0.24,1,2.5,2.36,1.54,1.35,1.49,1.6,1.81,0.92,0.57,0.81,0.66,0.17,0.14,-0.34,-0.88,-1.28,-1.71,-2.43,-3.16,-3.92,-4.64,-5.29,-5.97,-6.52,-7.11,-7.68,-7.92,-8.2,-8.48,-8.74,-8.8,-8.5
0.85,0.57,-0.36,-1.05,-1.17,-0.96,-0.9,-0.53,-0.48,-0.53,-0.11,0.16,0.23,-0.08,-0.28,-0.88,-1.08,-1.21,-0.99,-1.35,-1.99,-2.4,-2.58,-2.79,-3.06,-2.95,-2.85,-2.68,-2.94,-2.98,-2.59,-2.55,-2.2,-1.54,-1.08,-0.91,-1.63,0.63,-0.15,0.09,-2.21,-2.13,-2.57,2.85,-0.55,-1.42,-1.69,0.22,1.58,0.49,0.37,0.35,0.67,0.66,0.94,0.69,0.11,0.01,0.44,0.19,0.12,-0.77,-0.94,-2.01,-2.19,-2.63,-3.15,-3.64,-4.12,-4.73,-5.38,-5.96,-6.48,-6.83,-7.31,-7.72,-7.87,-8.01,-7.96,-7.75,-7.46
0.82,0.18,-0.83,-1.49,-1.55,-1.29,-1.23,-1.46,-0.9,-0.62,-0.74,0.01,0.19,0.41,0.14,-0.37,-0.64,-0.33,-0.88,-1.51,-2.18,-2.61,-2.63,-3.13,-3.05,-2.78,-2.75,-3.15,-2.53,-3.2,-2.09,-1.13,-1.93,0.55,1.71,1.36,0.61,-0.03,-0.25,-0.9,-1.46,-0.82,1.43,-3.45,-2.6,-1.66,-0.53,0.59,-0.38,-0.51,-0.44,-0.17,-0.24,-0.02,0.32,-0.21,-0.38,-0.21,-0.1,-0.3,-0.69,-1.32,-1.8,-2.44,-3.02,-3.36,-3.58,-3.87,-4.31,-4.58,-5.06,-5.66,-6.06,-6.42,-6.69,-6.99,-7.07,-6.99,-6.88,-6.76,-6.62
