static/gfs.json
{"header": {"discipline":0,"disciplineName":"Meteorological products","gribEdition":2,"gribLength":75785,"center":7,"centerName":"US National Weather Service - NCEP(WMC)","subcenter":0,"refTime":"2016-07-30T06:00:00.000Z","significanceOfRT":1,"significanceOfRTName":"Start of forecast","productStatus":0,"productStatusName":"Operational products","productType":1,"productTypeName":"Forecast products","productDefinitionTemplate":0,"productDefinitionTemplateName":"Analysis/forecast at horizontal level/layer at a point in time","parameterCategory":2,"parameterCategoryName":"Momentum","parameterNumber":3,"parameterNumberName":"V-component_of_wind","parameterUnit":"m.s-1","genProcessType":2,"genProcessTypeName":"Forecast","forecastTime":0,"surface1Type":103,"surface1TypeName":"Specified height level above ground","surface1Value":10.0,"surface2Type":255,"surface2TypeName":"Missing","surface2Value":0.0,"gridDefinitionTemplate":0,"gridDefinitionTemplateName":"Latitude_Longitude","numberPoints":65160,"shape":6,"shapeName":"Earth spherical with radius of 6,371,229.0 m","gridUnits":"degrees","resolution":48,"winds":"true","scanMode":0,"nx":360,"ny":181,"basicAngle":0,"subDivisions":0,"lo1":0.0,"la1":90.0,"lo2":359.0,"la2":-90.0,"dx":1.0,"dy":1.0}, "data":
[rows 111 to 147 of 181, columns 0 to 82 of 360]
4.98,3.42,0.73,2.52,3.93,4.48,4.63,5.1,5.61,5.67,5.8,5.65,5.15,4.48,0.43,-0.7,-1.36,-1.68,0.59,1.63,-0.52,-0.79,-1.01,-2.67,-1.89,-1.67,-0.21,0.36,-0.79,-1.03,0.16,1.29,0.88,1.24,1.17,2.28,2.36,1.8,0.89,-0.24,-0.97,0.12,1.08,1.66,-0.37,-2.82,-0.63,-1.16,-1.11,-6.07,-5.06,-3.98,-3.81,-5.57,-3.3,-0.76,1.22,0.5,1.27,1.32,1.01,1.55,1.2,-0.21,0.19,1.42,1.78,1.63,2.49,2.55,2.37,2.33,2.84,3.06,3.35,4.08,5.44,6.03,6.41,5.57,6.13,5.82,5.28
4.3,4.43,2.9,-0.29,1.87,3.29,3.93,4.17,5.04,5.15,5.34,5.23,4.85,4.28,2.65,-0.7,-1.48,-0.63,-1.36,-0.87,-1.69,-3.13,-1.09,-0.77,-1.92,-1.04,-0.15,1.17,1.59,-0.16,-1.89,1.62,2.14,1.99,0.5,1.57,3.26,3.39,2.82,2.13,2.12,0.73,0.25,1.46,0.13,-0.99,-0.71,-0.7,-3.04,-6.24,-5.95,-5.87,-5.12,-5.35,-1.09,-3.04,-2.32,-0.86,-0.26,0.56,1.33,1.47,1.59,0.93,0.47,0.99,2.26,1.06,1.26,1.7,1.47,1.96,2.4,2.42,2.77,3.29,4.62,5.65,6.54,6.94,7.01,7.52,7.24
4.01,4.3,3.58,4.34,-1.63,1.4,3.21,3.74,4.55,5.09,4.87,4.92,4.33,3.88,2.89,-0.05,-2.04,-3.26,-1.65,-3.77,-3.68,-4.0,-2.86,-1.32,-0.27,-0.78,-0.06,0.47,1.55,2.54,1.16,2.14,2.81,2.33,0.63,0.93,3.82,4.46,4.06,3.15,2.88,2.54,0.0,-1.27,-0.66,-1.14,-2.61,-0.89,-6.71,-6.99,-7.32,-7.11,-4.77,-6.23,-5.75,-4.36,-3.04,-2.02,-1.4,-0.89,-0.5,-0.1,-0.35,-0.62,-0.61,-0.22,0.67,1.1,0.8,0.92,1.02,1.09,1.86,2.48,3.0,3.51,4.28,5.47,6.43,6.47,6.54,7.05,7.34
4.41,4.7,4.71,3.24,-2.34,0.63,2.9,3.82,4.55,4.72,4.75,4.49,3.83,3.02,2.23,-0.04,-1.2,-2.14,-1.74,-1.78,-4.9,-4.64,-3.57,-2.62,-2.03,0.0,1.43,1.5,1.36,2.09,1.28,1.6,2.28,1.41,0.94,1.6,5.06,4.47,4.26,4.1,3.16,2.92,1.69,-2.47,-2.87,-3.04,-2.0,-0.36,-10.02,-8.71,-7.4,-7.43,-7.81,-7.73,-6.98,-5.44,-4.28,-3.11,-2.54,-2.12,-2.08,-1.64,-1.31,-1.1,-0.7,-0.2,-0.26,0.38,-0.13,-0.93,-1.2,0.13,1.33,1.46,1.67,2.56,3.18,4.01,4.53,6.06,5.9,5.84,6.1
4.19,4.89,5.0,2.77,-1.69,1.37,3.31,4.62,4.85,4.65,4.7,4.19,2.87,1.95,1.07,-1.37,-1.14,-0.59,-2.48,-1.53,-2.87,-3.7,-3.52,-2.54,-1.44,-1.41,1.12,1.61,0.34,1.96,2.8,0.22,2.11,1.76,2.8,4.68,5.16,5.12,4.68,4.23,3.71,2.69,2.52,0.34,-3.92,-3.48,-2.84,-0.6,-10.99,-9.67,-8.5,-9.59,-9.29,-8.55,-7.41,-6.44,-5.49,-4.21,-3.47,-3.33,-3.1,-2.78,-2.21,-1.26,-0.36,-0.33,-0.33,-0.04,-0.2,-0.29,0.28,-0.2,0.14,1.06,1.47,1.46,3.17,3.5,3.38,3.09,3.95,4.73,5.31
4.05,4.23,2.62,0.59,1.14,2.99,4.32,4.76,4.44,4.13,4.3,2.89,3.78,1.3,0.42,-2.5,-0.65,-0.91,-0.87,-0.61,-1.34,-1.95,-2.12,-1.23,0.36,0.85,0.96,2.41,2.7,1.8,0.06,1.34,1.28,4.77,4.78,5.81,6.48,6.67,6.19,5.37,4.11,2.86,2.3,2.59,-1.96,-5.39,-3.99,-4.84,-11.46,-10.52,-10.68,-10.43,-9.8,-8.64,-7.73,-7.19,-6.09,-5.57,-5.64,-5.06,-4.13,-3.37,-2.71,-2.39,-1.46,-0.69,-0.92,-0.76,-0.14,0.2,-0.61,-0.88,-0.38,-0.16,1.29,2.52,2.38,3.53,3.78,3.34,3.26,3.06,3.33
3.32,1.66,0.11,1.64,3.08,4.01,4.62,5.13,5.35,3.98,3.2,2.2,2.76,3.02,1.28,-5.89,-1.24,0.1,-1.76,1.86,-0.98,-1.79,-1.48,0.15,1.16,0.42,0.0,0.04,0.94,0.98,1.2,-0.06,-0.2,2.78,5.67,5.92,5.57,5.33,5.53,5.41,4.54,3.08,1.9,2.33,0.62,-4.81,-4.05,-5.49,-10.77,-10.97,-11.61,-10.91,-10.28,-9.29,-8.67,-7.86,-7.22,-7.38,-6.88,-6.78,-5.6,-3.27,-2.45,-2.27,-2.08,-1.14,-1.45,-1.77,-0.92,-0.52,-0.86,-1.29,-0.52,0.22,-0.12,1.05,1.35,2.19,3.03,3.55,3.68,3.5,3.58
0.87,-1.46,0.7,1.41,3.79,5.18,5.68,5.69,5.22,3.82,3.97,0.61,3.42,3.75,1.25,-4.83,-1.92,-0.44,-1.88,-2.01,-1.92,-1.79,-0.5,-0.09,-1.49,-1.53,-0.35,1.44,1.39,-0.7,0.1,-0.13,-0.29,4.06,7.56,6.64,5.62,5.22,4.55,4.02,3.8,2.98,1.32,0.43,0.66,-3.1,-4.11,-5.67,-11.22,-11.96,-12.53,-11.85,-11.11,-9.85,-9.1,-8.16,-8.2,-7.63,-7.81,-7.63,-5.11,-3.73,-3.14,-3.42,-3.33,-2.89,-0.96,0.05,0.27,0.26,0.5,0.99,1.1,1.39,0.58,-0.4,0.24,1.43,2.61,2.38,3.2,3.93,4.08
-1.64,-1.85,-0.25,1.45,4.36,5.06,5.69,5.58,4.92,4.19,4.48,4.29,2.53,3.85,2.76,0.68,-4.08,-2.56,1.67,0.51,0.18,-0.62,0.78,-2.08,-1.98,-1.3,0.52,1.14,1.76,2.04,1.38,-0.17,1.33,7.6,6.89,5.56,5.34,5.09,4.49,3.85,3.09,2.38,1.09,-1.34,-1.68,-1.9,-2.74,-4.92,-9.37,-12.6,-12.86,-12.88,-12.12,-10.82,-9.34,-8.69,-8.13,-7.51,-8.81,-7.61,-5.99,-4.96,-4.46,-4.8,-4.82,-3.36,-1.8,-0.8,-1.07,-0.8,0.17,1.02,0.96,0.81,1.34,1.05,1.38,1.28,1.61,1.7,2.03,2.55,3.36
-4.12,-2.05,-1.35,1.05,3.59,5.23,6.93,6.41,4.76,4.81,3.22,1.64,4.15,3.97,4.42,3.21,-1.32,-2.64,0.4,-2.86,-1.6,0.04,-1.17,-0.99,-0.53,0.44,1.22,1.07,0.59,-0.98,-0.86,2.38,9.78,8.12,7.38,6.98,6.57,5.69,4.52,3.35,2.4,1.31,-0.34,-2.29,-3.32,-3.08,-2.53,-3.84,-5.48,-9.05,-13.57,-14.43,-12.31,-10.04,-9.35,-8.62,-9.36,-8.8,-7.65,-7.16,-6.46,-4.96,-3.86,-3.91,-5.78,-3.98,-2.96,-2.03,-1.04,-0.92,-0.18,0.53,1.46,0.37,-0.61,0.17,1.37,1.5,1.51,1.59,2.89,3.45,4.04
-5.25,-3.51,-1.86,0.18,2.83,4.57,7.01,6.18,3.33,2.6,2.87,4.36,4.48,4.68,5.14,4.89,3.24,-0.85,-2.52,-2.85,0.99,-0.34,0.35,1.59,0.56,0.83,1.33,0.16,-0.19,0.1,1.48,9.9,8.28,7.72,7.27,6.93,6.93,6.56,5.92,4.62,1.9,-0.47,-1.88,-3.11,-5.33,-4.62,-3.27,-3.29,-4.22,-6.63,-12.81,-15.03,-12.19,-10.38,-9.73,-9.54,-9.87,-8.95,-8.08,-7.25,-6.65,-5.66,-4.49,-4.99,-6.11,-4.86,-3.83,-3.21,-2.02,-1.22,-0.96,-1.3,-0.92,-0.34,0.91,0.32,1.33,1.6,2.41,3.46,3.8,4.13,4.45
-6.16,-4.5,-2.73,-0.89,1.57,2.81,5.33,5.98,2.69,3.12,4.16,4.15,4.23,4.67,4.81,4.73,3.99,1.85,-2.02,0.75,-2.01,1.57,1.47,0.55,0.27,1.28,-0.18,-0.06,0.71,2.55,8.74,8.74,8.59,8.42,7.97,7.96,7.24,6.61,6.79,5.81,3.12,-0.88,-3.84,-5.51,-6.86,-5.49,-4.18,-3.54,-4.94,-7.54,-11.46,-15.1,-12.72,-11.43,-10.63,-10.79,-10.18,-9.56,-8.85,-7.98,-6.75,-6.34,-5.39,-5.48,-5.61,-4.81,-4.22,-3.41,-2.87,-2.18,-1.78,-1.16,-0.56,0.29,1.07,0.75,0.61,0.78,2.18,3.02,3.68,4.16,4.51
-7.08,-5.23,-3.96,-2.38,-0.11,1.43,3.32,4.79,4.45,3.55,3.52,4.04,3.61,3.05,4.38,4.72,3.37,2.34,0.7,-0.69,2.01,-0.45,0.77,1.58,0.59,0.05,1.15,-1.02,4.71,7.92,9.18,9.56,9.87,9.95,9.64,8.47,7.63,7.58,8.31,7.16,4.2,-1.87,-6.53,-7.64,-7.11,-5.82,-3.9,-3.5,-4.84,-7.69,-11.84,-15.01,-13.28,-10.54,-10.76,-11.83,-11.09,-10.25,-10.01,-8.75,-7.83,-7.13,-6.86,-6.07,-5.17,-4.98,-3.9,-3.31,-3.79,-3.13,-2.09,0.36,-0.63,-0.41,0.52,1.85,1.93,2.94,3.13,3.48,3.75,3.97,4.27
-7.85,-5.94,-5.54,-3.12,-2.16,0.37,1.94,3.74,3.78,2.06,3.25,2.95,3.18,4.12,4.85,4.85,4.63,3.28,1.79,-1.11,-0.69,-0.79,0.63,0.52,1.23,1.3,4.56,7.18,8.79,9.97,10.2,10.8,11.51,12.18,11.43,9.02,7.84,8.31,9.6,8.42,6.78,-1.12,-8.08,-7.38,-7.18,-5.14,-2.91,-3.46,-5.79,-8.8,-13.37,-16.16,-12.6,-9.96,-10.48,-12.08,-11.49,-10.81,-10.49,-10.21,-9.01,-7.93,-7.76,-7.0,-5.85,-4.76,-4.46,-3.19,-2.94,-2.51,-2.25,-1.01,0.19,0.86,1.04,1.04,1.96,2.27,2.67,2.98,4.08,4.38,4.91
-7.18,-6.91,-5.72,-5.74,-2.94,-0.97,0.64,1.46,2.02,1.9,2.49,3.09,3.37,3.59,3.89,4.34,3.32,2.06,0.67,-0.46,-0.25,1.0,2.77,4.64,6.04,7.72,9.35,10.28,10.22,11.34,12.19,12.46,13.42,13.96,12.52,9.82,8.04,9.4,7.69,7.48,6.36,-1.13,-4.71,-6.42,-5.27,-3.11,-2.61,-4.53,-7.07,-10.9,-13.72,-12.42,-11.78,-10.73,-10.96,-11.72,-11.07,-10.94,-11.1,-10.84,-9.51,-8.91,-8.6,-7.28,-5.51,-4.98,-4.3,-4.24,-2.69,-1.04,-1.97,-2.33,-1.46,-1.5,-0.07,0.94,0.95,2.33,2.72,3.05,3.37,4.1,4.62
-8.14,-7.35,-6.65,-5.82,-4.06,-2.33,-0.95,0.5,1.2,1.55,1.91,1.57,1.85,2.67,2.88,3.71,3.62,1.82,0.64,0.48,1.02,2.65,4.16,5.97,6.78,7.92,8.92,10.41,11.95,12.63,13.66,13.79,14.32,15.5,13.48,9.52,5.96,8.84,7.8,8.83,7.39,3.22,-0.33,-1.82,-1.97,-2.24,-3.86,-8.02,-8.14,-11.68,-12.78,-13.72,-13.2,-13.03,-12.84,-11.9,-10.9,-10.66,-11.42,-10.99,-10.28,-10.05,-9.5,-7.42,-5.78,-4.92,-4.3,-3.43,-2.12,-1.3,-1.61,-1.59,-1.61,-0.37,0.36,0.86,1.53,1.63,1.99,2.74,3.1,3.61,3.99
-10.15,-9.06,-8.39,-5.93,-3.77,-2.39,-2.51,-1.36,0.01,1.33,2.55,1.09,1.3,1.62,2.27,2.45,2.89,3.01,2.53,2.28,2.3,2.95,3.89,4.79,6.4,8.31,9.96,11.33,11.64,12.2,13.27,14.64,15.58,17.35,15.91,6.47,5.43,6.97,6.91,7.01,7.58,6.79,3.29,0.54,-0.86,-1.02,-10.1,-10.65,-11.5,-12.61,-13.53,-13.39,-13.29,-13.36,-13.58,-12.49,-11.06,-10.61,-10.59,-10.89,-10.99,-10.65,-9.93,-8.48,-6.25,-5.13,-4.36,-3.57,-3.21,-2.82,-2.48,-1.69,-0.63,-0.11,0.32,1.29,1.32,1.37,1.82,1.83,2.79,3.03,3.04
-10.53,-9.76,-9.15,-7.68,-6.06,-4.69,-4.61,-3.5,-1.9,0.32,1.48,0.32,0.46,0.98,1.19,0.81,1.46,1.76,2.16,2.44,2.88,3.17,4.1,5.57,6.7,7.93,9.06,9.67,10.73,11.95,13.33,14.81,15.95,17.61,14.59,10.44,9.36,8.35,7.61,7.34,7.77,7.68,6.45,3.78,1.57,-1.17,-11.63,-13.26,-13.92,-12.38,-11.5,-12.66,-12.49,-11.62,-12.78,-12.99,-12.03,-10.43,-9.95,-10.44,-10.78,-11.01,-10.47,-8.91,-6.93,-5.77,-4.26,-2.84,-2.39,-2.0,-1.77,-1.25,-0.57,-0.15,0.59,0.87,0.89,1.16,0.93,1.04,2.28,1.81,2.68
-11.82,-9.97,-9.32,-8.69,-7.14,-5.82,-5.78,-4.72,-3.89,-3.18,-1.85,-1.85,-1.08,-0.74,0.04,0.09,0.67,1.47,1.98,2.43,3.07,3.68,4.36,5.44,6.45,7.5,8.62,9.75,10.65,11.86,13.29,14.37,15.61,16.25,15.02,12.95,12.54,12.34,10.54,9.48,9.82,9.33,8.86,6.78,4.37,-2.04,-7.83,-12.94,-12.93,-11.0,-9.49,-11.45,-11.36,-10.25,-11.66,-12.7,-12.18,-11.09,-10.17,-10.75,-10.59,-10.68,-9.96,-8.37,-6.66,-5.98,-4.49,-3.41,-2.87,-2.33,-1.91,-1.48,-1.16,-0.38,0.34,0.36,0.25,0.75,0.47,0.84,0.82,1.12,2.02
-11.88,-10.07,-9.32,-8.61,-8.57,-7.35,-7.46,-6.69,-5.79,-5.02,-5.33,-4.67,-3.97,-3.52,-2.86,-1.92,-0.91,0.33,1.4,2.28,3.15,3.57,4.62,5.03,5.58,6.61,8.04,9.23,10.38,11.34,12.54,13.68,14.44,14.75,14.56,13.73,13.52,13.62,13.08,12.11,11.72,11.08,11.19,10.97,9.76,0.94,-7.88,-9.71,-9.53,-10.02,-7.88,-10.07,-10.53,-11.48,-11.48,-11.74,-11.78,-10.89,-10.18,-10.33,-10.42,-9.8,-9.34,-7.28,-6.54,-5.63,-4.53,-3.81,-2.83,-2.27,-1.92,-1.84,-1.41,-0.35,-0.21,-0.4,0.4,0.49,0.23,0.42,0.12,0.44,1.32
-12.44,-11.19,-10.24,-9.42,-9.68,-9.53,-9.28,-7.14,-6.96,-6.26,-5.55,-5.8,-5.8,-4.82,-4.16,-3.27,-2.27,-1.01,0.31,1.46,2.42,3.55,4.5,5.28,5.8,6.61,7.65,8.7,9.68,10.79,11.76,12.76,13.66,13.97,14.39,14.51,14.44,14.66,14.29,13.87,13.18,13.09,13.18,12.96,12.15,4.97,-6.09,-6.96,-6.99,-7.62,-10.33,-9.71,-9.83,-11.01,-10.94,-10.65,-10.97,-10.59,-10.45,-11.0,-10.19,-9.62,-8.48,-7.29,-5.95,-4.93,-4.18,-3.51,-2.56,-1.97,-2.19,-2.09,-1.78,-1.1,-0.75,-0.56,0.43,0.89,0.32,-0.21,-0.38,-0.18,0.39
-14.07,-12.82,-11.79,-10.71,-9.87,-10.28,-9.76,-9.7,-8.01,-6.02,-6.5,-6.0,-5.08,-4.84,-4.65,-3.46,-2.65,-1.72,-0.55,0.77,2.09,2.95,3.91,4.93,5.61,6.41,7.43,8.76,9.91,10.72,11.68,12.57,13.27,13.69,14.11,14.27,14.29,14.42,14.72,14.77,15.04,15.18,14.77,14.47,14.55,10.66,-7.07,-6.89,-7.46,-7.91,-8.48,-7.35,-6.8,-6.6,-7.34,-7.56,-8.87,-10.66,-11.43,-11.2,-11.09,-10.63,-9.06,-7.44,-6.34,-5.18,-4.49,-3.73,-2.84,-2.41,-1.99,-2.26,-2.71,-2.61,-2.09,-0.95,0.13,0.39,-0.27,-0.64,-0.8,-0.69,-0.26
-15.53,-14.55,-13.42,-12.21,-11.41,-10.57,-9.21,-8.74,-8.25,-7.9,-6.97,-7.11,-6.36,-5.77,-4.94,-4.13,-3.22,-2.38,-1.66,-0.63,0.8,2.37,3.61,4.71,5.67,6.44,7.29,8.29,9.4,10.54,11.25,12.36,12.93,13.48,13.9,14.07,14.04,14.17,14.19,14.54,14.96,15.08,15.06,14.89,14.64,14.51,13.56,2.29,-9.36,-9.25,-9.56,-7.96,-6.9,-6.79,-8.66,-9.1,-9.66,-9.47,-9.86,-10.49,-10.7,-9.94,-9.56,-8.6,-7.65,-6.33,-6.44,-5.66,-4.48,-3.66,-3.34,-3.19,-3.21,-3.19,-2.63,-1.74,-0.62,0.25,0.45,0.05,-0.28,-0.46,-0.65
-16.73,-15.77,-14.61,-13.5,-12.56,-11.72,-10.63,-9.7,-9.16,-8.53,-8.01,-8.69,-8.27,-7.73,-6.74,-5.39,-4.12,-3.28,-2.71,-1.81,-0.59,0.73,2.33,3.74,5.16,6.08,7.0,7.85,8.7,9.48,10.47,11.17,11.91,12.66,13.05,13.17,13.28,13.72,14.34,14.5,14.58,14.67,14.55,14.59,14.56,14.5,13.72,12.93,11.0,1.79,-9.16,-9.34,-8.38,-9.02,-8.95,-10.17,-11.3,-10.73,-8.83,-8.34,-8.43,-9.86,-9.91,-8.79,-8.03,-7.17,-6.85,-6.94,-5.07,-3.0,-1.92,-1.88,-3.06,-3.34,-3.01,-2.33,-1.26,-0.48,-0.13,-0.06,-0.15,-0.79,-1.08
-17.92,-16.3,-14.97,-14.15,-13.76,-12.59,-11.2,-10.56,-10.93,-10.91,-10.42,-10.32,-10.51,-9.43,-8.07,-7.11,-6.04,-5.44,-4.95,-4.03,-2.23,-0.93,0.24,1.83,3.29,4.88,5.93,6.79,7.75,8.83,9.75,10.64,11.48,12.09,12.59,12.84,13.08,13.29,13.49,13.64,13.74,14.31,14.66,14.65,14.34,13.82,13.41,13.06,12.12,12.26,10.47,3.34,-4.63,-9.37,-10.2,-11.66,-12.46,-12.4,-11.97,-10.9,-9.03,-6.68,-6.99,-7.01,-6.01,-5.61,-6.6,-7.95,-7.37,-5.66,-3.38,-2.09,-2.36,-2.93,-2.94,-2.83,-2.87,-1.54,-0.55,-0.24,-0.41,-0.79,-1.39
-17.64,-17.52,-16.22,-15.22,-14.94,-13.7,-12.42,-12.19,-12.31,-11.48,-11.23,-11.31,-11.05,-10.47,-8.56,-7.06,-6.38,-6.31,-6.13,-5.56,-4.38,-2.77,-0.9,0.74,1.98,3.47,5.04,6.2,7.37,8.47,9.4,10.43,11.09,11.56,12.1,12.63,12.9,13.03,13.19,13.76,14.14,14.24,14.12,14.04,13.74,13.69,13.49,12.54,11.44,11.18,10.99,10.84,10.55,7.16,0.03,-5.92,-9.94,-12.06,-12.78,-12.69,-12.34,-11.46,-10.66,-9.08,-7.97,-7.46,-7.16,-7.28,-7.17,-6.02,-4.27,-2.56,-1.88,-1.44,-1.37,-1.92,-2.55,-2.28,-1.69,-1.52,-1.72,-2.04,-1.93
-16.82,-18.32,-17.71,-16.45,-15.4,-14.56,-14.32,-13.78,-13.4,-12.57,-11.46,-11.97,-11.84,-10.78,-9.75,-8.36,-7.31,-6.91,-7.19,-6.77,-5.81,-4.53,-3.21,-1.26,0.96,2.42,3.95,5.35,6.58,7.75,8.69,9.54,10.2,10.71,11.08,11.46,11.66,11.9,12.53,13.26,14.12,14.5,14.6,14.43,14.1,13.47,12.49,11.26,10.47,9.99,9.5,9.39,8.92,8.28,7.83,8.04,3.42,-3.91,-7.82,-10.7,-11.79,-11.2,-11.04,-11.12,-10.75,-10.11,-9.91,-9.24,-8.04,-6.92,-5.69,-4.87,-4.08,-3.4,-3.15,-3.03,-2.73,-2.78,-3.44,-4.04,-3.97,-3.99,-3.91
-16.95,-17.2,-17.53,-16.91,-16.76,-15.66,-15.05,-14.49,-14.14,-13.02,-12.62,-12.03,-12.14,-11.92,-11.35,-10.16,-9.28,-8.57,-8.07,-7.49,-6.73,-5.62,-4.23,-3.18,-0.93,1.05,2.6,3.96,5.08,6.42,7.92,8.97,9.68,10.15,10.93,11.59,12.07,12.34,12.55,12.73,13.1,13.36,13.35,13.0,12.54,12.2,11.59,10.75,9.88,8.66,7.7,7.48,7.39,7.45,6.95,6.25,5.86,6.12,5.81,0.9,-5.17,-8.25,-10.18,-11.01,-10.69,-10.37,-10.32,-9.92,-9.43,-8.42,-7.23,-6.14,-5.11,-5.11,-4.76,-4.07,-3.75,-3.87,-4.05,-3.9,-3.97,-4.22,-3.48
-17.41,-16.9,-16.61,-16.18,-15.86,-16.11,-15.45,-14.82,-14.53,-13.69,-13.01,-13.12,-13.09,-12.74,-12.39,-11.42,-10.41,-9.87,-9.09,-7.83,-6.79,-5.93,-4.77,-3.84,-2.05,-0.21,1.31,2.75,4.15,5.59,6.99,8.16,8.93,9.98,10.68,11.08,11.78,12.36,12.81,13.03,13.23,13.63,13.64,13.03,11.8,10.51,9.37,8.7,8.38,7.78,6.93,6.0,5.46,5.37,5.47,5.74,5.78,5.22,4.61,4.21,3.82,2.7,-2.52,-7.95,-9.75,-10.31,-10.61,-10.81,-10.65,-9.2,-8.76,-7.16,-6.49,-5.73,-4.99,-4.46,-4.3,-4.75,-4.55,-4.33,-3.97,-3.6,-3.48
-16.61,-16.64,-16.52,-15.91,-16.26,-16.18,-16.17,-15.65,-14.85,-14.52,-13.79,-13.16,-13.51,-13.97,-13.22,-12.55,-11.86,-10.97,-9.88,-8.88,-8.03,-7.07,-6.07,-5.06,-3.65,-2.26,-0.24,1.51,3.17,4.42,5.95,6.96,8.02,9.28,9.98,10.55,11.37,12.17,12.86,13.48,14.19,14.72,14.69,13.79,12.53,10.66,8.65,7.54,6.67,6.27,6.14,5.65,4.84,4.77,4.08,3.79,3.96,4.61,5.01,4.83,4.05,2.83,0.81,-0.75,-2.9,-7.44,-9.9,-10.65,-11.28,-11.68,-8.4,-7.8,-7.1,-6.63,-6.35,-6.11,-6.16,-6.02,-5.23,-4.45,-3.96,-3.3,-2.75
-15.99,-16.67,-16.99,-17.03,-16.31,-16.28,-16.49,-16.06,-15.63,-15.22,-14.61,-13.88,-12.92,-12.89,-13.57,-13.4,-12.67,-11.88,-10.91,-10.07,-9.29,-8.5,-7.95,-7.01,-5.44,-3.7,-1.8,-0.25,0.93,2.71,4.49,5.71,7.17,8.34,9.27,10.33,11.18,12.0,12.81,13.65,14.74,15.36,15.66,14.88,13.07,10.8,8.52,6.57,5.82,5.76,5.35,5.74,5.2,4.36,4.17,4.02,4.3,4.38,4.29,3.93,3.36,2.79,2.43,1.47,-0.58,-2.75,-4.48,-7.68,-9.74,-9.84,-9.81,-8.4,-8.53,-8.07,-7.55,-7.51,-7.75,-7.64,-6.93,-5.99,-4.75,-3.28,-2.62
-15.25,-16.1,-16.75,-16.69,-16.9,-16.52,-16.83,-16.73,-16.15,-15.55,-14.97,-14.63,-13.98,-13.57,-13.43,-13.15,-13.04,-12.4,-11.85,-11.73,-11.27,-10.41,-9.72,-8.96,-7.58,-5.56,-3.11,-2.37,-0.87,2.01,3.66,5.24,6.69,7.78,8.94,10.07,10.97,11.67,12.43,13.35,14.42,14.84,13.49,14.53,12.99,11.29,9.02,7.47,5.86,6.37,6.2,5.87,4.81,4.03,4.09,3.9,3.93,4.02,3.89,3.33,2.58,1.73,0.8,0.12,-0.07,-0.28,-1.37,-3.89,-5.73,-7.15,-8.17,-8.56,-7.82,-7.28,-7.54,-7.82,-8.37,-8.41,-7.88,-7.14,-6.1,-4.71,-3.75
-14.99,-15.0,-15.55,-16.28,-16.29,-16.35,-15.62,-15.54,-15.69,-15.51,-14.46,-13.51,-13.4,-13.28,-12.73,-12.34,-12.46,-12.92,-13.33,-12.96,-12.19,-11.41,-10.73,-10.22,-9.35,-7.61,-5.39,-3.97,-1.05,1.39,2.92,4.63,5.98,7.34,8.67,9.82,10.79,11.46,11.97,12.94,13.86,14.6,14.85,14.31,13.13,11.23,9.05,7.74,6.93,6.9,6.42,5.3,5.47,5.23,4.89,4.8,4.59,4.6,4.06,3.13,1.98,0.54,-0.6,-1.08,-1.39,-2.13,-2.61,-1.57,-0.99,-3.24,-5.44,-6.11,-6.54,-6.72,-6.98,-7.35,-7.97,-8.21,-8.13,-7.41,-6.17,-5.06,-4.73
-14.43,-14.12,-14.71,-14.94,-15.56,-15.22,-15.41,-15.8,-15.53,-14.42,-13.93,-13.8,-13.04,-12.12,-12.02,-12.03,-11.64,-11.48,-11.78,-12.36,-12.56,-12.27,-11.4,-10.91,-10.81,-9.7,-7.61,-4.79,-1.48,1.05,2.68,4.26,5.67,7.1,8.49,9.83,10.73,11.27,11.61,12.49,12.98,13.18,13.46,13.6,13.08,11.08,9.96,8.77,7.8,7.24,7.31,7.29,6.34,5.98,5.51,4.95,4.75,5.08,5.18,4.66,3.99,2.44,0.49,-0.94,-1.46,-1.58,-2.08,-2.67,-3.24,-3.35,-2.72,-2.96,-4.15,-5.25,-6.26,-6.72,-7.1,-7.64,-7.63,-6.96,-6.17,-5.49,-7.13
-13.07,-10.98,-11.53,-12.6,-12.13,-13.06,-13.72,-13.92,-14.1,-14.24,-14.81,-13.92,-12.91,-12.54,-12.54,-12.06,-11.4,-10.93,-10.7,-10.61,-11.24,-12.03,-12.53,-12.44,-11.6,-10.09,-7.37,-4.21,-1.24,0.88,2.77,4.38,5.91,7.37,8.89,10.06,10.62,10.74,11.23,11.87,11.9,11.6,11.65,11.48,11.0,11.12,10.9,10.07,10.11,10.21,9.88,9.11,7.96,6.79,6.22,6.42,6.3,5.86,5.2,5.57,6.19,6.05,1.66,-1.82,-2.13,-1.97,-2.5,-3.16,-3.58,-4.13,-4.47,-4.42,-4.23,-4.85,-5.95,-7.04,-7.72,-7.74,-7.11,-6.73,-5.63,-8.81,-12.58
-12.28,-11.49,-10.33,-10.65,-10.59,-10.23,-10.53,-11.33,-11.03,-11.25,-11.27,-12.16,-12.34,-12.27,-11.8,-11.52,-11.46,-11.62,-11.5,-11.5,-11.72,-11.44,-11.35,-10.95,-9.91,-7.85,-5.02,-2.19,-0.34,1.27,3.18,5.01,6.78,8.38,9.68,10.08,10.17,10.55,10.91,11.18,11.07,9.98,9.63,9.66,9.99,10.33,10.94,11.72,11.73,11.87,11.16,10.57,9.83,8.63,7.93,7.96,8.29,8.4,7.56,7.1,7.63,7.73,7.41,6.86,5.98,4.54,2.78,1.53,1.04,0.8,-0.67,-1.86,-3.22,-5.33,-7.06,-7.71,-7.56,-7.08,-6.56,-6.36,-11.28,-11.9,-10.13
-10.17,-9.75,-9.22,-9.03,-8.8,-8.74,-8.9,-9.25,-9.55,-9.59,-9.53,-9.48,-9.91,-10.23,-10.1,-10.41,-10.38,-9.97,-9.97,-10.64,-10.98,-10.62,-10.05,-9.32,-7.18,-4.66,-2.35,-0.65,0.73,2.36,4.25,6.44,8.22,9.51,10.15,10.38,10.6,10.85,10.9,10.56,9.13,8.23,7.84,8.18,8.92,10.12,10.52,12.18,10.04,7.42,9.84,10.95,11.65,11.62,11.36,11.24,11.49,11.68,11.56,11.45,11.15,10.54,10.32,11.03,10.51,9.21,6.28,2.29,-0.92,-2.53,-1.75,-0.54,-3.33,-5.74,-5.6,-5.67,-5.68,-6.03,-9.35,-11.6,-10.28,-8.32,-5.71
