static/gfs.json
{"header": {"discipline":0,"disciplineName":"Meteorological products","gribEdition":2,"gribLength":76070,"center":7,"centerName":"US National Weather Service - NCEP(WMC)","subcenter":0,"refTime":"2017-04-20T18:00:00.000Z","significanceOfRT":1,"significanceOfRTName":"Start of forecast","productStatus":0,"productStatusName":"Operational products","productType":1,"productTypeName":"Forecast products","productDefinitionTemplate":0,"productDefinitionTemplateName":"Analysis/forecast at horizontal level/layer at a point in time","parameterCategory":2,"parameterCategoryName":"Momentum","parameterNumber":2,"parameterNumberName":"U-component_of_wind","parameterUnit":"m.s-1","genProcessType":2,"genProcessTypeName":"Forecast","forecastTime":0,"surface1Type":103,"surface1TypeName":"Specified height level above ground","surface1Value":10,"surface2Type":255,"surface2TypeName":"Missing","surface2Value":0,"gridDefinitionTemplate":0,"gridDefinitionTemplateName":"Latitude_Longitude","numberPoints":65160,"shape":6,"shapeName":"Earth spherical with radius of 6,371,229.0 m","gridUnits":"degrees","resolution":48,"winds":"true","scanMode":0,"nx":360,"ny":181,"basicAngle":0,"subDivisions":0,"lo1":0,"la1":90,"lo2":359,"la2":-90,"dx":1,"dy":1,"convert-by":"Asper","site":"https://airmap.g0v.asper.tw"}, "data":
[rows 140 to 174 of 181, columns 0 to 78 of 360]
-1.38,-2.28,-3.02,-3.73,-4.55,-5.07,-5.67,-6.42,-7.11,-7.37,-7.6,-7.52,-7.17,-7.13,-7.16,-7.28,-7.31,-7.04,-6.74,-6.34,-5.93,-5.54,-5.01,-4.36,-3.67,-2.69,-1.49,-0.5,0.48,1.41,2.54,3.34,4.3,4.94,5.44,6.23,7.37,8.57,9.57,10.44,11.61,12.99,14.31,15.26,16.12,16.52,16.49,16.22,15.47,14.4,13.44,12.88,12.53,12.37,12.27,12.18,12.13,12.27,12.52,12.49,12.33,12.42,12.61,12.57,12.58,12.22,12.03,11.87,11.65,12.47,12.55,11.97,11.33,11.48,12.14,11.86,11.75,12.1,12.6
1.81,0.29,-0.61,-1.72,-1.68,-2.34,-3.79,-5.04,-5.74,-6.14,-6.28,-6.34,-6.25,-6.01,-5.87,-5.86,-5.75,-5.5,-5.13,-4.68,-4.18,-3.37,-2.37,-1.36,-0.44,0.38,1.07,1.82,2.56,3.36,4.07,4.79,5.44,6.09,6.7,7.23,7.71,8.22,8.5,9.08,9.75,10.92,12.16,13.44,14.66,15.72,16.37,16.61,16.65,15.96,14.57,13.29,12.37,11.94,12.11,12.54,12.81,12.77,12.62,12.58,12.71,12.82,12.92,13.2,12.93,12.39,11.67,11.32,11.44,12.06,12.31,12.25,12.26,11.95,11.38,11.19,11.36,11.49,12.34
3.2,1.96,0.98,0.47,-0.02,-0.82,-1.69,-2.57,-2.99,-3.11,-3.17,-3.08,-2.88,-2.65,-2.41,-2.15,-1.88,-1.58,-1.19,-0.54,0.24,1.18,2.09,2.74,3.21,3.6,3.95,4.37,4.89,5.51,6.06,6.63,7.2,7.66,8.06,8.38,8.75,9.16,9.54,9.45,9.79,10.51,10.39,10.74,11.27,12.22,13.6,14.56,14.56,13.59,12.31,11.19,10.92,11.44,12.24,12.9,13.45,13.88,14.15,14.16,14.05,13.82,13.52,13.48,13.2,12.59,12.2,11.79,11.68,12.08,12.06,12.32,12.43,12.45,12.15,11.46,11.63,11.68,11.78
4.9,4.02,3.35,3.03,2.65,1.89,1.08,0.59,0.32,0.37,0.82,1.37,1.82,2.07,2.16,2.21,2.29,2.38,2.58,3,3.44,4.08,4.71,5.13,5.34,5.51,5.74,6.18,6.78,7.5,8.07,8.67,9.19,9.71,10.13,10.5,10.73,10.82,10.76,10.48,10.08,9.76,9.66,9.73,9.87,9.86,9.85,9.92,9.77,9.63,9.67,10.29,11.23,12.21,13.17,13.88,14.31,14.5,14.59,14.51,14.21,14.07,14.07,13.83,13.31,12.99,12.61,12.25,11.97,11.85,11.5,11.58,11.78,11.64,12.06,11.7,11.99,11.95,11.55
6.84,6.59,6.37,6.06,5.55,4.95,4.36,3.88,3.41,3.08,3.11,3.59,4.16,4.64,4.97,5.12,5.16,5.18,5.31,5.57,5.84,6.03,6.4,6.6,6.75,6.96,7.47,7.95,8.61,9.73,10.25,10.37,10.67,10.97,11.32,11.99,12.3,12.11,11.79,11.32,10.98,10.6,10.2,9.55,8.89,7.88,7.48,8.38,9.27,9.87,10.25,10.72,11.21,11.82,12.46,12.95,13.19,13.27,13.35,13.58,13.71,13.52,13.48,13.48,13.27,12.74,12.29,12.1,11.67,11.3,11.07,11.32,11.72,12.38,12.77,12.43,11.96,11.4,11.7
8.37,8.32,8.5,8.53,8.37,8.01,7.38,6.75,6.15,5.77,5.6,5.85,6.31,6.68,6.98,7.28,7.55,7.75,7.94,7.93,7.88,7.91,7.9,8.05,8.34,8.89,9.15,9.85,10.81,11.24,11.26,11.11,11.11,11.37,11.56,11.71,12.02,12.09,11.69,11.29,10.82,10.69,10.61,10.37,10.14,9.66,9.43,8.96,8.27,7.87,7.89,8.32,9.04,9.85,10.5,10.89,11.1,11.19,11.24,11.58,12.01,12.31,12.41,12.23,12.05,11.62,10.89,10.29,10.37,10.63,10.98,10.59,10.09,10.22,10.83,11.47,11.71,12.29,13.07
9.95,9.84,9.67,9.77,9.84,9.9,9.86,9.55,9.14,8.97,8.77,8.41,8.6,9,9.39,9.73,10.01,10.17,10.21,10.22,10.14,10.04,10,10.21,10.44,10.96,11.19,11.88,12.37,12.36,12,11.85,11.74,11.81,11.65,11.44,11.14,10.94,10.47,10.43,10.46,10.38,10.55,10.64,10.65,10.72,10.59,10.4,10.14,9.88,9.87,9.94,10.05,10.03,9.96,9.99,10.04,10.04,10.02,10.29,10.52,10.84,10.98,10.96,10.71,10.47,9.72,8.99,8.9,9.6,9.33,9.27,9.37,9.97,10.49,11.11,11.96,12.96,13.98
11.07,10.78,10.74,10.7,10.72,11.15,11.5,11.33,11.45,11.55,11.42,11.14,11.01,11.09,11.47,11.73,11.91,12.07,12.18,12.19,12.12,12.26,12.25,12.45,12.8,12.27,12.85,13.18,13.21,12.73,12.26,11.75,11.39,11.35,11.11,10.72,10.13,9.98,9.59,9.41,9.62,9.84,10.09,10.38,10.81,11.2,11.54,11.82,11.89,11.74,11.43,11.05,10.66,10.26,10.06,9.86,9.76,9.62,9.3,9.53,10.17,10.92,11.11,11.06,10.82,10.33,9.32,7.66,7.28,8.11,8.92,8.44,8.6,8.21,9.31,11.1,11.29,11.78,13.29
11.78,11.45,11.04,11.2,11.29,11.58,11.92,12.26,12.47,12.32,12.52,12.57,12.65,12.92,13.34,13.26,13.24,13.38,13.5,13.62,13.64,13.65,13.65,13.95,13.33,13.31,13.29,13.01,12.6,12.05,11.9,11.78,11.58,11.19,10.68,10.18,9.66,9.17,9.02,9.22,9.55,9.91,10.29,10.72,11.13,11.5,11.95,12.31,12.53,12.71,12.69,12.47,12.14,11.68,10.96,10.46,10.59,10.72,10.97,11.28,11.43,10.85,9.85,9.46,9.79,9.28,6.85,5.34,6.77,6.68,6.5,6.27,8.01,9.69,7.47,7.9,9.56,9.72,7.63
11.88,11.7,11.42,11.32,11.66,11.7,11.82,12.16,12.54,12.78,13.51,13.84,13.93,14.13,14.65,14.92,14.97,14.58,14.59,14.63,14.64,14.7,14.73,14.25,13.85,13.46,12.97,12.31,12.16,12.48,12.07,11.31,10.99,10.9,10.57,9.96,9.39,8.86,8.18,7.9,7.98,8.28,8.57,8.91,9.53,10.17,10.69,11.01,11.4,11.61,11.58,11.33,10.82,10.87,11.56,12.09,12.21,12.13,11.93,11.69,11.52,11.53,10.96,10.02,9.18,8.13,5.49,5.18,5.25,6.25,6.59,6.81,-2.22,-2.84,-2.56,-4.09,-4.19,-6.32,-3.22
11.45,11.33,11.17,11.27,11.47,11.81,12.22,12.66,12.89,13.15,13.46,13.83,14,14.13,14.43,14.72,14.91,15.11,15.24,15.15,15.03,14.96,14.79,14.4,13.98,13.56,12.75,12.53,12.4,11.59,10.68,10.12,9.83,9.94,9.71,8.98,7.88,7.27,7.33,7,6.6,6.7,7.1,7.72,8.53,9.16,9.64,9.73,9.65,9.81,10.27,10.39,10.38,10.46,10.73,10.78,10.77,10.64,10.26,9.78,9.41,8.86,7.73,7.5,7.68,6.91,4.67,3.45,4.64,6.31,3.14,-5.11,-3.57,-3.47,-2.91,-2.28,-2.11,-1.91,-2.49
11.35,11.29,11.11,11.29,11.63,12.09,12.6,12.97,13.3,13.42,13.62,13.78,13.9,13.98,14.14,14.35,14.54,14.75,14.88,14.97,14.95,14.76,14.59,14.32,13.95,13.19,12.35,12.21,11.83,10.95,10.18,9.78,9.89,9.93,9.31,9.02,9.04,8.37,7.07,6.45,6.8,7.58,8.46,8.98,9.15,9.23,9.4,9.57,9.74,9.27,8.35,8.1,7.15,5.71,6.83,8.94,9.87,9.38,8.86,10.24,5.65,0.08,-0.85,0.25,-0.62,0.81,3.39,5.33,6.62,-2.09,-6.87,-5.16,-4.03,-2.82,-1.49,0.04,1.15,2.31,3.16
10.89,10.79,10.99,11.47,11.97,12.41,12.82,13.14,13.37,13.43,13.52,13.61,13.79,14.07,14.36,14.54,14.54,14.5,14.51,14.49,14.37,14.3,14.01,13.56,12.96,12.11,11.72,11.79,11.4,10.74,10.63,10.32,9.83,10.05,10.08,8.42,6.43,6.31,7.05,8.49,9.88,10.79,11.38,11.46,11.23,10.92,10.75,10.38,9.48,7.51,7.64,6.04,2.24,0.87,-1.51,-2.84,-3.35,-3.83,-6.71,-7.05,-4.24,-2.37,1.04,3.63,5,5.82,2.96,-7.59,-12.24,-9.31,-6.74,-4.18,-2.13,-0.06,1.61,3.11,4.45,5.45,6
9.59,10.04,10.77,11.49,12.19,12.59,12.87,13.08,13.09,13.07,13.03,12.91,12.9,13.09,13.44,13.77,13.97,14.04,14.21,14.28,14.02,13.6,13.15,12.71,12.13,11.4,11.26,11.47,10.84,9.41,9.16,9.75,9.75,8.21,6.99,6.31,6.31,7.79,9.52,10.84,11.63,12.22,12.55,12.7,12.41,11.66,11.15,10.4,9.19,7.61,5.48,0.09,1.78,3.99,4.3,-0.42,-7.1,-11.79,-13.74,-14.54,-14.94,-15.16,-15.22,-15.26,-14.69,-13.61,-11.55,-9.54,-7.35,-4.89,-2.86,-0.8,1.12,2.9,4.1,5.26,5.82,6.35,7.22
-3.99,-2.75,-1.4,-0.17,0.85,1.56,2.22,2.95,3.82,4.81,5.95,7.17,8.33,9.31,10.03,10.39,10.6,11.02,12.04,13.41,13.9,13.36,12.66,12.14,11.45,10.96,11.12,10.94,9.2,8.79,9.55,8.99,7.5,6.41,5.82,6.37,7.64,8.88,9.92,11.16,13.27,14.82,14.55,13.2,11.52,10.65,9.73,8.31,7.76,2.88,-3.31,-9.86,-13.5,-13.57,-13.41,-13.99,-14.7,-14.67,-13.95,-13.18,-12.25,-11.41,-10.84,-10.31,-9.7,-8.81,-7.66,-6.13,-4.33,-2.29,-0.44,1.12,2.34,3.45,4.31,4.31,4.68,7.89,10.42
5.57,5.68,5.87,6.03,6.11,6.19,6.42,6.81,7.44,8.19,8.97,9.82,10.48,11.02,11.5,11.94,12.32,12.71,13.2,13.58,13.26,12.67,12.57,12.28,10.71,10.49,9.36,6.81,7.73,8.64,8.16,5.89,3.47,4.29,5.7,6.71,7.04,7.57,9.95,11.89,9.21,8.79,10.66,11.14,9.41,6.49,8,0.01,-11.69,-15.07,-16.44,-17.09,-16.35,-16.25,-15.85,-15.31,-13.71,-12.64,-11.5,-10.44,-9.46,-8.65,-7.86,-5.99,-5.15,-4.64,-4.16,-3.26,-2.12,-0.56,0.53,1.19,1.72,2.45,3.98,5.01,3.24,-0.34,-1.54
9.54,10.43,10.88,10.78,10.08,8.94,8.21,8.14,8.22,8.26,8.68,9.42,10.3,11.2,11.96,12.47,12.74,12.84,13.11,13.52,13.59,12.67,11.37,10.05,6.98,3.13,3.5,6.36,7.91,7.94,3.84,1,3.07,4.45,5.12,5.38,5.84,7.6,8.95,4.53,1.72,1.26,3.32,2.5,-0.53,-6.38,-14.6,-15.43,-14.7,-14.57,-14.57,-13.53,-12.53,-11.41,-10.44,-9.56,-8.66,-7.2,-5.41,-4.75,-4.27,-3.88,-3.4,-2.66,-2,-1.5,-0.88,-0.31,0.45,0.59,0.23,0.26,0.44,1.19,-0.74,-3.48,-2.42,-1.37,-1.68
0.32,3,6.83,8.88,9.04,8.77,8.43,8.04,7.18,6.86,7.64,9.17,10.79,11.74,12.18,12.38,12.2,11.69,11.9,13.55,13.68,7.7,-1.27,-4.15,-1.98,0.35,1.42,1.61,1.16,1.49,3.68,4.41,3.85,3.95,3.56,4.3,5.06,7.41,5.65,-0.74,-5.01,-8.6,-10.27,-14.38,-15.08,-14.93,-14.83,-12.37,-10.48,-10.56,-9.97,-9.19,-9.34,-9.91,-6.13,2.34,7.14,0.02,-3.25,-2.18,-2.31,-2.5,-2.39,-2.19,-1.86,-1.17,-0.41,0.16,0.92,-0.04,-1.66,-1.89,-1.79,-1.52,-1.81,-1.58,-2.78,-6.19,-7.61
-4.88,-7.58,-9.48,-10.19,-9.55,-7.85,-5.53,-2.25,1.98,6,8.77,7.44,6.87,8.61,8.45,4.7,-1.22,-8.11,-13.37,-14.52,-12.09,-9.64,-7.93,-5.97,-3.99,-2.03,0.16,2.23,3.56,4.47,4.9,5.57,3.61,-0.94,-1.91,0.17,1.81,3.44,1.2,-4.57,-7.34,-9.92,-10.74,-9.12,-8.96,-10.45,-8.34,-9.18,0.39,-6.07,-11.01,-9.96,-7.67,-8.03,-4.34,0.73,-2.08,-6.89,-2.36,-1.08,-4.06,-3.72,-3.16,-2.75,-3.13,-4.17,-3.89,-4.41,-5.14,-3.86,-0.51,-1.09,-2.19,-1.87,-2.33,-4.07,-6.28,-8.14,-9.84
-9.49,-13.21,-14.36,-15.17,-15.96,-16.95,-17.53,-17.06,-16.13,-14.23,-13.27,-12.64,-12.15,-11.95,-12.64,-13.01,-12.55,-12.15,-11.45,-10.74,-9.02,-7.73,-6.19,-4.66,-3.14,-1.73,-0.76,-0.04,0.69,0.59,-0.88,0.2,-3.59,-5.74,-1.42,-1.08,-0.19,-0.33,-1.18,-2.26,-4.52,-5.57,-6.12,-7.75,-8.95,-9.86,-9.11,-6.36,-4.67,-5.33,-6.73,-7.63,-7.56,-6.79,-4.19,-4.38,-4.64,-4.36,-2.22,-0.07,-0.55,-1.74,-1.75,-0.83,-1.74,-1.45,0.4,1.97,2.2,2.02,1.99,0.76,-1.82,-3.31,-6.3,-7.28,-6.44,-6.42,-10.01
-11.12,-12.55,-13.11,-14.02,-14.69,-14.92,-14.76,-14.61,-15.14,-14.77,-14.19,-13.04,-11.94,-11.04,-9.82,-11.68,-11.58,-7.87,-8.68,-8.92,-8.03,-9.21,-11.01,-9.72,-8.43,-5.58,-4.92,-3.35,-3.23,-3.86,-4.69,-4.85,-4.54,-6.06,-7.16,-5.12,-5.51,-4.29,-1.15,-3.02,-5.34,-5.21,-5.15,-7.14,-8.28,-8.34,-8.2,-7.18,-5.15,-6.04,-7.11,-7.09,-6.41,-5.97,-5.84,-5.12,-4.5,-3.57,-2.25,-1.26,-1.07,-0.49,1.45,2.55,4.43,6.33,6.55,6.57,4.97,2.81,0.71,-0.05,-3.32,-8.89,-9.79,-8.46,-10.17,-11.84,-12.43
-3.84,-2.89,-6.4,-10.41,-8.43,-8.36,-7.68,-4.48,-5.04,-7.71,-9.8,-10.24,-7.53,-7.82,-8.3,-8.18,-8.7,-8.19,-5.64,-1.75,-0.87,-1.12,-4.44,-9.24,-12.1,-11.81,-10.67,-10.56,-11.5,-12.3,-12.25,-11.42,-11.46,-11.46,-11.03,-11.89,-12.38,-10.71,-8.82,-9.11,-10.12,-10.3,-9.98,-9.97,-9.67,-8.89,-8.17,-7.68,-6.99,-6.7,-6.62,-6.25,-5.79,-5.36,-5.13,-4.55,-3.05,-1.14,0.83,2.24,3.05,3.89,4.67,5.98,6.69,6.46,6.87,8.72,8.61,4.37,2.68,0.78,-5.06,-7.84,-8.68,-9.53,-10.46,-11.42,-11.5
-0.97,-0.78,-0.8,-2.52,-3.34,-4.06,-5.11,-2.09,-3.53,-6.6,-5.91,-6.85,-7.24,-2.97,-5.03,-4.55,-7.97,-7.84,-5.21,-6.3,-8.31,-6.87,-5.29,-2.63,-1.39,-1.73,-2.46,-7.66,-10.76,-8.86,-9.19,-11.09,-10.6,-11.04,-12.37,-14.21,-14.16,-11.39,-10.8,-11.05,-11.14,-11.34,-11.2,-10.62,-9.73,-8.97,-8.11,-7.62,-7.2,-6.78,-6.67,-6.15,-5.3,-4.17,-2.82,-1.37,0.14,1.79,3.19,4.1,4.58,4.97,5.61,6.18,6.59,7.11,7.55,6.54,4.17,0.86,-4.13,-8.67,-9.65,-9.2,-9.75,-10.33,-11.37,-12.23,-12.32
-5.48,-6.53,-6.51,-7.16,-7.52,-7.93,-8.26,-7.37,-6.83,-6.87,-7.24,-7.67,-7.88,-6.85,-4.75,-3.38,-4.18,-4.8,-5.84,-6.6,-7.21,-8.34,-9.75,-9.67,-10.28,-10.79,-5.23,-1.77,-4.01,-6.29,-8.8,-11.61,-11.18,-10.75,-12.27,-13.34,-12.65,-11.72,-11.1,-10.65,-10.51,-10.42,-10.21,-9.34,-8.44,-8.02,-7.54,-7.33,-7.04,-6.46,-5.71,-4.59,-3.26,-1.9,-0.54,0.71,1.77,2.84,3.8,4.71,5.52,5.92,5.39,5.07,5.07,5.28,6.45,3.24,-4.22,-5.1,-5.12,-9.01,-9.35,-9.91,-12.29,-14.3,-13.41,-12.29,-12.47
-5.65,-7.35,-8.62,-8.66,-8.55,-8.44,-7.84,-7.42,-7.31,-7.05,-6.57,-6.13,-5.93,-5.61,-5.18,-4.82,-4.73,-4.89,-5.03,-5.26,-5.73,-6.24,-6.65,-6.96,-7.06,-6.66,-5.62,-5.11,-5.63,-6.33,-6.91,-8.27,-9.85,-10.08,-9.83,-10.39,-10.79,-10.93,-10.7,-10.02,-9.3,-8.64,-8.25,-7.89,-7.46,-7.09,-6.67,-6.27,-5.83,-5.23,-4.42,-3.34,-2.15,-0.99,0.01,0.78,1.59,1.99,1.91,1.52,1.11,1,0.4,-0.9,-1.31,-1.17,-4.26,-7.48,-7.93,-7.77,-8.1,-8.74,-9.19,-9.81,-11.24,-13.27,-14.21,-13.31,-12.18
-6.48,-6.84,-7.17,-7.29,-7.25,-7.07,-6.76,-6.45,-6.17,-6.04,-5.89,-5.7,-5.51,-5.33,-5.17,-5.04,-5.04,-5.03,-5.01,-4.98,-5.03,-5.26,-5.54,-5.74,-5.74,-5.6,-5.49,-5.63,-5.93,-6.25,-6.73,-7.14,-7.57,-8.09,-8.42,-8.58,-8.98,-9.22,-8.95,-8.37,-7.79,-7.36,-7,-6.63,-6.27,-5.96,-5.55,-5.1,-4.5,-3.99,-3.58,-2.8,-2.07,-1.45,-1.21,-1.22,-1.16,-2.15,-3.21,-3.02,-2.83,-2.99,-3.53,-5.03,-6.04,-6.08,-6.6,-7.59,-8.1,-8.63,-9.01,-8.74,-8.77,-9.89,-11.95,-13.36,-13.27,-12.44,-11.5
-5.98,-6.04,-5.97,-5.92,-5.82,-5.61,-5.31,-5.06,-4.87,-4.75,-4.68,-4.7,-4.52,-4.45,-4.58,-4.72,-4.85,-4.82,-4.74,-4.78,-4.89,-5.02,-5.14,-5.25,-5.42,-5.54,-5.61,-5.77,-5.95,-6.1,-6.29,-6.42,-6.55,-6.76,-7.02,-7.29,-7.37,-7.25,-7.05,-6.83,-6.63,-6.39,-5.96,-5.55,-5.27,-4.92,-4.53,-4.3,-4.04,-3.69,-3.4,-3.14,-3.23,-3.3,-3,-2.94,-3.3,-3.66,-4.42,-5.12,-4.8,-3.8,-3.93,-5.39,-6.66,-7.49,-7.82,-7.61,-7.5,-7.74,-8.2,-8.75,-9.25,-9.82,-10.42,-10.73,-10.48,-9.94,-9.41
-5.26,-5.04,-4.88,-4.62,-4.25,-4.04,-4.01,-3.92,-3.62,-3.37,-3.38,-3.54,-3.51,-3.32,-3.4,-3.67,-3.79,-3.83,-3.88,-3.94,-4.03,-4.19,-4.34,-4.42,-4.47,-4.57,-4.73,-5,-5.32,-5.49,-5.5,-5.49,-5.52,-5.65,-5.82,-5.97,-6.09,-6.14,-6.09,-5.94,-5.7,-5.36,-4.96,-4.7,-4.56,-4.27,-4,-3.88,-3.87,-3.83,-3.83,-3.84,-3.9,-3.94,-3.94,-4.09,-4.29,-4.17,-3.79,-3.7,-4,-4.75,-5.47,-6.37,-7.74,-8.77,-9.09,-9.24,-9.39,-9.12,-8.44,-7.96,-8.26,-8.57,-8.28,-7.98,-7.59,-7.36,-7.99
-4.96,-4.67,-4.3,-4.09,-4,-3.68,-3.36,-3.23,-3.11,-2.93,-2.72,-2.45,-2.26,-2.18,-2.13,-2.15,-2.36,-2.52,-2.56,-2.74,-2.98,-3.06,-3.16,-3.31,-3.49,-3.64,-3.8,-4.07,-4.15,-4.18,-4.41,-4.46,-4.34,-4.37,-4.48,-4.58,-4.7,-4.82,-4.92,-4.97,-5,-4.95,-4.72,-4.47,-4.37,-4.24,-4.12,-4.16,-4.22,-4.16,-4.14,-4.33,-4.5,-4.51,-4.54,-4.65,-4.69,-4.59,-4.57,-4.79,-5.32,-6.39,-7.49,-8.24,-8.51,-8.61,-8.66,-8.6,-8.81,-9.14,-9.04,-8.34,-7.54,-7.24,-7.4,-7.6,-7.2,-6.38,-5.88
-4.47,-4.42,-4.22,-3.99,-3.83,-3.55,-3.27,-2.99,-2.69,-2.55,-2.44,-2.17,-1.8,-1.54,-1.45,-1.44,-1.51,-1.71,-1.96,-2.14,-2.2,-2.22,-2.24,-2.31,-2.44,-2.56,-2.62,-2.73,-2.9,-3.08,-3.26,-3.35,-3.42,-3.44,-3.45,-3.55,-3.7,-3.76,-3.78,-3.87,-4.05,-4.21,-4.39,-4.53,-4.6,-4.59,-4.53,-4.51,-4.52,-4.53,-4.59,-4.66,-4.7,-4.71,-4.75,-4.83,-4.94,-5,-5.03,-5.11,-5.22,-5.29,-5.45,-5.85,-6.51,-7.08,-7.4,-7.49,-7.02,-6.61,-6.64,-6.83,-6.79,-6.59,-6.56,-6.58,-6.18,-5.49,-5
-3.6,-3.61,-3.55,-3.32,-3.04,-2.75,-2.41,-2.03,-1.7,-1.49,-1.41,-1.47,-1.52,-1.54,-1.52,-1.5,-1.5,-1.52,-1.57,-1.72,-1.89,-2.05,-2.13,-2.12,-2.08,-2.04,-2.01,-2.05,-2.14,-2.21,-2.24,-2.26,-2.33,-2.4,-2.46,-2.47,-2.49,-2.58,-2.67,-2.74,-2.83,-2.98,-3.17,-3.41,-3.7,-3.98,-4.18,-4.26,-4.24,-4.21,-4.25,-4.33,-4.42,-4.47,-4.5,-4.53,-4.6,-4.7,-4.78,-4.85,-4.84,-4.8,-4.82,-4.87,-4.84,-4.74,-4.64,-4.58,-4.48,-4.36,-4.25,-4.08,-3.87,-3.66,-3.51,-3.44,-3.12,-2.37,-1.48
-2.96,-2.67,-2.23,-1.75,-1.35,-1.03,-0.78,-0.62,-0.61,-0.73,-0.89,-0.94,-0.85,-0.68,-0.59,-0.58,-0.64,-0.76,-0.91,-1.04,-1.15,-1.28,-1.44,-1.52,-1.52,-1.52,-1.57,-1.6,-1.59,-1.65,-1.75,-1.72,-1.66,-1.77,-1.95,-2.02,-1.99,-1.98,-2,-1.99,-1.93,-1.89,-1.92,-2.02,-2.16,-2.26,-2.33,-2.45,-2.6,-2.74,-2.8,-2.85,-2.91,-2.98,-3.04,-3.11,-3.16,-3.22,-3.26,-3.31,-3.32,-3.32,-3.28,-3.24,-3.17,-3.06,-2.94,-2.79,-2.6,-2.37,-2.1,-1.84,-1.51,-0.96,-0.14,0.75,1.48,2.03,2.37
-4.87,-4.71,-4.47,-4.26,-4.11,-3.93,-3.64,-3.27,-2.92,-2.64,-2.41,-2.17,-1.96,-1.75,-1.54,-1.34,-1.17,-1.12,-1.17,-1.29,-1.43,-1.6,-1.79,-1.99,-2.15,-2.17,-2.12,-2.06,-2.01,-1.98,-1.99,-2.08,-2.17,-2.17,-2.06,-1.92,-1.87,-1.96,-2.06,-2.05,-1.86,-1.6,-1.4,-1.34,-1.39,-1.49,-1.58,-1.67,-1.75,-1.83,-1.89,-1.94,-1.92,-1.87,-1.81,-1.76,-1.72,-1.68,-1.61,-1.52,-1.42,-1.3,-1.15,-0.98,-0.79,-0.59,-0.39,-0.17,0.08,0.38,0.79,1.34,2,2.68,3.28,3.75,4.08,4.34,4.57
-5.77,-5.55,-5.37,-5.16,-4.96,-4.75,-4.56,-4.35,-4.13,-3.92,-3.72,-3.58,-3.51,-3.5,-3.53,-3.59,-3.66,-3.72,-3.77,-3.85,-3.96,-4.11,-4.28,-4.43,-4.53,-4.6,-4.64,-4.62,-4.47,-4.22,-3.9,-3.61,-3.39,-3.22,-3.09,-2.99,-2.91,-2.88,-2.85,-2.73,-2.51,-2.2,-1.87,-1.6,-1.38,-1.2,-1.05,-0.95,-0.88,-0.82,-0.75,-0.67,-0.59,-0.51,-0.43,-0.34,-0.23,-0.13,-0.03,0.05,0.13,0.23,0.38,0.6,0.88,1.24,1.67,2.12,2.55,2.94,3.29,3.64,4,4.32,4.58,4.78,4.93,5.04,5.15
-5.55,-5.48,-5.38,-5.25,-5.1,-4.93,-4.77,-4.64,-4.52,-4.42,-4.34,-4.25,-4.17,-4.09,-4.02,-3.95,-3.9,-3.89,-3.9,-3.95,-4.02,-4.11,-4.19,-4.25,-4.28,-4.3,-4.34,-4.42,-4.55,-4.64,-4.65,-4.53,-4.34,-4.13,-3.94,-3.73,-3.49,-3.22,-2.93,-2.67,-2.41,-2.14,-1.84,-1.49,-1.14,-0.79,-0.47,-0.18,0.07,0.3,0.48,0.64,0.78,0.92,1.05,1.2,1.35,1.52,1.7,1.87,2.05,2.23,2.44,2.67,2.91,3.15,3.36,3.55,3.72,3.89,4.06,4.24,4.44,4.64,4.83,5,5.13,5.25,5.36
