static/gfs.json
{"header": {"discipline":0,"disciplineName":"Meteorological products","gribEdition":2,"gribLength":77249,"center":7,"centerName":"US National Weather Service - NCEP(WMC)","subcenter":0,"refTime":"2016-08-29T06:00:00.000Z","significanceOfRT":1,"significanceOfRTName":"Start of forecast","productStatus":0,"productStatusName":"Operational products","productType":1,"productTypeName":"Forecast products","productDefinitionTemplate":0,"productDefinitionTemplateName":"Analysis/forecast at horizontal level/layer at a point in time","parameterCategory":2,"parameterCategoryName":"Momentum","parameterNumber":2,"parameterNumberName":"U-component_of_wind","parameterUnit":"m.s-1","genProcessType":2,"genProcessTypeName":"Forecast","forecastTime":0,"surface1Type":103,"surface1TypeName":"Specified height level above ground","surface1Value":10.0,"surface2Type":255,"surface2TypeName":"Missing","surface2Value":0.0,"gridDefinitionTemplate":0,"gridDefinitionTemplateName":"Latitude_Longitude","numberPoints":65160,"shape":6,"shapeName":"Earth spherical with radius of 6,371,229.0 m","gridUnits":"degrees","resolution":48,"winds":"true","scanMode":0,"nx":360,"ny":181,"basicAngle":0,"subDivisions":0,"lo1":0.0,"la1":90.0,"lo2":359.0,"la2":-90.0,"dx":1.0,"dy":1.0}, "data":
[rows 0 to 34 of 181, columns 79 to 157 of 360]
-4.24,-4.14,-4.04,-3.94,-3.84,-3.74,-3.64,-3.53,-3.42,-3.32,-3.21,-3.1,-2.99,-2.88,-2.77,-2.65,-2.54,-2.43,-2.31,-2.2,-2.08,-1.96,-1.84,-1.73,-1.61,-1.49,-1.37,-1.25,-1.13,-1.01,-0.89,-0.76,-0.64,-0.52,-0.4,-0.28,-0.16,-0.03,0.09,0.21,0.33,0.46,0.58,0.7,0.82,0.94,1.06,1.18,1.3,1.42,1.54,1.66,1.78,1.9,2.02,2.13,2.25,2.36,2.48,2.59,2.71,2.82,2.93,3.04,3.15,3.26,3.37,3.47,3.58,3.68,3.79,3.89,3.99,4.09,4.19,4.29,4.38,4.48,4.57
-6.36,-6.34,-6.32,-6.28,-6.24,-6.2,-6.16,-6.12,-6.06,-6.01,-5.95,-5.9,-5.89,-5.88,-5.86,-5.84,-5.8,-5.71,-5.61,-5.52,-5.42,-5.26,-5.11,-4.94,-4.79,-4.65,-4.54,-4.43,-4.32,-4.21,-4.1,-3.98,-3.86,-3.75,-3.64,-3.52,-3.41,-3.29,-3.18,-3.07,-2.95,-2.83,-2.72,-2.6,-2.49,-2.38,-2.26,-2.15,-2.03,-1.92,-1.8,-1.68,-1.56,-1.44,-1.32,-1.2,-1.08,-0.96,-0.83,-0.7,-0.57,-0.45,-0.32,-0.18,-0.05,0.08,0.22,0.36,0.5,0.64,0.77,0.91,1.05,1.19,1.33,1.47,1.6,1.74,1.88
-6.3,-6.34,-6.5,-6.67,-6.71,-6.69,-6.68,-6.63,-6.59,-6.52,-6.44,-6.36,-6.27,-6.17,-6.08,-5.98,-5.88,-5.79,-5.7,-5.62,-5.53,-5.44,-5.36,-5.29,-5.22,-5.14,-5.07,-4.97,-4.87,-4.76,-4.65,-4.53,-4.4,-4.25,-4.1,-3.94,-3.77,-3.59,-3.4,-3.21,-3.01,-2.81,-2.61,-2.43,-2.24,-2.06,-1.88,-1.71,-1.55,-1.38,-1.21,-1.03,-0.86,-0.73,-0.6,-0.48,-0.35,-0.22,-0.1,0.04,0.17,0.31,0.45,0.6,0.74,0.89,1.05,1.2,1.35,1.5,1.65,1.82,1.98,2.14,2.28,2.43,2.58,2.72,2.87
-5.95,-5.88,-5.81,-5.75,-5.7,-5.65,-5.61,-5.57,-5.52,-5.47,-5.4,-5.31,-5.19,-5.06,-4.91,-4.67,-4.5,-4.42,-4.36,-4.32,-4.3,-4.3,-4.45,-4.59,-4.6,-4.6,-4.61,-4.57,-4.52,-4.44,-4.36,-4.22,-4.09,-3.92,-3.72,-3.43,-3.19,-3.03,-2.87,-2.72,-2.59,-2.46,-2.36,-2.25,-2.16,-2.08,-1.99,-1.91,-1.83,-1.74,-1.66,-1.57,-1.48,-1.38,-1.27,-1.16,-1.04,-0.92,-0.78,-0.64,-0.49,-0.34,-0.17,0.0,0.17,0.35,0.54,0.73,0.92,1.11,1.3,1.51,1.72,1.94,2.16,2.39,2.62,2.85,3.09
-4.22,-4.11,-4.02,-3.95,-3.91,-3.91,-3.92,-3.94,-3.97,-3.99,-4.0,-3.99,-3.95,-3.89,-3.8,-3.6,-3.43,-3.32,-3.28,-3.26,-3.28,-3.32,-3.4,-3.47,-3.52,-3.6,-3.74,-3.89,-3.97,-4.04,-4.17,-4.28,-4.32,-4.34,-4.33,-4.33,-4.32,-4.3,-4.28,-4.27,-4.24,-4.22,-4.18,-4.13,-4.05,-3.95,-3.8,-3.59,-3.27,-2.99,-2.8,-2.61,-2.45,-2.31,-2.18,-2.06,-1.96,-1.85,-1.77,-1.69,-1.56,-1.38,-1.2,-1.05,-0.9,-0.74,-0.6,-0.46,-0.33,-0.2,-0.07,0.06,0.19,0.32,0.46,0.6,0.74,0.89,1.05
-3.56,-3.31,-3.21,-3.14,-3.11,-3.13,-3.39,-3.5,-3.51,-3.4,-3.14,-3.08,-3.03,-3.01,-2.99,-2.98,-2.97,-2.95,-2.96,-2.97,-2.98,-3.01,-3.03,-3.03,-3.02,-3.03,-3.02,-2.99,-2.94,-2.87,-2.79,-2.72,-2.67,-2.67,-2.7,-2.76,-2.83,-2.88,-2.92,-2.95,-2.99,-3.03,-3.2,-3.37,-3.42,-3.44,-3.41,-3.34,-3.23,-3.1,-2.85,-2.54,-2.36,-2.19,-1.99,-1.78,-1.56,-1.35,-1.19,-1.12,-0.94,-0.76,-0.58,-0.4,-0.24,-0.11,0.01,0.1,0.2,0.3,0.43,0.58,0.71,0.86,1.02,1.18,1.35,1.53,1.71
-3.62,-3.75,-3.99,-4.11,-4.2,-4.1,-3.88,-3.94,-4.22,-4.58,-4.63,-4.58,-4.21,-3.86,-3.72,-3.67,-3.71,-3.91,-3.9,-3.83,-3.7,-3.55,-3.24,-3.09,-2.94,-2.81,-2.68,-2.57,-2.44,-2.31,-2.15,-1.98,-1.78,-1.56,-1.36,-1.21,-1.12,-1.08,-1.09,-1.12,-1.16,-1.19,-1.27,-1.23,-1.12,-1.11,-1.14,-1.21,-1.3,-1.37,-1.41,-1.4,-1.35,-1.28,-1.21,-1.15,-1.08,-1.02,-0.94,-0.84,-0.73,-0.61,-0.48,-0.38,-0.37,-0.28,-0.13,0.07,0.22,0.39,0.57,0.76,0.96,1.17,1.4,1.65,1.92,2.2,2.48
-3.76,-3.88,-3.97,-4.03,-4.08,-4.15,-4.14,-4.13,-4.18,-4.21,-4.21,-4.14,-4.13,-4.21,-3.89,-3.8,-3.7,-3.87,-3.55,-3.51,-3.51,-3.52,-3.55,-3.56,-3.52,-3.44,-3.31,-3.16,-3.0,-2.83,-2.67,-2.51,-2.34,-2.17,-1.99,-1.82,-1.66,-1.51,-1.38,-1.26,-1.13,-1.0,-0.88,-0.79,-0.73,-0.72,-0.74,-0.78,-0.8,-0.8,-0.79,-0.78,-0.78,-0.78,-0.76,-0.72,-0.65,-0.57,-0.5,-0.43,-0.39,-0.34,-0.27,-0.19,-0.1,0.01,0.14,0.29,0.44,0.59,0.73,0.87,1.04,1.24,1.52,1.89,2.3,2.73,3.07
-3.94,-3.58,-3.15,-2.9,-2.71,-2.57,-2.51,-2.46,-2.41,-2.33,-2.26,-2.18,-2.12,-2.02,-1.86,-1.72,-1.62,-1.6,-1.67,-1.78,-1.88,-1.97,-2.02,-2.02,-1.98,-1.92,-1.87,-1.83,-1.79,-1.73,-1.64,-1.57,-1.52,-1.53,-1.54,-1.49,-1.37,-1.21,-1.03,-0.84,-0.66,-0.47,-0.3,-0.13,-0.01,0.08,0.12,0.14,0.13,0.1,0.09,0.09,0.08,0.09,0.08,0.18,0.27,0.34,0.38,0.42,0.45,0.47,0.5,0.54,0.62,0.71,0.82,0.93,1.05,1.19,1.39,1.66,2.04,2.45,2.81,3.05,3.21,3.36,3.55
-1.42,-1.3,-1.11,-0.89,-0.64,-0.41,-0.19,-0.06,-0.12,-0.35,-0.55,-0.47,0.12,1.0,2.09,3.02,2.85,1.71,0.44,-0.02,0.43,1.15,1.6,1.76,1.7,1.47,1.15,0.86,0.62,0.5,0.47,0.44,0.34,0.14,-0.12,-0.33,-0.42,-0.39,-0.32,-0.25,-0.16,-0.05,0.11,0.31,0.57,0.88,1.12,1.3,1.37,1.33,1.24,1.2,1.25,1.34,1.42,1.52,1.6,1.68,1.78,1.88,2.02,2.13,2.14,2.02,1.85,1.7,1.64,1.6,1.63,1.74,1.95,2.17,2.36,2.49,2.61,2.76,2.98,3.33,3.76
-0.11,0.2,0.48,0.69,0.85,0.94,1.0,1.04,1.05,1.0,0.91,0.89,1.1,1.47,1.24,0.82,0.8,1.73,3.78,4.78,3.79,1.67,0.63,1.25,2.12,2.35,2.07,1.78,1.68,1.76,1.74,1.51,1.11,0.75,0.55,0.49,0.47,0.39,0.23,0.07,0.0,0.03,0.14,0.31,0.56,0.79,0.92,1.08,1.23,1.46,1.83,2.3,2.65,2.91,3.01,2.89,2.58,2.28,2.08,1.99,1.92,1.85,1.82,1.9,2.03,2.12,2.12,2.1,2.12,2.21,2.37,2.57,2.67,2.66,2.69,2.82,2.95,3.14,3.16
-1.25,-0.83,-0.5,-0.25,-0.06,0.1,0.2,0.27,0.28,0.3,0.38,0.52,0.59,0.31,-0.49,-1.27,-0.99,-0.21,-0.02,0.93,2.81,2.58,2.42,3.55,4.07,2.97,1.78,1.57,2.38,3.13,3.15,2.84,2.6,2.18,1.79,1.66,1.72,1.69,1.46,1.16,0.96,0.87,0.85,0.84,0.82,0.78,0.76,0.82,1.01,1.26,1.48,1.65,1.79,1.93,2.01,2.09,2.28,2.67,3.1,3.39,3.43,3.41,3.27,3.07,2.99,3.2,3.44,3.48,3.34,3.19,3.13,3.15,3.19,3.21,3.24,3.27,3.33,3.4,3.5
-3.46,-3.16,-2.93,-2.78,-2.74,-2.74,-2.75,-2.77,-2.79,-2.8,-2.79,-2.73,-2.61,-2.46,-2.28,-2.03,-1.74,-1.43,-1.12,-0.74,-0.33,0.09,0.16,0.24,0.58,0.99,1.29,1.63,2.05,2.37,2.97,3.93,4.37,3.65,2.57,2.38,3.14,3.8,3.54,2.64,1.94,1.65,1.53,1.4,1.25,1.1,1.0,1.05,1.21,1.39,1.62,1.94,2.26,2.52,2.65,2.61,2.55,2.63,2.89,3.37,3.87,4.15,4.19,4.05,3.81,3.51,3.24,3.04,2.92,2.87,2.95,3.04,3.08,3.15,3.23,3.3,3.33,3.35,3.4
-3.77,-4.12,-4.52,-4.95,-5.34,-5.6,-5.76,-5.9,-6.01,-6.09,-6.11,-6.13,-6.19,-6.24,-6.18,-5.87,-5.28,-4.56,-4.27,-3.51,-2.31,-0.92,0.8,2.63,3.18,3.02,3.7,4.26,3.87,3.2,4.55,6.09,5.95,3.98,2.0,1.59,2.59,3.58,3.77,3.4,3.01,2.75,2.63,2.69,2.72,2.48,2.11,1.93,1.92,1.89,1.87,1.81,1.83,1.85,1.89,1.99,2.11,2.36,2.86,3.52,3.95,3.81,3.2,2.55,2.22,2.23,2.27,2.21,2.24,2.54,2.93,3.08,3.05,2.89,2.71,2.64,2.67,2.76,2.89
-3.64,-4.46,-5.29,-6.24,-7.04,-7.03,-6.07,-4.72,-3.36,-2.12,-1.05,-0.26,0.21,0.64,1.61,3.01,3.13,3.16,2.88,3.39,3.83,3.77,4.19,4.69,5.01,4.47,3.91,4.47,4.35,3.49,3.68,6.73,8.13,6.75,4.51,1.9,1.92,3.29,3.65,3.06,2.7,2.77,2.9,2.92,2.73,2.37,2.02,1.8,1.66,1.48,1.28,1.14,1.01,0.82,0.69,0.76,0.97,1.17,1.99,3.7,4.11,2.72,2.39,2.75,2.29,1.92,1.13,0.99,1.94,2.71,2.7,1.99,1.14,0.89,1.21,1.51,1.64,1.74,1.84
-3.13,-3.1,-1.9,-0.88,-0.76,-1.27,-1.32,-0.78,-0.1,0.52,0.66,0.82,1.18,1.57,2.53,2.95,3.11,3.46,3.51,3.65,4.35,3.77,3.23,3.7,4.31,4.28,4.96,5.11,4.62,4.24,3.55,3.66,4.38,5.2,4.7,3.17,2.54,2.88,3.12,3.06,3.03,3.12,3.19,3.04,2.72,2.45,2.22,1.87,1.5,1.23,1.01,0.78,0.53,0.23,-0.05,-0.13,-0.13,-0.41,-0.53,0.46,1.22,1.54,2.06,1.8,1.15,0.62,0.01,0.0,0.5,1.36,2.01,1.96,1.11,0.88,1.0,1.01,0.98,0.99,0.97
2.22,3.26,2.36,1.17,0.46,0.13,-0.01,0.02,0.06,0.31,0.82,1.27,1.85,3.01,3.36,2.59,2.91,3.4,4.01,4.42,4.29,3.94,3.41,3.62,4.17,4.1,3.83,3.48,3.34,3.14,2.56,2.98,2.91,2.7,2.42,1.5,1.74,2.17,1.51,0.51,0.44,1.43,2.22,2.07,2.13,2.73,2.15,0.69,0.27,0.5,0.16,-0.11,-0.01,-0.04,-0.2,-0.34,-0.46,-0.45,-0.5,-0.53,-0.26,0.73,1.32,0.05,-1.78,-2.09,-1.55,-1.33,-1.23,-1.01,-0.74,-0.47,-0.22,-0.06,0.01,0.04,0.04,0.0,-0.06
4.21,2.24,1.4,1.73,1.69,2.04,2.26,2.07,1.72,1.67,1.99,2.37,2.95,3.68,3.76,3.77,3.8,3.78,3.74,3.16,2.52,2.77,3.1,2.67,2.2,2.02,2.26,2.45,2.44,2.05,1.82,1.86,2.12,2.31,2.15,1.93,1.7,1.57,1.66,1.59,1.41,1.35,1.48,0.88,0.74,1.96,1.84,1.32,1.31,2.08,1.71,0.47,0.32,0.51,0.14,-0.52,-0.77,-0.63,-0.54,-0.34,0.44,0.78,-0.23,-1.47,-2.42,-3.21,-2.71,-1.97,-2.78,-3.73,-3.07,-1.94,-1.41,-1.21,-1.13,-1.21,-1.35,-1.44,-1.47
3.86,3.13,2.05,0.84,1.32,2.23,2.3,2.32,2.43,2.63,2.6,2.54,3.77,4.31,3.95,3.84,3.45,2.83,2.08,1.91,2.05,1.54,0.8,0.75,1.04,1.32,1.37,1.24,1.14,1.12,1.14,0.84,0.45,1.02,1.14,0.62,0.65,0.59,0.42,0.45,0.72,0.96,0.84,0.93,1.1,1.3,2.15,2.64,2.6,3.23,2.56,1.66,1.35,2.55,1.59,-0.54,-0.17,0.02,-1.07,-1.21,0.18,1.3,0.57,-0.33,-0.7,-1.07,-1.5,-0.9,0.24,-0.43,-3.01,-4.84,-4.48,-3.57,-3.36,-3.52,-3.46,-3.2,-3.05
2.85,1.7,1.34,1.07,0.05,1.27,1.93,2.47,3.26,3.93,4.22,4.35,4.97,5.24,4.55,3.45,2.22,2.23,1.66,0.48,0.5,0.54,0.24,-0.04,-0.36,-0.07,0.0,-0.42,-0.4,0.5,0.83,0.97,0.08,-0.68,-0.15,0.07,0.02,0.04,0.21,0.27,0.45,0.49,0.28,0.08,0.53,1.08,0.89,1.25,2.0,3.59,4.56,3.6,2.24,2.48,2.38,2.92,2.8,2.43,2.6,2.85,2.58,1.48,0.36,-0.07,-0.64,-0.92,-0.7,-0.94,-0.64,-0.28,-0.9,-1.12,-1.91,-3.95,-4.65,-3.97,-3.71,-3.56,-3.91
1.28,1.01,1.37,1.47,0.97,0.54,0.56,0.75,1.27,1.9,1.33,1.31,1.89,3.36,3.49,2.86,2.81,1.93,1.86,1.99,1.07,0.8,-0.19,-0.27,-0.27,0.1,-0.01,-0.17,-0.75,-0.59,-0.03,-0.07,-0.42,-0.92,-0.61,-0.39,-0.06,0.14,-0.04,0.02,0.28,0.19,0.21,0.21,-0.08,0.03,0.75,1.78,2.15,2.67,2.42,1.04,0.21,0.99,0.97,1.37,1.56,2.93,3.05,2.4,2.18,1.6,0.46,0.55,0.1,-0.12,0.03,-0.31,-0.17,0.04,-0.48,-0.53,-0.76,-0.89,-1.23,-1.64,-1.6,-1.72,-1.68
1.1,1.16,1.1,0.85,0.63,0.68,0.56,-0.15,0.15,0.29,-1.33,-2.06,-1.27,-0.15,0.62,-0.13,1.23,1.88,1.69,3.16,3.39,1.17,0.21,0.29,0.66,-0.56,-2.24,-2.46,-1.99,-1.47,-1.02,-0.68,-0.57,-0.39,-0.49,-0.43,-0.16,0.08,0.25,0.46,0.63,0.1,-0.5,-0.68,-0.5,0.17,0.76,0.14,0.27,1.31,1.14,-0.75,0.61,0.51,0.03,0.44,0.83,0.62,1.4,2.13,2.35,0.18,-0.42,-0.89,-0.86,0.16,0.06,-0.74,-1.18,-1.23,-1.25,-1.1,-0.65,-0.46,-1.15,-1.2,-0.94,-1.34,-2.31
1.5,1.09,0.88,0.84,0.18,-0.56,-0.32,-0.16,-0.11,0.35,-0.33,-0.6,-0.93,-0.7,0.52,1.12,1.22,1.48,2.02,1.82,1.72,2.08,0.83,1.16,1.39,0.69,0.01,-0.91,-1.47,-1.26,-1.26,-1.08,-0.7,-0.25,0.51,0.29,0.42,0.71,0.65,0.3,-0.06,0.09,-0.19,-1.01,-0.96,-0.25,0.47,1.13,0.7,0.89,0.58,0.15,0.59,0.16,-0.25,0.08,-0.4,-1.68,-0.18,0.77,1.46,0.63,0.61,0.77,-1.1,-1.16,-0.74,-1.09,-1.05,-1.65,-1.65,-1.32,-0.74,-0.66,-1.87,-1.94,-1.05,-2.07,-2.6
0.97,0.84,0.44,0.5,0.36,-0.18,-0.44,-0.36,-0.63,-0.54,-0.09,-0.61,-0.92,-0.21,-0.51,0.28,0.89,0.12,0.95,0.78,1.48,1.03,1.1,1.49,1.11,0.75,0.99,0.67,-0.73,-0.27,0.02,-0.15,0.76,1.17,1.26,1.87,1.59,0.86,0.53,-0.29,-0.48,-0.14,-0.61,-1.39,-1.6,-0.91,0.26,0.34,-0.86,0.62,1.78,1.63,1.34,0.38,0.94,1.08,1.07,0.21,-0.46,-1.71,-0.17,1.12,-0.9,-0.46,0.69,-1.1,-2.81,-1.91,-0.01,-0.58,-1.39,-0.54,-0.24,-0.46,-0.85,-1.88,-2.52,-2.65,-2.87
0.7,0.85,0.73,0.61,0.47,0.06,0.32,0.03,-0.04,0.06,0.24,-0.02,-0.62,-1.17,-0.21,-0.03,-0.14,0.11,0.23,0.03,0.2,0.51,0.49,0.73,1.05,0.55,0.34,-0.12,-1.1,-0.26,0.63,1.08,0.81,0.4,0.45,0.28,0.64,0.8,0.68,0.36,0.05,-0.13,-0.42,-1.73,-2.01,-2.05,-0.59,-0.68,-1.08,0.18,1.02,1.16,1.42,2.05,1.55,0.88,-0.97,-0.49,-1.21,-1.12,0.7,1.29,0.62,-0.67,-0.89,0.58,1.51,0.14,-1.26,-0.33,1.27,1.23,1.08,0.58,-0.73,-1.7,-2.15,-2.58,-2.9
1.47,0.99,0.19,0.22,0.51,0.58,0.65,0.18,-0.07,0.19,0.23,-0.34,-0.27,-0.66,-0.65,-0.23,-0.25,-0.75,-0.97,-1.55,-1.89,-1.33,-1.19,-0.69,-0.83,-1.22,-0.69,-0.85,-2.14,-1.34,-0.87,-0.03,0.43,0.54,1.18,0.8,1.25,1.1,0.88,0.58,0.31,-0.17,-0.67,-1.22,-2.35,-2.71,-3.35,-2.31,-1.91,-2.08,-0.91,0.39,2.43,2.4,1.25,2.26,1.07,0.21,2.52,3.06,1.93,1.89,2.25,0.14,-0.83,0.15,0.16,-1.46,-0.41,-0.59,-1.04,0.32,1.95,2.5,-0.35,-2.05,-1.82,-1.72,-2.39
1.75,1.56,0.91,0.57,0.67,0.87,0.61,0.18,-0.35,-0.04,-0.18,-0.2,-0.4,-0.14,-0.41,-0.76,-0.85,-1.21,-1.1,-0.96,-1.65,-1.36,-0.58,-2.25,-3.04,-2.4,-1.78,-2.3,-2.45,-1.33,-0.66,0.14,0.05,-0.05,0.47,0.67,0.81,0.61,0.67,1.05,1.14,0.98,0.67,-0.33,-1.73,-2.69,-3.87,-4.08,-4.28,-4.94,-4.28,-2.46,-2.02,-1.41,0.26,1.64,2.91,2.16,2.67,3.0,4.25,4.35,2.83,1.73,1.01,0.68,1.22,1.12,-1.27,-1.07,0.91,1.17,0.29,0.36,-1.1,0.2,-1.89,-0.67,-1.64
0.38,0.7,0.97,1.05,1.12,0.95,0.75,0.34,0.43,0.32,0.24,0.59,1.36,1.14,1.01,-0.23,-1.21,-1.01,-0.98,-1.31,-0.5,-0.44,-3.19,-2.34,-1.78,-1.17,-0.81,-0.61,-0.1,-0.01,0.02,-0.05,0.08,1.04,1.67,1.75,1.98,1.75,1.89,2.08,2.77,3.11,1.89,0.94,0.2,-0.85,-2.81,-3.72,-3.22,-3.14,-2.51,-3.37,-3.3,-1.77,-1.45,-1.55,-0.89,-0.07,1.3,1.76,1.93,2.37,3.64,4.1,2.2,2.83,1.45,-0.3,-0.89,-0.85,0.23,0.96,1.86,0.71,-0.31,1.02,-0.97,-1.2,-0.58
0.0,0.36,0.55,0.63,0.64,0.65,0.65,0.68,0.71,1.01,1.14,1.0,1.28,1.63,1.92,1.75,2.51,3.9,4.23,3.55,2.81,2.49,1.12,0.55,0.31,0.8,0.27,0.63,0.78,1.13,1.47,1.82,2.06,2.15,2.22,2.66,3.32,2.66,2.32,2.78,3.41,3.54,3.79,4.06,3.99,3.54,2.81,2.21,0.78,-0.1,-0.97,-0.94,-1.1,-1.66,-1.66,-1.09,-0.5,0.3,1.37,1.94,2.33,1.97,1.89,-1.59,2.43,3.79,5.16,2.54,0.45,0.59,1.26,2.22,0.68,2.95,0.65,0.88,-1.57,-1.94,-1.62
0.25,0.47,0.42,0.24,0.44,0.62,0.48,0.11,-0.07,0.06,-0.06,1.02,2.28,1.92,2.05,3.88,3.79,4.22,3.79,4.53,4.11,3.48,2.63,1.9,2.02,2.46,2.43,1.67,1.3,1.32,1.21,1.46,1.83,2.14,2.48,2.25,2.49,2.8,2.51,2.75,2.78,2.93,2.44,3.31,3.3,2.99,2.73,2.74,2.56,1.81,1.23,0.76,0.35,-0.17,-0.88,-1.13,-0.9,0.57,2.46,2.8,3.17,5.11,4.08,1.15,2.38,2.84,2.26,1.73,0.46,0.92,1.53,2.52,1.38,2.19,-0.57,-1.09,-1.3,-1.3,-0.44
0.37,0.17,-0.08,-0.04,0.03,-0.01,-0.37,-0.8,-0.07,0.28,0.1,0.18,0.74,1.65,4.09,4.61,4.13,4.45,4.44,4.74,2.77,2.77,2.37,2.37,2.63,2.46,2.63,2.6,1.77,1.69,2.22,1.85,1.48,1.11,1.89,2.52,2.35,2.42,0.04,0.84,1.01,1.16,1.2,1.96,2.52,2.54,2.19,2.67,2.96,2.4,1.88,1.47,1.07,0.56,-0.06,-0.28,-0.42,0.69,2.25,3.24,4.01,4.39,4.96,4.75,2.96,3.88,4.9,5.37,4.96,5.03,1.68,-0.02,0.5,2.13,-1.12,-1.84,-0.86,-1.08,-1.68
0.27,-0.17,-0.55,-0.5,-0.36,-0.13,-0.35,-0.84,-0.29,0.02,-0.09,-0.65,-0.9,-0.93,0.77,3.04,3.63,2.9,2.59,2.96,2.38,2.58,2.04,2.36,2.08,2.59,2.41,1.8,1.71,1.75,1.47,1.48,1.05,1.06,1.21,1.51,2.41,1.33,1.7,1.2,1.56,1.07,1.41,1.2,2.48,1.43,2.74,3.47,2.6,2.37,2.95,1.88,0.82,1.18,1.24,0.93,1.13,1.36,3.15,3.57,4.24,5.62,5.66,5.39,6.2,7.85,9.25,10.69,10.6,10.05,9.27,8.38,5.12,1.69,2.58,4.82,3.27,-0.28,-0.04
0.63,-0.14,-0.37,-1.13,-1.05,0.02,0.83,0.94,0.76,0.47,0.03,-0.33,-1.24,-0.84,0.1,-0.26,-0.07,1.17,1.5,2.25,2.32,2.35,2.41,1.84,2.13,2.47,2.23,1.74,1.13,0.55,1.42,2.61,2.43,0.91,0.62,-0.57,0.52,1.07,2.34,1.38,2.22,0.97,0.83,0.56,1.29,1.09,1.57,2.61,2.05,1.35,1.01,0.95,1.95,3.58,1.74,1.89,0.72,1.08,1.82,2.63,5.1,3.74,3.53,7.56,9.24,10.46,10.86,9.98,9.16,8.83,8.09,6.67,6.31,6.56,4.29,3.28,2.77,3.1,3.02
1.22,0.52,0.1,0.39,1.09,1.26,1.64,1.62,1.66,2.01,1.19,0.57,0.82,1.26,0.53,1.38,0.94,0.75,1.07,1.24,1.41,1.89,1.62,1.71,1.53,1.74,1.12,0.92,0.63,0.01,2.18,1.51,1.03,-0.73,1.65,0.21,-0.03,0.71,1.68,-0.29,2.4,-1.63,-0.89,1.11,2.22,1.51,-0.27,1.06,0.78,1.05,1.62,1.12,0.7,1.81,1.14,0.79,0.5,0.65,2.52,0.56,3.44,6.8,6.59,7.5,7.47,6.96,7.06,7.51,7.94,7.66,6.75,5.77,5.83,5.98,5.0,4.26,4.16,3.65,2.4
2.5,2.14,2.04,1.18,1.62,1.69,1.24,1.03,1.79,2.0,1.62,0.16,0.04,0.76,1.3,0.78,0.47,0.49,0.1,-0.28,-0.08,0.57,0.11,0.22,0.99,0.37,0.71,1.05,-0.18,0.21,-0.28,-0.54,-1.11,0.93,-0.1,1.13,-1.01,-0.54,1.46,2.29,2.17,-0.04,1.53,0.85,0.81,2.23,1.24,1.83,1.49,1.23,1.44,1.22,0.4,0.63,1.18,1.0,0.91,0.74,1.17,4.53,4.81,5.48,5.93,5.86,5.45,5.15,5.16,5.3,5.4,5.31,5.11,4.86,5.08,5.39,4.57,4.04,3.71,2.38,2.6
