static/gfs.json
{"header": {"discipline":0,"disciplineName":"Meteorological products","gribEdition":2,"gribLength":76207,"center":7,"centerName":"US National Weather Service - NCEP(WMC)","subcenter":0,"refTime":"2016-07-30T06:00:00.000Z","significanceOfRT":1,"significanceOfRTName":"Start of forecast","productStatus":0,"productStatusName":"Operational products","productType":1,"productTypeName":"Forecast products","productDefinitionTemplate":0,"productDefinitionTemplateName":"Analysis/forecast at horizontal level/layer at a point in time","parameterCategory":2,"parameterCategoryName":"Momentum","parameterNumber":2,"parameterNumberName":"U-component_of_wind","parameterUnit":"m.s-1","genProcessType":2,"genProcessTypeName":"Forecast","forecastTime":0,"surface1Type":103,"surface1TypeName":"Specified height level above ground","surface1Value":10.0,"surface2Type":255,"surface2TypeName":"Missing","surface2Value":0.0,"gridDefinitionTemplate":0,"gridDefinitionTemplateName":"Latitude_Longitude","numberPoints":65160,"shape":6,"shapeName":"Earth spherical with radius of 6,371,229.0 m","gridUnits":"degrees","resolution":48,"winds":"true","scanMode":0,"nx":360,"ny":181,"basicAngle":0,"subDivisions":0,"lo1":0.0,"la1":90.0,"lo2":359.0,"la2":-90.0,"dx":1.0,"dy":1.0}, "data":
[rows 70 to 104 of 181, columns 158 to 236 of 360]
1.73,0.07,1.48,-0.32,-3.95,-5.61,-4.27,-5.39,-6.3,-5.73,-4.7,-5.85,-5.61,-6.21,-6.23,-6.06,-6.47,-6.63,-7.21,-7.55,-7.68,-7.73,-7.88,-8.5,-8.63,-8.61,-8.61,-8.67,-8.63,-8.85,-9.03,-8.98,-9.18,-9.37,-9.29,-9.21,-8.81,-8.26,-7.51,-7.0,-7.34,-7.37,-5.27,-5.69,-3.96,-8.97,-3.01,-1.46,-4.28,-5.86,-5.41,-6.25,-6.93,-6.42,-5.88,-6.56,-6.89,-6.47,-5.89,-5.96,-6.48,-7.18,-6.99,-6.23,-6.02,-5.75,-5.53,-4.73,-3.96,-3.62,-1.78,-1.57,-1.06,-0.64,-0.55,-0.33,-0.11,-0.22,-0.68
1.99,1.31,1.62,-1.47,-4.5,-6.52,-6.96,-4.94,-5.04,-4.64,-4.96,-5.95,-6.17,-6.34,-6.58,-5.81,-7.25,-7.43,-8.06,-8.14,-8.37,-8.24,-8.0,-8.56,-9.12,-8.94,-8.96,-9.04,-9.03,-9.16,-9.31,-9.31,-9.31,-9.5,-9.24,-9.24,-9.21,-8.84,-8.35,-7.69,-6.78,-6.17,-5.2,-3.57,-4.61,-1.83,-4.3,-6.99,-4.32,-5.07,-5.17,-5.66,-6.4,-6.26,-5.51,-4.79,-5.34,-5.49,-5.48,-5.51,-4.75,-3.92,-3.84,-4.64,-4.68,-5.62,-5.59,-5.32,-4.06,-4.3,-4.08,-2.99,-2.69,-2.23,-2.08,-1.83,-1.81,-1.92,-2.12
0.66,0.75,-1.22,-3.37,-4.99,-5.73,-6.58,-5.75,-5.38,-6.18,-6.37,-6.38,-6.0,-6.87,-6.82,-6.96,-7.68,-8.07,-8.15,-8.3,-8.6,-8.65,-8.01,-8.58,-8.89,-9.02,-9.06,-9.04,-9.08,-9.06,-9.16,-8.73,-9.07,-9.25,-9.19,-8.88,-8.75,-8.43,-8.15,-7.54,-6.56,-5.7,-5.02,-4.57,-2.37,-5.53,-6.41,-6.81,-5.41,-4.98,-5.12,-5.49,-5.84,-6.14,-5.59,-5.11,-5.51,-5.78,-5.34,-5.01,-4.47,-4.05,-3.77,-4.23,-4.34,-4.76,-5.68,-5.17,-4.56,-4.42,-4.15,-3.84,-3.55,-3.4,-3.18,-3.03,-3.26,-3.35,-3.56
-1.39,-1.62,-2.14,-4.13,-6.35,-4.67,-5.57,-5.45,-6.22,-6.57,-6.61,-6.62,-6.5,-6.97,-7.23,-7.61,-8.1,-8.45,-8.47,-8.43,-8.66,-8.52,-8.27,-8.4,-8.45,-8.32,-8.63,-8.58,-9.0,-8.65,-8.87,-9.13,-9.57,-9.7,-9.71,-9.37,-8.83,-8.14,-7.76,-7.6,-6.91,-6.05,-5.33,-5.41,-6.24,-6.26,-6.48,-6.29,-5.59,-5.15,-5.57,-5.79,-6.04,-6.02,-5.67,-5.05,-4.77,-4.84,-4.58,-3.82,-3.85,-3.82,-3.98,-4.61,-4.84,-4.71,-4.91,-4.45,-3.58,-3.48,-3.71,-3.8,-4.07,-4.33,-3.85,-4.02,-4.49,-4.27,-4.06
-2.12,-2.72,-3.23,-2.73,-5.54,-5.63,-6.16,-5.9,-6.38,-6.24,-6.98,-6.78,-7.01,-7.2,-7.38,-8.04,-8.5,-8.52,-8.71,-8.84,-8.87,-8.83,-8.69,-8.52,-8.38,-8.39,-8.65,-8.72,-8.76,-9.06,-9.63,-10.16,-10.87,-10.98,-10.87,-10.79,-10.28,-9.9,-9.16,-8.32,-7.59,-7.07,-6.83,-7.06,-6.71,-6.81,-6.74,-6.32,-5.91,-5.82,-5.73,-5.67,-5.93,-6.31,-6.39,-5.91,-5.18,-5.12,-4.92,-4.79,-4.88,-4.83,-4.6,-4.62,-4.52,-4.48,-4.29,-4.16,-3.96,-3.54,-4.02,-4.54,-3.81,-3.55,-3.5,-3.91,-4.42,-4.73,-4.4
-2.88,-2.97,-3.9,-4.77,-4.75,-5.49,-5.78,-5.85,-6.42,-6.74,-7.03,-7.15,-7.44,-7.92,-7.58,-8.52,-8.58,-8.75,-8.77,-8.87,-8.93,-8.86,-8.71,-8.61,-8.52,-8.95,-8.44,-8.45,-8.7,-9.02,-9.83,-9.89,-10.62,-10.3,-10.57,-10.03,-9.91,-9.94,-9.69,-9.22,-8.27,-7.86,-7.51,-7.45,-7.23,-6.99,-7.09,-6.92,-6.39,-6.23,-6.17,-6.5,-6.57,-7.1,-6.66,-6.34,-6.07,-4.96,-4.56,-5.19,-5.32,-4.99,-4.8,-4.56,-4.4,-4.3,-4.35,-3.75,-3.79,-4.11,-4.64,-5.33,-4.97,-4.24,-4.26,-4.12,-4.87,-4.88,-4.82
-2.43,-3.22,-4.25,-4.73,-4.87,-4.68,-5.12,-6.06,-6.14,-7.3,-7.07,-7.27,-7.9,-8.06,-7.94,-8.48,-8.72,-8.61,-8.75,-8.9,-8.71,-8.74,-8.55,-8.47,-8.66,-8.41,-8.65,-8.47,-8.5,-8.93,-9.03,-9.43,-9.45,-8.24,-6.47,-7.39,-8.33,-8.3,-9.36,-8.91,-8.37,-7.85,-7.5,-7.38,-7.17,-7.44,-7.18,-6.95,-6.57,-6.35,-6.46,-7.0,-6.68,-7.1,-6.79,-6.3,-5.53,-4.65,-4.86,-5.29,-5.73,-5.11,-5.39,-5.06,-5.06,-4.86,-4.47,-4.02,-3.64,-4.41,-4.93,-4.92,-5.23,-4.81,-4.27,-4.35,-4.16,-5.26,-5.37
-2.83,-3.47,-3.47,-3.51,-4.29,-4.15,-4.53,-6.11,-6.43,-7.36,-7.56,-7.72,-8.49,-8.47,-8.32,-8.77,-8.86,-8.86,-8.97,-8.79,-8.57,-8.28,-8.27,-8.42,-8.7,-8.78,-8.77,-8.52,-8.33,-7.96,-7.93,-7.96,-6.89,-3.82,-5.3,-8.96,-6.97,-9.0,-8.39,-8.62,-8.12,-7.02,-7.83,-7.43,-6.9,-7.94,-7.98,-7.75,-6.69,-7.16,-7.41,-6.45,-6.25,-6.14,-6.09,-5.84,-5.11,-4.98,-5.13,-5.37,-5.88,-5.67,-6.06,-5.58,-5.69,-4.96,-4.77,-4.24,-4.21,-4.56,-5.15,-4.67,-4.86,-4.48,-4.13,-4.34,-5.1,-5.73,-5.82
-3.78,-4.42,-4.65,-4.09,-4.56,-4.63,-4.81,-5.84,-6.81,-7.69,-7.84,-8.1,-8.69,-8.77,-8.71,-8.71,-8.97,-8.91,-9.09,-8.78,-8.44,-8.08,-7.95,-8.18,-8.01,-8.84,-8.88,-8.09,-7.23,-5.57,-5.55,-5.34,-4.03,-4.48,-7.48,-7.44,-9.24,-8.56,-7.35,-6.85,-6.52,-6.6,-7.06,-7.33,-7.21,-6.96,-6.62,-6.6,-6.69,-6.17,-6.21,-6.61,-5.93,-5.72,-5.67,-5.23,-4.78,-5.04,-5.11,-5.08,-5.6,-7.01,-6.09,-6.02,-6.29,-5.65,-5.01,-4.88,-4.87,-5.01,-5.22,-5.1,-5.09,-4.67,-4.63,-4.38,-2.5,-4.89,-4.09
-5.76,-5.06,-4.33,-4.59,-4.89,-5.21,-5.33,-5.71,-6.23,-7.11,-7.94,-8.08,-8.23,-8.51,-8.55,-8.81,-9.1,-8.68,-8.66,-8.7,-8.35,-7.78,-6.9,-7.64,-9.33,-8.8,-8.48,-7.71,-6.3,-6.92,-1.59,-2.68,-4.49,-4.25,-5.96,-6.49,-7.8,-7.41,-6.61,-6.23,-5.64,-5.82,-6.49,-5.89,-5.18,-5.09,-4.68,-5.08,-5.69,-6.1,-6.36,-6.06,-5.46,-6.52,-5.81,-5.21,-4.72,-4.47,-6.77,-6.29,-4.96,-5.62,-4.99,-4.71,-5.81,-5.69,-5.36,-5.88,-5.73,-5.6,-5.48,-6.38,-5.31,-5.14,-3.75,-3.08,-1.33,-1.98,-1.97
-3.6,-4.17,-4.55,-4.83,-5.13,-5.24,-4.9,-6.33,-6.14,-7.06,-7.53,-7.89,-8.16,-8.04,-7.9,-8.37,-7.94,-7.68,-7.08,-6.41,-4.26,-3.93,-1.18,-4.88,-7.98,-9.15,-8.86,-8.38,-4.92,-4.77,-4.0,-0.74,-2.15,-3.86,-5.67,-5.95,-6.41,-6.51,-6.09,-5.62,-5.47,-4.42,-3.94,-3.65,-3.69,-4.21,-3.9,-3.67,-3.33,-4.03,-4.76,-6.35,-6.67,-6.06,-6.61,-6.22,-6.22,-5.93,-4.64,-3.39,-3.14,-2.58,-3.41,-4.87,-6.41,-5.75,-6.51,-7.26,-7.69,-6.97,-6.23,-5.43,-3.21,-1.79,-0.69,0.39,0.87,1.4,1.73
-3.58,-3.96,-4.23,-5.29,-4.96,-5.0,-5.51,-5.99,-6.63,-6.75,-6.56,-8.4,-7.6,-7.95,-7.5,-7.45,-6.78,-6.1,-5.35,-4.32,-2.91,-1.96,-0.81,0.19,-1.36,-1.45,-1.42,-3.46,-3.15,-1.25,-0.4,-1.97,-2.92,-3.74,-4.89,-5.45,-5.66,-5.88,-5.53,-5.15,-4.71,-4.28,-3.76,-3.67,-3.28,-3.9,-3.27,-3.36,-3.02,-3.62,-3.84,-4.46,-5.68,-5.78,-4.73,-5.14,-4.41,-4.06,-3.7,-3.64,-4.13,-3.18,-2.79,-2.46,-5.43,-3.42,-1.9,0.73,0.92,1.02,2.52,2.85,0.69,0.01,0.24,0.1,1.81,1.34,2.56
-2.96,-3.24,-3.55,-4.69,-4.41,-4.31,-4.73,-4.67,-5.08,-5.12,-4.95,-6.2,-6.41,-6.04,-5.87,-5.49,-5.14,-4.78,-4.61,-4.33,-3.67,-3.24,-2.89,-2.29,-1.65,-0.61,-0.48,-1.02,-1.96,-2.01,-1.74,-2.1,-2.93,-4.05,-4.71,-5.37,-5.46,-5.64,-5.43,-4.94,-4.43,-4.2,-3.9,-3.53,-3.5,-3.76,-3.76,-3.64,-3.74,-3.84,-3.95,-4.14,-4.79,-5.14,-5.24,-5.19,-4.96,-5.35,-4.82,-4.89,-4.55,-3.83,-2.18,0.93,0.39,-0.23,-0.61,0.7,0.94,1.6,1.77,1.23,-0.09,-0.49,-1.27,-0.05,0.87,0.62,1.59
-3.2,-3.39,-3.64,-4.51,-4.17,-3.71,-3.54,-3.69,-3.97,-4.21,-4.4,-4.94,-5.61,-5.41,-5.45,-5.44,-5.13,-5.17,-4.64,-4.21,-4.01,-4.06,-4.03,-3.28,-2.45,-1.93,-2.17,-3.14,-2.75,-2.75,-2.43,-2.87,-3.66,-4.75,-5.23,-5.51,-5.5,-5.7,-5.55,-5.32,-5.13,-4.87,-4.59,-4.37,-4.19,-4.35,-4.45,-4.25,-3.98,-3.79,-3.41,-4.32,-4.46,-4.41,-4.19,-4.25,-4.47,-3.98,-4.56,-5.18,-3.15,-3.06,-1.07,1.13,1.44,-0.37,-0.1,-0.72,-0.83,-1.12,0.31,-0.01,-1.28,-1.83,-1.19,-0.94,-0.66,-0.36,0.49
-3.17,-3.11,-2.97,-3.24,-3.21,-3.16,-3.01,-3.51,-3.51,-3.31,-4.04,-4.38,-5.0,-5.36,-5.25,-5.53,-5.61,-5.21,-4.79,-4.75,-4.42,-4.02,-3.98,-3.92,-3.15,-2.81,-2.78,-3.14,-3.41,-2.54,-2.71,-3.74,-4.9,-5.49,-5.77,-5.95,-6.13,-6.41,-6.34,-5.72,-5.32,-5.33,-5.08,-4.71,-4.69,-4.56,-4.52,-4.5,-4.11,-3.45,-3.35,-4.53,-4.39,-3.74,-3.6,-4.0,-2.56,-4.03,-3.73,-4.52,-3.43,-2.46,-1.4,-0.8,-0.58,-0.84,-1.43,-2.09,-2.48,-2.23,-1.52,-1.51,-2.31,-2.38,-2.09,-1.81,-1.4,-1.41,-0.61
-3.1,-2.86,-2.31,-2.2,-2.53,-2.87,-2.99,-3.09,-3.16,-3.34,-4.04,-4.37,-5.4,-5.66,-5.2,-5.74,-5.78,-5.2,-5.69,-5.15,-4.62,-4.14,-4.6,-4.09,-3.65,-3.45,-3.99,-3.77,-3.56,-3.62,-4.15,-4.71,-5.4,-5.65,-5.85,-6.29,-6.7,-6.97,-6.98,-6.7,-6.4,-5.93,-5.76,-5.55,-5.4,-5.0,-4.72,-4.57,-4.61,-3.93,-3.59,-4.61,-4.53,-4.38,-4.25,-5.07,-3.91,-4.7,-4.97,-4.8,-3.83,-3.52,-2.51,-2.39,-2.15,-2.22,-2.78,-3.13,-3.54,-2.94,-2.66,-2.99,-3.33,-3.11,-3.04,-3.13,-2.9,-1.99,-1.24
-3.14,-2.72,-2.52,-1.84,-2.67,-2.65,-3.26,-3.55,-4.33,-4.51,-4.58,-5.16,-5.61,-5.77,-5.53,-5.74,-5.46,-4.98,-5.15,-4.81,-4.32,-4.64,-4.8,-4.56,-4.38,-4.8,-4.93,-4.54,-4.64,-4.74,-4.67,-5.09,-5.65,-5.81,-5.93,-6.48,-6.98,-7.39,-7.32,-7.2,-6.98,-6.47,-6.43,-6.07,-6.22,-6.18,-5.86,-5.45,-5.25,-4.82,-4.54,-5.16,-5.35,-5.11,-5.03,-5.18,-5.53,-5.39,-5.39,-5.46,-4.71,-3.58,-3.24,-3.07,-3.3,-3.38,-3.68,-3.97,-4.26,-3.76,-3.63,-3.96,-4.14,-4.2,-4.41,-4.33,-3.94,-3.14,-2.79
-3.5,-3.34,-2.71,-2.3,-2.01,-2.5,-3.25,-4.09,-4.46,-4.61,-4.58,-4.96,-5.14,-4.97,-4.82,-4.89,-5.2,-5.24,-4.81,-4.57,-4.83,-5.19,-5.11,-5.22,-5.1,-5.05,-5.3,-5.48,-5.56,-5.13,-4.86,-5.27,-5.71,-5.98,-6.3,-6.71,-7.17,-7.42,-7.49,-7.33,-7.15,-7.17,-7.02,-6.88,-6.84,-6.8,-6.6,-6.38,-6.12,-6.13,-5.96,-6.06,-6.0,-5.68,-5.35,-5.89,-5.74,-5.99,-6.14,-5.87,-5.11,-4.6,-4.16,-4.09,-4.11,-4.4,-4.65,-4.93,-4.98,-4.55,-4.5,-4.62,-4.97,-5.26,-5.3,-4.9,-4.22,-3.76,-3.35
-3.32,-2.95,-2.55,-2.33,-2.2,-2.58,-3.17,-3.42,-3.89,-3.72,-3.8,-4.48,-5.07,-5.71,-4.49,-4.05,-4.52,-4.91,-4.94,-4.82,-4.96,-5.29,-5.47,-5.77,-5.68,-5.66,-5.81,-5.95,-5.84,-5.25,-5.09,-5.3,-5.82,-6.1,-6.49,-6.87,-7.3,-7.67,-7.7,-7.55,-7.45,-7.47,-7.23,-7.2,-6.71,-6.44,-6.8,-6.82,-6.71,-6.63,-6.59,-6.51,-6.41,-6.19,-6.21,-6.41,-6.33,-6.53,-6.53,-6.21,-5.63,-5.34,-5.15,-4.81,-5.35,-5.25,-5.31,-5.68,-5.46,-5.38,-5.39,-5.09,-5.27,-5.52,-5.58,-5.02,-4.31,-3.65,-3.47
-2.81,-2.39,-2.07,-2.1,-2.11,-2.26,-2.56,-2.96,-3.38,-3.63,-4.18,-4.85,-5.29,-5.12,-4.66,-4.28,-4.83,-5.28,-5.17,-4.86,-4.87,-4.96,-5.43,-5.89,-5.93,-5.87,-5.89,-5.98,-5.88,-5.73,-5.55,-5.64,-5.94,-6.36,-6.62,-6.94,-7.3,-7.56,-7.76,-7.61,-7.48,-7.58,-7.45,-7.28,-7.22,-7.2,-7.24,-7.18,-6.97,-6.99,-6.99,-6.92,-6.76,-6.69,-6.66,-6.71,-6.84,-6.96,-6.97,-6.56,-6.29,-5.89,-5.52,-5.55,-5.24,-5.21,-5.2,-5.65,-5.65,-5.55,-5.55,-5.44,-5.54,-5.51,-5.3,-4.85,-4.02,-3.28,-3.21
-2.45,-2.12,-2.0,-1.45,-1.48,-2.14,-2.2,-2.63,-2.86,-3.39,-3.89,-4.29,-4.68,-4.89,-4.97,-4.7,-4.74,-4.73,-4.77,-4.96,-4.99,-4.8,-5.33,-5.41,-5.78,-6.03,-5.79,-5.9,-5.87,-5.49,-5.3,-5.64,-6.01,-6.45,-6.87,-7.07,-7.52,-7.5,-7.83,-7.91,-7.58,-7.58,-7.57,-7.54,-7.52,-7.56,-7.59,-7.48,-7.45,-7.37,-7.31,-7.28,-7.22,-7.08,-7.39,-7.37,-7.39,-7.37,-7.24,-6.94,-6.47,-5.87,-5.31,-5.28,-5.11,-4.61,-4.84,-4.9,-5.47,-5.68,-5.34,-5.06,-4.98,-4.79,-4.86,-4.25,-3.63,-3.3,-3.12
-1.96,-1.44,-1.51,-1.48,-0.74,-1.05,-1.98,-2.41,-2.87,-2.92,-3.5,-3.81,-4.29,-4.54,-4.46,-4.3,-4.22,-4.23,-4.4,-4.66,-4.65,-4.69,-5.18,-4.84,-5.21,-5.48,-5.79,-5.77,-5.38,-5.15,-5.08,-5.15,-5.39,-6.03,-6.42,-6.89,-7.41,-7.59,-7.84,-8.1,-7.39,-7.43,-7.44,-7.58,-7.65,-8.17,-8.46,-8.29,-7.99,-7.82,-7.58,-7.6,-7.82,-7.99,-8.07,-8.13,-8.09,-7.91,-7.6,-6.66,-6.1,-5.7,-5.85,-5.73,-5.14,-4.48,-4.34,-4.8,-5.05,-5.58,-4.84,-4.48,-4.25,-4.03,-4.06,-4.01,-3.67,-3.45,-3.16
-1.92,-1.78,-1.81,-1.73,-0.27,-0.09,-0.57,-2.2,-2.88,-2.95,-2.98,-3.25,-3.86,-4.22,-4.21,-4.11,-3.99,-3.87,-3.86,-4.17,-3.99,-4.63,-4.8,-4.98,-4.99,-4.79,-4.63,-4.85,-5.37,-5.14,-4.8,-4.62,-4.65,-4.94,-5.1,-5.84,-6.46,-6.99,-7.42,-7.6,-7.66,-7.85,-7.56,-7.18,-6.94,-7.24,-7.89,-8.27,-8.53,-8.64,-8.81,-8.79,-8.81,-8.91,-8.81,-8.99,-9.14,-8.99,-8.18,-7.22,-6.84,-6.66,-6.8,-6.44,-5.75,-4.91,-4.6,-4.76,-5.2,-5.61,-4.91,-4.74,-4.55,-4.54,-4.57,-4.35,-4.25,-3.78,-3.29
-2.1,-2.15,-2.14,-1.49,-0.8,-0.15,-0.04,-2.16,-1.75,-2.54,-2.69,-3.35,-3.58,-3.83,-3.94,-3.53,-3.55,-3.8,-3.54,-3.72,-3.55,-4.63,-4.81,-5.02,-5.06,-4.6,-4.57,-4.36,-5.27,-5.17,-4.61,-4.19,-4.4,-4.36,-4.45,-4.71,-5.36,-5.97,-6.27,-6.84,-7.21,-7.57,-7.57,-7.44,-7.24,-7.3,-7.6,-7.78,-7.54,-7.74,-7.9,-8.34,-8.41,-8.41,-8.51,-8.71,-9.18,-9.45,-8.99,-8.33,-7.85,-8.26,-8.15,-7.59,-6.73,-5.77,-5.16,-5.37,-5.6,-5.64,-5.49,-5.22,-5.35,-5.45,-5.57,-5.4,-5.11,-4.38,-4.22
-1.58,-2.07,-2.41,-1.54,-1.45,-1.16,-0.54,-1.43,-1.92,-1.92,-1.59,-2.58,-3.31,-3.69,-3.52,-3.0,-3.82,-3.31,-3.81,-3.43,-4.0,-4.48,-5.5,-5.14,-5.48,-5.23,-5.09,-4.46,-4.63,-4.74,-4.52,-4.37,-4.21,-4.2,-3.96,-3.84,-4.72,-5.6,-5.72,-5.94,-6.73,-7.36,-7.76,-7.89,-8.15,-7.91,-8.04,-7.7,-7.74,-7.43,-7.34,-7.22,-7.7,-8.11,-7.99,-8.36,-8.76,-9.21,-9.31,-9.11,-8.95,-8.86,-8.44,-7.84,-7.26,-6.53,-5.76,-5.68,-6.02,-6.01,-6.25,-6.13,-6.36,-6.61,-6.78,-6.25,-5.95,-5.19,-5.09
-1.82,-1.88,-2.42,-1.71,-0.95,-2.26,-1.18,-1.19,-1.97,-1.55,-1.35,-2.01,-2.5,-3.3,-2.94,-2.85,-4.14,-3.81,-3.6,-4.38,-4.64,-4.26,-5.08,-5.47,-5.8,-5.61,-5.49,-4.64,-4.65,-4.94,-4.6,-4.27,-4.19,-3.93,-4.11,-4.36,-4.5,-4.51,-5.41,-5.79,-6.82,-7.71,-8.02,-8.29,-8.41,-8.42,-8.44,-8.4,-8.1,-8.0,-7.6,-7.53,-7.9,-8.4,-8.76,-8.77,-8.98,-9.53,-9.65,-9.83,-9.62,-9.19,-8.84,-8.45,-7.96,-6.83,-6.38,-6.48,-6.8,-6.79,-6.5,-6.73,-7.07,-7.41,-7.3,-6.67,-6.11,-5.87,-5.65
-2.86,-2.4,-3.15,-2.64,-3.36,-3.0,-2.09,-3.01,-5.08,-3.34,-2.18,-2.58,-2.35,-1.25,-2.83,-3.24,-4.25,-4.43,-3.82,-4.32,-4.4,-4.79,-4.6,-5.03,-5.43,-6.19,-6.04,-5.65,-5.01,-5.15,-4.37,-4.47,-4.13,-4.39,-4.89,-4.75,-4.62,-5.18,-5.35,-6.7,-7.29,-7.95,-8.49,-8.33,-8.48,-8.3,-8.36,-8.24,-8.54,-8.72,-8.57,-8.72,-9.27,-9.76,-9.38,-9.85,-9.98,-9.95,-9.96,-9.84,-9.71,-9.49,-9.33,-8.86,-8.45,-7.75,-7.24,-7.09,-7.18,-7.62,-7.83,-7.16,-7.11,-7.45,-7.58,-7.33,-6.59,-6.31,-6.05
-3.38,-3.35,-3.33,-2.86,-3.6,-3.98,-3.45,-3.41,-4.91,-6.25,-5.72,-4.4,-3.11,-1.58,-2.41,-3.01,-3.24,-3.64,-3.39,-4.29,-4.16,-4.7,-4.48,-5.7,-5.91,-5.66,-5.26,-4.88,-4.52,-4.74,-4.32,-4.49,-4.4,-5.2,-5.64,-6.26,-6.74,-8.0,-8.02,-8.38,-8.93,-8.14,-9.2,-8.87,-8.84,-8.67,-8.28,-8.24,-8.51,-8.89,-8.84,-8.87,-9.69,-10.05,-10.0,-10.11,-10.28,-9.8,-9.55,-10.0,-10.02,-9.63,-9.35,-9.5,-9.2,-8.66,-8.13,-7.79,-7.61,-7.56,-7.61,-7.96,-7.9,-7.58,-7.56,-7.41,-7.04,-6.67,-6.32
-1.51,-1.0,-3.16,-4.42,-4.0,-5.62,-5.04,-4.89,-5.56,-5.72,-6.34,-5.89,-5.12,-3.94,-4.7,-3.63,-2.84,-3.94,-3.7,-4.48,-3.59,-4.23,-3.96,-4.53,-4.41,-4.86,-4.76,-4.89,-4.87,-4.89,-4.49,-5.11,-4.95,-5.66,-7.96,-8.61,-8.76,-9.17,-9.79,-9.66,-9.72,-10.34,-10.0,-9.13,-9.4,-8.96,-8.75,-8.32,-8.33,-8.53,-8.78,-9.04,-9.16,-9.88,-9.61,-9.61,-9.84,-9.59,-9.66,-9.52,-9.84,-10.06,-9.72,-9.73,-9.59,-9.3,-8.77,-8.24,-8.31,-7.99,-7.7,-7.62,-7.94,-8.06,-7.64,-7.52,-7.12,-6.9,-6.7
-2.52,-2.41,-3.11,-1.54,-5.35,-5.8,-6.38,-5.93,-5.67,-5.67,-5.93,-6.0,-5.49,-5.42,-6.31,-4.84,-3.84,-4.62,-4.59,-4.03,-3.98,-3.91,-4.15,-4.33,-4.71,-4.82,-4.82,-4.9,-5.48,-5.31,-5.67,-5.93,-6.47,-6.61,-8.18,-8.57,-8.69,-9.29,-10.38,-10.35,-10.22,-10.08,-9.85,-9.45,-9.02,-8.78,-8.5,-8.48,-8.31,-8.21,-8.7,-9.02,-9.38,-9.51,-9.71,-9.63,-9.35,-9.25,-9.94,-9.75,-9.43,-10.03,-10.08,-9.95,-9.86,-9.58,-9.23,-8.93,-8.61,-8.53,-8.31,-8.05,-8.0,-7.92,-7.83,-7.59,-7.3,-7.44,-7.27
-4.27,-2.94,-4.62,-6.51,-6.37,-5.21,-7.09,-6.13,-6.39,-5.83,-5.75,-5.81,-6.38,-6.48,-6.65,-5.37,-4.11,-5.59,-5.42,-4.0,-4.06,-4.12,-4.66,-4.02,-5.19,-4.7,-5.61,-5.34,-6.01,-6.16,-6.12,-6.39,-7.11,-6.85,-7.75,-8.13,-8.63,-9.07,-9.66,-9.61,-9.82,-9.55,-9.61,-9.34,-9.3,-9.19,-8.61,-8.89,-8.62,-8.54,-8.74,-9.01,-9.12,-9.3,-9.65,-9.68,-9.56,-9.38,-9.39,-9.64,-9.91,-9.84,-9.87,-10.12,-10.14,-9.94,-9.62,-9.0,-8.71,-8.31,-7.96,-7.92,-8.27,-8.33,-8.02,-7.73,-7.82,-7.85,-7.59
-7.57,-6.7,-6.42,-7.28,-7.01,-6.67,-6.57,-6.43,-6.25,-6.2,-5.47,-5.56,-6.13,-6.56,-6.21,-6.21,-5.56,-7.58,-5.92,-4.84,-4.44,-4.63,-4.2,-4.37,-5.23,-4.84,-5.72,-6.24,-6.75,-7.56,-7.04,-7.22,-6.92,-6.98,-7.35,-8.08,-8.35,-8.86,-8.96,-9.29,-9.32,-8.96,-8.98,-8.76,-8.78,-8.87,-8.84,-8.99,-8.97,-8.82,-8.85,-8.97,-9.2,-9.15,-9.09,-9.4,-9.65,-9.57,-9.37,-9.9,-9.96,-9.74,-9.78,-9.88,-9.67,-10.12,-9.9,-9.39,-8.27,-7.81,-7.74,-7.76,-8.33,-8.28,-7.99,-7.82,-7.91,-7.76,-7.71
-8.06,-7.69,-7.33,-7.08,-7.75,-6.81,-6.58,-6.41,-6.32,-6.54,-6.47,-5.35,-5.23,-6.72,-7.33,-7.04,-7.33,-6.53,-6.14,-5.17,-4.33,-5.3,-5.13,-5.27,-5.77,-6.23,-6.11,-6.46,-7.46,-8.15,-8.51,-7.46,-7.13,-6.92,-7.38,-7.34,-8.48,-8.62,-8.66,-8.3,-8.44,-8.57,-8.42,-8.32,-8.37,-8.54,-8.57,-8.66,-8.84,-8.99,-8.78,-8.64,-9.12,-9.22,-8.88,-8.84,-9.24,-9.46,-9.48,-9.84,-9.96,-10.21,-10.14,-9.8,-9.39,-9.79,-10.08,-9.37,-8.63,-7.7,-7.97,-8.25,-8.62,-8.28,-8.02,-7.91,-7.72,-7.74,-7.42
-7.64,-7.73,-7.37,-6.7,-7.01,-6.74,-6.51,-6.1,-5.84,-6.79,-5.99,-6.36,-5.98,-6.83,-8.5,-7.64,-7.18,-6.62,-6.33,-6.54,-7.68,-6.5,-5.57,-6.53,-6.95,-7.45,-7.35,-7.61,-7.47,-9.0,-8.28,-7.77,-7.47,-7.25,-7.2,-7.46,-7.59,-7.85,-8.3,-8.17,-7.99,-7.77,-8.02,-8.21,-8.21,-8.5,-8.62,-8.98,-8.99,-8.79,-9.03,-8.95,-9.19,-9.04,-8.9,-8.84,-8.83,-9.21,-9.45,-9.67,-9.87,-9.93,-9.88,-9.79,-9.49,-9.42,-9.59,-8.98,-8.94,-8.02,-7.69,-8.01,-8.44,-8.31,-8.01,-7.69,-7.48,-7.53,-7.28
-7.28,-7.05,-7.57,-7.09,-6.07,-5.92,-5.09,-4.95,-7.25,-5.81,-6.03,-6.08,-6.46,-7.48,-7.23,-7.78,-7.25,-6.97,-6.87,-7.18,-7.24,-7.25,-6.99,-8.02,-7.84,-8.34,-7.85,-8.4,-8.15,-8.46,-7.89,-7.67,-7.64,-7.48,-7.8,-7.59,-7.87,-7.67,-8.0,-8.43,-8.09,-7.59,-7.18,-7.74,-7.9,-8.36,-8.72,-9.18,-9.24,-8.78,-8.79,-8.78,-9.05,-9.03,-9.07,-8.87,-9.08,-9.27,-9.38,-9.34,-9.38,-9.66,-9.64,-9.65,-9.29,-9.32,-9.11,-8.5,-8.56,-8.61,-7.38,-7.59,-8.0,-8.22,-7.67,-7.3,-7.19,-7.09,-7.01
