static/gfs.json
{"header": {"discipline":0,"disciplineName":"Meteorological products","gribEdition":2,"gribLength":75994,"center":7,"centerName":"US National Weather Service - NCEP(WMC)","subcenter":0,"refTime":"2016-12-24T00:00:00.000Z","significanceOfRT":1,"significanceOfRTName":"Start of forecast","productStatus":0,"productStatusName":"Operational products","productType":1,"productTypeName":"Forecast products","productDefinitionTemplate":0,"productDefinitionTemplateName":"Analysis/forecast at horizontal level/layer at a point in time","parameterCategory":2,"parameterCategoryName":"Momentum","parameterNumber":2,"parameterNumberName":"U-component_of_wind","parameterUnit":"m.s-1","genProcessType":2,"genProcessTypeName":"Forecast","forecastTime":0,"surface1Type":103,"surface1TypeName":"Specified height level above ground","surface1Value":10,"surface2Type":255,"surface2TypeName":"Missing","surface2Value":0,"gridDefinitionTemplate":0,"gridDefinitionTemplateName":"Latitude_Longitude","numberPoints":65160,"shape":6,"shapeName":"Earth spherical with radius of 6,371,229.0 m","gridUnits":"degrees","resolution":48,"winds":"true","scanMode":0,"nx":360,"ny":181,"basicAngle":0,"subDivisions":0,"lo1":0,"la1":90,"lo2":359,"la2":-90,"dx":1,"dy":1,"convert-by":"Asper","site":"https://airmap.g0v.asper.tw"}, "data":
[rows 144 to 179 of 181, columns 240 to 319 of 360]
-2.1,-0.92,-1.74,-2.87,-2.57,-4.46,-4.27,-3.76,-3.35,-2.94,-1.87,-0.82,-0.86,-1.9,-1.87,-2.04,-2.12,-1.62,-1.44,-1.41,-1.49,-1.96,-2.44,-2.83,-3.07,-3.93,-4.43,-5.18,-5.81,-6.21,-6.44,-6.66,-6.84,-7.03,-7.36,-7.6,-7.91,-8.19,-8.4,-8.42,-8.24,-7.97,-7.52,-6.78,-5.82,-4.8,-4.52,-3.1,-0.52,1.81,1.67,2.44,3.55,5.53,8.24,6.75,4.08,3.62,4.92,5.94,6.23,5.66,5.52,4.65,3.09,1.87,2.48,4.58,6.78,8.66,10.41,11.57,12.81,14,15.11,15.77,16.3,16.57,17.26,18.02
-7.4,-6.46,-4.79,-4.36,-3.94,-5.22,-5.71,-4.46,-3.53,-2.72,-1.7,-0.81,-1.15,-1.48,-1.19,-1.31,-1.12,-0.6,-0.46,-0.41,-0.09,-0.05,-0.73,-1.45,-1.9,-2.47,-2.82,-3.35,-3.79,-4.13,-4.45,-4.65,-4.7,-4.68,-4.56,-4.49,-4.47,-4.54,-4.54,-4.5,-4.72,-4.8,-4.76,-4.48,-3.68,-2.43,-1.41,-0.53,0.46,1.92,2.43,2.77,1.66,1.98,3.28,2.53,3.96,5.04,5.55,4.35,3.97,4.79,4.52,3.59,1.35,1.83,4.51,6.44,8,9.16,10.19,11.36,12.45,13.94,15.03,16.03,16.85,17.27,17.44,17.7
-8.66,-8.55,-7.72,-6.95,-7.46,-7.13,-6.42,-5.16,-3.82,-2.59,-1.43,-0.64,-0.68,-0.68,-0.39,-0.04,0.12,0.25,0.39,0.64,1.06,1.3,1.62,1,-0.09,-0.49,-0.41,-0.55,-0.86,-1.49,-1.81,-2.13,-2.18,-2.23,-2.1,-1.71,-1.28,-0.87,-0.51,-0.17,0.04,-0.03,-0.17,-0.07,0.26,0.41,0.51,1.26,1.85,2.59,3.56,4.31,4.46,3.93,3.38,2.46,2.2,1.98,2.33,3.47,3.97,3.55,0.92,0.74,2.57,3.5,5.01,6.4,7.24,8.31,9.68,10.89,11.71,12.26,13.27,13.97,14.07,14.21,14.91,15.53
-6.05,-6.46,-6.56,-6.44,-6.55,-6.33,-5.39,-4.32,-3.26,-2.19,-0.89,-0.25,0.01,0.19,0.56,1.13,1.49,1.65,1.86,1.8,2.08,2.46,2.26,2.23,2.06,1.22,1.37,0.95,0.95,0.59,0.31,0.22,0.15,0.01,0,0.03,0.27,0.65,1.25,2.01,2.72,3.28,3.9,4.4,4.61,4.63,4.89,4.57,4.39,4.64,4.52,3.98,4.19,4.56,4.47,4.49,3.56,4.11,4.65,4.52,2.52,-1.45,-0.48,1.29,1.85,3.03,4.19,5,6.26,7.16,8.11,8.63,8.99,9.89,9.86,9.69,9.8,10.08,9.87,9.2
-6.05,-6.62,-7.24,-7.32,-6.64,-5.6,-4.35,-3.57,-2.51,-1.27,-0.17,0.36,0.77,1.15,1.44,2.47,3.36,3.45,3.27,2.74,2.59,2.77,2.78,2.45,2.24,1.98,1.56,1.46,2.05,2.37,2.38,2.49,2.35,2.35,2.5,2.31,2.43,2.5,2.97,3.83,4.59,5.27,5.75,6.18,6.65,7.09,7.22,6.99,6.8,5.97,4.95,3.35,2.44,1.99,1.81,2.28,3.16,2.86,2.86,4.11,-0.84,-2.43,-1.26,-0.09,1.14,2.26,2.78,3.68,4.81,5.13,5.46,5.32,5.72,5.95,5.26,5.04,5.45,4.76,3.86,3.08
-6.11,-6.66,-6.63,-5.85,-4.33,-3.11,-2.6,-2.28,-1.53,-0.51,0.25,0.5,0.77,1.55,2.4,3.61,4.4,3.75,3.52,3.55,3.35,3.37,3.08,2.53,2.57,2.04,1.9,2.73,3.76,4.28,4.37,4.73,4.83,5.24,5.27,5.18,5.17,5.38,4.78,5.36,6.21,6.19,6.65,7.07,7.46,7.73,7.74,7.43,7.07,6.77,5.58,4.8,2.73,1.76,1.97,2.29,2.92,3.96,1.31,-4.13,-4.22,-3.57,-2.19,-0.66,0.27,1.35,1.24,2.28,2.89,2.63,2.6,2.32,1.77,1.91,1.06,0.86,0.86,0.64,-0.35,-1.27
-4.36,-4.26,-4,-3.28,-2.21,-1.32,-1.42,-1.12,-0.51,0,0.32,0.58,0.9,1.46,1.96,2.59,3.5,3.94,4.23,4.28,4.32,4.3,4.02,3.45,3.01,3.35,4.13,4.91,5.54,5.8,6.46,6.94,7.14,7.13,6.91,6.62,6.79,6.45,5.42,6.35,6.72,6.64,6.8,6.6,6.53,6.43,6.13,5.73,5.45,5.28,4.79,4.1,4.14,2.17,1.83,1.67,1.56,-1.16,-3.38,-3.45,-3.97,-2.78,-1.91,-1.3,-0.35,0.58,0.09,0.9,1.02,0.64,0.25,0.16,-0.59,-0.75,-1.1,-2.39,-2.78,-3.09,-2.86,-2.84
-2.74,-2.92,-2.38,-1.37,-0.39,0.21,0.18,-0.25,-0.2,0.15,0.65,1.29,2.03,2.67,3.17,3.91,4.72,5.22,5.35,5.2,5.06,5.1,5.12,5.17,5.35,5.58,5.92,6.25,6.56,7.1,7.05,6.96,6.79,6.46,6.11,6.1,5.18,4.65,5.58,6.12,5.93,5.81,5.07,4.64,4.42,4.23,3.95,3.52,3.42,3.91,3.83,3.74,3.64,2.86,2.42,1.46,1.04,-0.44,-0.8,-0.97,-0.23,0.97,1.32,0.09,0.12,0.44,0.01,-0.29,-0.33,-0.7,-1.22,-1.58,-2.19,-2.93,-3.57,-3.7,-4.6,-5.33,-6,-5.94
-2.92,-2.57,-1.32,0.41,0.99,1.01,1.39,1.44,1.54,1.7,2.15,2.82,3.43,3.85,4.28,4.6,4.96,5.24,5.4,5.52,5.88,5.99,6.14,6.25,6.38,6.61,6.9,7,7.02,6.61,6.52,6.35,6.3,5.65,4.42,3.66,3.92,4.33,4.64,4.3,4,3.66,3.52,2.98,2.55,2.28,2.17,2.46,2.7,3.02,2.73,2.88,2.59,1.83,1.47,1.68,1.54,1.48,2.03,2.52,3.66,4.75,1.38,0.31,0.22,-0.01,0.12,-0.51,-1.17,-1.91,-2.61,-3.47,-3.83,-4.19,-4.85,-5.38,-5.99,-6.67,-7.28,-8.08
-1.31,-0.46,0.1,1.39,1.93,2.47,3.09,3.53,4.01,4.41,4.39,4.21,4.23,4.49,4.9,5.22,5.4,5.43,5.52,5.63,5.83,6.16,6.45,6.72,7.2,7.4,7.42,6.75,6.29,6.64,6.33,5.95,5.77,4.24,3.38,3.29,3.25,3.18,3,2.76,2.64,2.55,2.54,2.62,2.78,2.98,3.16,3.14,3,2.91,2.57,2,1.47,1.52,1.87,2.3,1.3,0.45,1.47,2.97,2.8,3.89,0.17,-1.96,0.33,0.57,1.11,0.33,-1.07,-2.59,-3.77,-4.59,-5.16,-5.66,-6.45,-6.77,-6.97,-7.49,-8.28,-8.96
-0.04,0.93,1.9,2.49,2.81,3.28,3.67,3.83,3.65,3.12,2.97,3.22,3.56,3.99,4.4,4.68,4.87,5.04,5.16,5.35,5.75,6.3,6.84,7.27,7.46,7.59,7.42,7.01,6.68,6.09,5.74,5.99,5.2,3.78,3.28,3.01,2.79,2.72,2.83,2.8,2.37,2.03,2.01,2.17,2.22,2.68,4.51,6.41,7.07,6.11,4.82,3.99,3.34,3.05,2.12,-0.79,-3.16,-1.34,0.3,1.09,-0.05,-1.04,1.26,-1.03,1.45,1.71,0.94,0.23,-0.99,-1.46,-3.05,-4.79,-5.64,-6.37,-7.03,-7.75,-8.35,-8.7,-9.21,-9.67
0.6,0.09,0.03,0.53,1.42,2.14,2.72,2.91,2.93,2.91,3.03,3.37,3.85,4.32,4.67,4.93,5.17,5.43,5.72,6.02,6.24,6.46,6.78,7.02,7.26,7.3,7.13,6.76,6.44,5.97,5.92,6.19,4.73,3.76,3.27,3.03,2.96,2.94,2.85,2.47,1.99,1.62,1.27,0.58,-0.05,-0.67,-2.29,-3.71,-4.6,-4.59,-3.3,-2.29,-2.44,-3.64,-4.63,-2.62,-0.99,-2.11,-1.4,1.15,2,0.27,-0.57,0.37,0.22,0.37,0.21,-0.7,-1.23,-1.16,-1.63,-2.36,-3.44,-4.75,-6.68,-7.98,-8.41,-8.71,-9.42,-10.11
2.79,2.96,3.03,2.82,2.43,2.02,1.81,1.84,2.03,2.34,2.83,3.5,4.16,4.72,5.16,5.6,6.02,6.26,6.31,6.31,6.35,6.44,6.54,6.73,7.13,7.16,6.98,6.82,6.52,6.5,6.67,5.64,4.56,3.94,3.75,3.66,3.58,3.4,3.12,2.66,2.07,1.51,0.91,0.22,-0.66,-1.28,-1.62,-2.11,-3,-4.22,-5.02,-5.25,-4.88,-3.21,-0.32,-1.07,-2.24,-0.28,1.48,-1.14,-0.28,-0.18,-0.99,-0.54,-0.45,-0.6,-0.55,-1.31,-1.6,-1.61,-1.82,-2.1,-2.25,-2.69,-3.42,-4.24,-5.64,-7.33,-7.93,-7.03
5.09,5.29,5.36,5.39,5.37,5.14,4.79,4.56,4.59,4.8,5.08,5.37,5.67,5.99,6.29,6.48,6.52,6.52,6.53,6.63,6.94,7.27,7.46,7.58,7.63,7.52,7.39,7.09,6.88,6.98,6.63,5.62,4.9,4.58,4.41,4.28,4.2,4,3.7,3.38,2.98,2.5,1.99,1.49,1.03,0.56,0.07,-0.35,-0.71,-0.57,-0.16,0.77,0,0.16,1.12,-1.46,0.57,0.28,-1.21,-0.41,-0.56,-0.59,-0.72,-0.73,-0.8,-1.16,-1,-1.01,-1.18,-1.33,-1.59,-1.87,-2.19,-2.46,-2.65,-2.94,-3.21,-3.54,-3.98,-5.36
6.87,6.91,6.82,6.75,6.77,6.79,6.79,6.72,6.71,6.75,6.83,6.95,7.14,7.24,7.3,7.39,7.52,7.64,7.77,7.84,7.81,7.81,7.84,7.92,7.9,7.7,7.71,7.66,7.46,7.42,6.94,5.95,5.2,4.9,4.84,4.87,4.82,4.57,4.29,4.07,3.9,3.78,3.56,3.28,2.97,2.69,2.52,2.27,2.1,1.72,0.2,-0.79,0.6,-0.18,-0.95,1.05,0.52,-0.46,0.16,-0.59,-0.56,-0.41,-0.72,-0.73,-0.74,-0.9,-0.96,-1.01,-0.98,-0.98,-0.96,-1.29,-1.41,-1.92,-2.44,-2.34,-2.37,-2.85,-3.14,-3.95
6.13,6.62,7.2,7.76,8.11,8.17,8.02,7.84,7.64,7.5,7.39,7.32,7.37,7.48,7.57,7.62,7.68,7.77,7.91,8.04,8.04,7.97,7.83,7.52,7.34,6.99,5.91,5.9,5.42,4.94,4.31,4.7,5,5.06,5.14,5.23,5.22,5.1,4.92,4.72,4.51,4.33,3.88,2.92,2.52,2.41,1.83,1.65,0.72,-0.31,-0.56,0.42,-0.24,-1.88,-1.49,0.13,0.26,0.14,0.5,-0.56,-0.52,-0.41,-0.63,-0.82,-0.98,-1.05,-0.97,-1.03,-1.25,-1.43,-1.73,-1.78,-1.67,-1.55,-1.43,-1.5,-1.64,-2.07,-2.37,-2.54
5.64,5.77,5.87,5.95,6.01,6.19,6.51,6.89,7.22,7.38,7.39,7.42,7.37,7.07,6.72,6.56,6.4,6.31,6.21,5.91,5.44,5.05,4.73,4.68,5.11,5.34,5.22,5.09,4.77,4.35,4,3.64,3.42,3.46,3.68,3.87,4.09,4.7,4.87,4.03,3.52,3.13,2.97,2.6,2.02,2.36,1.74,0.76,0.1,-1.02,0.01,0.4,0.04,-0.51,0.09,1.37,1.14,-0.86,-0.69,0.27,0.22,0.22,-0.31,-0.67,-0.66,-0.96,-0.98,-1.16,-1.42,-1.36,-1.34,-1.44,-1.46,-1.64,-1.72,-1.82,-1.84,-1.71,-1.55,-1.61
5.64,5.6,5.59,5.6,5.59,5.55,5.46,5.38,5.52,5.59,5.33,5.17,5.24,5.29,5.25,5.21,5.21,5.16,4.9,4.44,4.21,4.33,4.63,4.91,5.08,5.04,4.75,4.23,3.64,3.19,2.96,2.95,3.06,3.17,3.3,3.49,3.63,3.57,3.38,3.17,2.95,2.86,2.72,2.29,1.87,1.52,0.87,0.33,0.01,-0.24,0.29,1.29,-0.17,-0.4,-0.25,0.78,1.51,0.26,0.04,0.77,0.76,-0.21,-0.62,-0.43,-0.44,-0.78,-1.08,-0.93,-0.65,-0.45,-0.45,-0.63,-0.68,-0.78,-1.03,-1.36,-1.55,-1.53,-1.37,-1.1
6.97,6.85,6.74,6.57,6.33,5.91,4.77,4.1,3.83,3.79,3.84,3.88,3.81,3.49,3.1,2.86,2.61,2.18,2.65,3.23,2.77,2.85,2.18,1.79,1.45,1.68,2.13,2.35,2.45,2.47,2.4,2.38,2.63,2.93,3,2.75,2.34,2.09,2.08,2.21,2.42,2.63,2.36,1.37,0.57,0.76,1.03,0.41,0.04,0.02,0.11,-0.26,-0.81,-0.61,0.03,-0.11,-0.27,0.04,0.47,1.3,1.18,0.76,0.87,0.88,0.55,0.27,0.24,0.35,0.34,0.11,-0.1,-0.19,-0.31,-0.4,-0.4,-0.33,-0.4,-0.78,-1.4,-1.38
7.44,6.66,5.8,5.35,5.09,4.9,4.92,5.14,5.23,4.65,3.39,2.49,1.77,1.26,1.06,1.27,1.51,2.35,2.69,2.86,2.91,3.02,3.18,3.56,3.46,3.13,2.77,2.06,1.71,1.8,1.73,2.29,2.69,2.58,2.09,1.44,1.35,1.64,2.1,2.04,0.73,-0.03,0.48,0.29,-0.19,-0.42,-0.42,-0.41,-0.65,-1.32,-1.67,-1.61,-0.94,-0.05,0.34,-0.4,-1.48,-1.37,-0.95,-0.83,-0.08,0.61,0.82,0.97,1.1,0.82,0.88,1,1.03,0.96,0.83,0.67,0.51,0.38,0.25,0.09,-0.09,-0.34,-0.62,-0.62
-1.12,-0.82,-0.78,-0.84,-0.42,-0.69,-2.04,-1.4,-1.23,-2.01,-1.4,-0.49,-0.08,0.26,0.4,0.33,0.29,0.26,0.1,0.42,1.06,1.47,1.27,0.64,0.43,0.6,0.63,0.16,-0.14,-0.26,-0.51,-0.58,-0.7,-1.06,-1.26,-1.12,-1.34,-1.87,-2.52,-3.97,-3.88,-2.3,-2.11,-2.65,-2.86,-1.42,0.02,0.2,-0.05,-0.01,0.36,0.81,1.37,1.54,0.79,0.14,-0.18,-0.87,-1.64,-0.86,0.45,1.16,1.26,1.48,1.61,1.62,1.67,1.81,1.92,1.95,1.88,1.74,1.54,1.32,1.04,0.69,0.34,0.04,-0.2,-0.34
-0.7,-1.46,-2.32,-2.95,-3.12,-2.35,-1.2,-1.37,-1.54,-1.05,-0.14,0.22,-0.14,-0.28,-0.07,-0.13,-0.26,0.01,0.5,0.86,0.83,0.92,1.22,1.14,0.54,0.06,-0.04,0.02,0.01,0.01,0.16,0.4,0.77,1.36,1.7,1.48,1.21,1.16,1.12,1.32,1.94,1.74,0.61,-0.12,-0.11,-0.65,-2.05,-2.46,-1.41,-0.84,-0.76,-0.02,1.52,2.23,0.97,-0.43,-0.85,-0.44,0.87,1.79,2.22,2.88,3.4,3.24,2.9,2.73,2.67,2.77,2.89,2.92,2.86,2.74,2.58,2.33,1.95,1.47,0.96,0.57,0.27,-0.06
-2.23,-2.38,-2.52,-2.43,-2.2,-1.24,-0.11,-0.38,-1.55,-1.57,-0.58,-0.27,-0.16,-0.02,-0.27,-0.58,-0.52,-0.68,-0.93,-0.98,-0.87,-0.68,-0.27,0.03,0.38,0.73,0.81,1.01,1.38,1.58,1.98,2.63,3.15,3.54,3.6,3.08,2.22,1.64,1.69,1.95,1.44,0.52,-0.01,-0.02,0.36,0.93,1.24,1.53,2.18,2.74,3.07,3.1,3.78,3.7,2.31,2.35,3.17,3.36,3.28,3.2,3.06,2.77,2.41,2.09,1.93,2.17,2.86,3.7,4.14,4.01,3.42,2.99,2.77,2.66,2.52,2.29,1.92,1.44,0.97,0.42
-0.79,-0.79,-0.8,-0.74,-0.64,-0.52,-0.5,-0.51,-0.37,-0.21,-0.35,-0.57,-0.58,-0.51,-0.5,-0.48,-0.41,-0.32,-0.23,-0.15,-0.12,-0.13,-0.12,-0.06,0.04,0.19,0.48,0.94,1.43,1.5,0.87,-0.02,-0.62,-0.76,-0.5,-0.02,0.45,0.68,0.52,0.3,0.24,0.24,0.29,0.55,1.42,2.51,3.16,3.5,3.85,4.23,4.38,4.41,4.49,4.52,4.48,4.4,4.31,4.2,4.04,3.81,3.55,3.3,3.12,2.99,2.92,2.85,2.75,2.62,2.42,2.16,1.99,2.15,2.63,3.35,3.48,3.23,2.7,1.55,0.28,-0.42
0.14,0.6,0.75,0.65,0.43,0.37,0.37,0.22,-0.03,-0.22,-0.31,-0.39,-0.52,-0.64,-0.76,-0.89,-1.03,-1.17,-1.3,-1.35,-1.33,-1.24,-1.02,-0.65,-0.25,0.02,0.16,0.18,0.12,0.09,0.31,0.71,0.57,0.11,-0.1,-0.66,-0.88,-0.39,0.03,0.33,0.74,1.2,1.54,1.83,2.46,3.41,3.77,3.41,3.17,3.32,3.56,3.72,3.76,3.66,3.5,3.33,3.15,2.96,2.75,2.56,2.44,2.41,2.48,2.57,2.64,2.7,2.64,2.38,2.21,2.36,2.26,1.36,0.69,1.1,1.78,1.21,-0.81,-2.95,-3.68,-3.23
1.53,1.38,1.28,1.38,1.66,1.87,1.76,1.35,0.8,0.53,0.34,0.14,-0.08,-0.26,-0.37,-0.46,-0.56,-0.64,-0.64,-0.56,-0.38,-0.14,0.06,0.14,0.06,-0.16,-0.48,-0.9,-1.37,-1.75,-1.92,-1.69,-0.69,0.75,1.47,1.26,0.48,0.15,0.7,1.59,2.28,2.37,1.91,1.58,1.83,2.37,2.78,2.9,2.7,2.42,2.46,2.64,2.51,2.15,1.98,1.91,1.73,1.41,1.08,0.87,0.86,1.08,1.47,1.84,1.96,1.74,1.26,0.87,0.69,0.59,0.61,0.89,0.64,-1.1,-3.6,-4.98,-4.82,-3.95,-3.03,-2.35
1.99,1.98,2.01,2.19,2.35,2.49,2.63,2.74,2.84,2.79,2.63,2.44,2.28,2.09,1.93,1.75,1.57,1.43,1.35,1.29,1.22,1.12,0.93,0.62,0.29,0.07,0,0.1,0.42,0.95,1.53,1.91,2.09,2.2,2.46,2.93,3.49,3.39,3.46,2.44,1.17,0.62,0.99,1.65,2.01,2.05,1.92,1.62,1.25,0.97,0.71,0.42,0.17,-0.05,-0.32,-0.65,-0.91,-1.08,-1.16,-1.09,-0.86,-0.62,-0.67,-0.84,-0.94,-0.93,-0.72,-0.43,-0.25,-0.26,-0.34,-0.51,-1.02,-1.86,-2.15,-1.66,-1.08,-1.11,-1.48,-1.56
2.16,2.26,2.29,2.41,2.59,2.83,3.11,3.38,3.57,3.6,3.52,3.36,3.23,3.18,3.24,3.36,3.37,3.25,3.09,2.96,2.76,2.64,2.55,2.53,2.49,2.5,2.6,2.77,2.94,3.09,3.19,3.24,3.27,3.25,3.05,2.75,2.63,2.84,3.2,3.38,3.3,3.17,3.04,2.8,2.27,1.54,0.79,0.07,-0.61,-1.16,-1.49,-1.62,-1.67,-1.74,-1.82,-1.92,-2.04,-2.15,-2.17,-2.09,-2.08,-2.23,-2.44,-2.64,-2.85,-3.05,-3.2,-3.15,-2.92,-2.73,-2.83,-3.16,-3.46,-3.52,-3.29,-2.92,-2.52,-2.19,-2.08,-2.24
2.19,2.49,2.86,3.38,3.62,3.69,3.65,3.57,3.47,3.34,3.19,3.03,2.96,3.03,3.2,3.41,3.58,3.61,3.48,3.18,2.78,2.47,2.38,2.45,2.64,2.93,3.22,3.44,3.53,3.58,3.57,3.47,3.31,3.12,3.05,3.11,3.18,3.06,2.8,2.54,2.35,2.2,2,1.71,1.27,0.63,-0.19,-0.96,-1.49,-1.59,-1.42,-1.2,-1.11,-1.15,-1.28,-1.44,-1.6,-1.74,-1.87,-2,-2.15,-2.29,-2.42,-2.5,-2.54,-2.62,-2.81,-3.16,-3.52,-3.79,-3.8,-3.57,-3.16,-2.63,-2.05,-1.53,-1.29,-1.52,-2.26,-3.17
1.58,1.72,1.92,2.18,2.35,2.39,2.39,2.42,2.5,2.58,2.61,2.61,2.69,2.94,3.3,3.67,3.85,3.79,3.45,2.92,2.56,2.37,2.41,2.65,2.95,3.28,3.53,3.6,3.5,3.34,3.22,3.2,3.19,3.1,2.98,2.86,2.82,2.8,2.78,2.7,2.55,2.33,2.03,1.68,1.35,1.05,0.72,0.3,-0.22,-0.76,-1.22,-1.53,-1.66,-1.62,-1.42,-1.16,-0.89,-0.64,-0.39,-0.12,0.12,0.09,-0.29,-0.99,-1.92,-2.93,-3.95,-4.73,-5.03,-4.53,-3.13,-1.36,-0.13,0.14,-0.19,-0.68,-1.22,-1.94,-2.94,-3.8
1.04,1.26,1.49,1.68,1.86,2.12,2.32,2.34,2.3,2.27,2.28,2.38,2.58,2.83,3.11,3.31,3.44,3.41,3.26,3.09,2.83,2.66,2.61,2.67,2.82,3,3.15,3.25,3.32,3.3,3.11,2.74,2.3,1.92,1.66,1.56,1.57,1.62,1.71,1.82,1.98,2.15,2.32,2.45,2.52,2.53,2.47,2.37,2.19,1.95,1.7,1.49,1.37,1.28,1.1,0.73,0.24,-0.22,-0.55,-0.78,-1.03,-1.44,-2.09,-2.67,-2.91,-3.69,-3.67,-3.4,-3.18,-3.05,-3.06,-3.18,-3.36,-3.61,-3.95,-4.33,-4.68,-4.91,-4.96,-4.89
2.25,2.39,2.38,2.41,2.39,2.28,2.08,1.79,1.45,1.13,0.9,0.77,0.7,0.67,0.67,0.7,0.75,0.88,1.08,1.29,1.45,1.58,1.79,2.03,2.4,2.85,3.34,3.56,3.75,4.26,4.21,3.89,3.52,3.19,2.97,2.88,2.9,2.97,2.94,2.73,2.36,1.85,1.27,0.69,0.17,-0.27,-0.67,-1.07,-1.52,-2.03,-2.6,-3.15,-3.5,-3.54,-3.35,-2.88,-2.36,-2.27,-2.3,-2.66,-3.14,-3.64,-4.07,-4.37,-4.53,-4.57,-4.53,-4.44,-4.35,-4.26,-4.2,-4.14,-4.11,-4.09,-4.07,-4.05,-4.03,-4,-3.96,-3.92
1.42,1.15,0.83,0.48,0.15,-0.1,-0.28,-0.37,-0.37,-0.31,-0.19,0.02,0.3,0.64,1.08,1.55,2.02,2.43,2.67,2.77,2.7,2.48,2.26,2.04,1.97,2.05,2.24,2.56,2.92,3.22,3.44,3.4,3.2,2.82,2.26,1.63,1,0.42,0,-0.31,-0.5,-0.59,-0.65,-0.72,-0.86,-1.11,-1.45,-1.9,-2.48,-3.12,-3.8,-4.53,-5.2,-5.81,-6.28,-6.53,-6.6,-6.48,-6.15,-5.69,-5.14,-4.59,-4.13,-3.76,-3.54,-3.46,-3.48,-3.57,-3.68,-3.8,-3.91,-3.99,-4.06,-4.1,-4.11,-4.11,-4.09,-4.07,-4.04,-4
-1.67,-1.46,-1.26,-1.04,-0.81,-0.6,-0.4,-0.19,0,0.18,0.36,0.53,0.71,0.87,1.04,1.19,1.33,1.45,1.55,1.6,1.65,1.62,1.57,1.46,1.31,1.1,0.85,0.55,0.21,-0.14,-0.52,-0.9,-1.27,-1.62,-1.92,-2.19,-2.41,-2.58,-2.71,-2.79,-2.85,-2.89,-2.94,-2.99,-3.03,-3.12,-3.2,-3.3,-3.4,-3.5,-3.59,-3.68,-3.75,-3.83,-3.89,-3.94,-3.98,-4,-4,-3.97,-3.94,-3.87,-3.82,-3.77,-3.72,-3.69,-3.69,-3.7,-3.73,-3.77,-3.81,-3.85,-3.87,-3.91,-3.93,-3.95,-3.95,-3.95,-3.95,-3.94
0.65,0.73,0.8,0.87,0.93,1,1.06,1.11,1.16,1.22,1.26,1.3,1.33,1.35,1.36,1.36,1.33,1.3,1.25,1.18,1.1,1,0.89,0.78,0.66,0.54,0.42,0.3,0.18,0.06,-0.06,-0.17,-0.28,-0.39,-0.49,-0.59,-0.7,-0.8,-0.9,-1,-1.11,-1.21,-1.32,-1.41,-1.51,-1.6,-1.69,-1.78,-1.87,-1.94,-2.02,-2.1,-2.16,-2.22,-2.29,-2.35,-2.41,-2.46,-2.51,-2.56,-2.59,-2.63,-2.66,-2.69,-2.72,-2.75,-2.77,-2.8,-2.84,-2.88,-2.93,-2.98,-3.04,-3.1,-3.17,-3.23,-3.3,-3.37,-3.43,-3.5
2.77,2.74,2.72,2.69,2.66,2.62,2.59,2.55,2.51,2.47,2.43,2.39,2.35,2.3,2.26,2.21,2.16,2.11,2.06,2,1.95,1.9,1.83,1.77,1.7,1.64,1.56,1.49,1.41,1.33,1.26,1.17,1.09,1.01,0.92,0.83,0.73,0.65,0.55,0.46,0.36,0.26,0.16,0.06,-0.04,-0.14,-0.25,-0.35,-0.45,-0.55,-0.66,-0.76,-0.87,-0.97,-1.07,-1.17,-1.28,-1.37,-1.47,-1.57,-1.66,-1.76,-1.85,-1.94,-2.03,-2.12,-2.2,-2.28,-2.35,-2.44,-2.51,-2.59,-2.65,-2.72,-2.79,-2.85,-2.91,-2.97,-3.03,-3.08
