static/gfs.json
{"header": {"discipline":0,"disciplineName":"Meteorological products","gribEdition":2,"gribLength":76066,"center":7,"centerName":"US National Weather Service - NCEP(WMC)","subcenter":0,"refTime":"2017-03-02T12:00:00.000Z","significanceOfRT":1,"significanceOfRTName":"Start of forecast","productStatus":0,"productStatusName":"Operational products","productType":1,"productTypeName":"Forecast products","productDefinitionTemplate":0,"productDefinitionTemplateName":"Analysis/forecast at horizontal level/layer at a point in time","parameterCategory":2,"parameterCategoryName":"Momentum","parameterNumber":2,"parameterNumberName":"U-component_of_wind","parameterUnit":"m.s-1","genProcessType":2,"genProcessTypeName":"Forecast","forecastTime":0,"surface1Type":103,"surface1TypeName":"Specified height level above ground","surface1Value":10,"surface2Type":255,"surface2TypeName":"Missing","surface2Value":0,"gridDefinitionTemplate":0,"gridDefinitionTemplateName":"Latitude_Longitude","numberPoints":65160,"shape":6,"shapeName":"Earth spherical with radius of 6,371,229.0 m","gridUnits":"degrees","resolution":48,"winds":"true","scanMode":0,"nx":360,"ny":181,"basicAngle":0,"subDivisions":0,"lo1":0,"la1":90,"lo2":359,"la2":-90,"dx":1,"dy":1,"convert-by":"Asper","site":"https://airmap.g0v.asper.tw"}, "data":
[rows 35 to 69 of 181, columns 0 to 79 of 360]
12.14,11.87,11.17,10.1,9.16,9,8.73,8.47,8,7.42,8.36,7.17,6.15,7.06,7.35,2.29,-3.29,-5.29,-3.85,-3.79,-2.35,-2.08,-0.79,0.08,0.74,1.51,1.9,2.71,3.82,2.07,2.76,2.25,1.98,2.1,1.57,1.21,0.52,-0.11,0.09,-0.35,-0.33,-0.69,-0.62,-0.18,0.79,1.08,1.22,0.39,0.58,2.02,2.01,2.62,3.21,4.09,3.95,2.84,2.04,2.61,4.68,3.36,2.67,2.25,1.96,2.71,3.11,3.13,5.07,4.78,4.97,4.82,4.35,4.01,4.22,3.03,3.84,3.28,3.55,4.25,5.27,3.44
7.25,10.01,10.53,9.78,9.05,8.58,8.67,8.66,8.75,8.16,7.75,8.03,6.43,6.08,6.1,5.61,5.85,4.88,0.93,-0.39,-0.99,-1.61,-1.04,-0.12,0.27,1.15,2.02,2.41,2.46,2,2.13,2.45,2.38,1.31,1.84,0.64,-0.13,0.3,0.43,-0.11,-0.58,-0.65,-0.36,0.18,0.03,0.19,0.34,0.55,0.96,1.01,1.47,1.6,2.04,3.12,3.66,3.22,1.76,2.11,2.36,2.41,4.17,2.92,2.62,2.42,3.2,3.01,4.47,4.54,4.9,4.99,4.68,4.25,4,4.28,4.49,3.95,3.89,4.53,4.19,4.1
7.25,8.4,10.34,11.64,11.74,9.36,7.48,6.23,6.91,6.76,6.82,7.1,7.57,8.43,7.27,6.23,5.7,5.26,5.34,4.17,1.67,0.65,0.54,0.96,1.18,1.53,1.75,1.98,2.14,2.17,2.49,2.56,2.2,2.53,1.65,0.15,0.19,0.2,-0.61,-0.68,-0.46,-0.69,-0.83,-0.62,-0.84,-0.96,-0.73,0.07,-0.25,0.32,0.23,0.5,0.84,1.68,1.75,2.24,1.92,2.24,3.49,2.29,5.04,4.37,3.82,3.16,3.6,3.21,4.01,3.66,4.1,4.88,4.67,5.18,4.62,3.67,3.68,4.59,4.35,4.09,4.03,3.27
6.66,7.56,10.45,13.01,12.29,8.93,8.15,6.97,6.97,7.83,7.79,9.61,9.38,7.29,7.01,7.03,6.19,6.58,5.93,4.96,4.04,2.66,1.37,2.06,1.64,1.78,2.28,2.32,2.4,2.39,2.47,2.9,2.73,3.28,1.89,0.42,0.38,0.67,-0.38,-0.89,-1.18,-1.34,-1.43,-1.83,-1.99,-1.75,-1.76,-1.44,-1.16,-1.71,-1.73,-1.53,-0.37,0.1,0.7,1.42,1.32,2.4,4.44,4.29,4.95,5.46,4.66,4.05,3.93,3.26,3.25,3.86,4.17,4.68,4.77,5.29,5.16,5.24,4.1,3.99,4.48,3.83,3.64,3.15
7.78,8.83,9.58,7.66,7.09,7.45,7.39,6.58,5.95,6.42,6.5,9.64,10.37,9.87,8.91,7.95,7.82,6.14,6.61,4.81,6.69,3.84,2.28,1.89,0.99,1.97,2.7,2.75,2.64,2.69,2.61,2.82,2.84,3.3,2.1,1.23,0.77,0.17,-0.49,-0.5,-0.96,-1.55,-2.65,-3.29,-3.46,-3.62,-2.77,-2.74,-2.95,-3.14,-3.16,-2.49,-2.31,-1.52,-0.63,0.32,1.41,2.23,3.9,3.37,3.16,3.68,3.43,3.8,3.32,2.09,3.27,4.12,3.84,3.64,3.53,3.09,3.57,4.35,2.67,3.28,3.84,3.8,3.23,2.83
10.97,10.73,9.45,8.72,8.24,8.6,8.9,7.77,7.66,8.81,8.97,8.68,8.45,10.58,11.05,9.52,9.69,7.75,3.11,7.24,7.55,3.67,3.18,4.3,4.25,3.98,4.04,3.84,3.48,3.17,3.1,2.4,2.68,2.37,3.22,1.77,1.67,-1.47,-2.03,-2.02,-2.02,-2.12,-2.98,-3.89,-4.59,-4.62,-4.99,-5.04,-4.09,-4.05,-3.97,-3.78,-3.37,-3.12,-2.36,-1.55,-0.47,0.49,1.98,2.51,2.27,2.95,3.08,2.79,2.5,2.44,2.84,3.69,3.14,2.08,1.97,2.03,2.46,1.78,1.91,2.54,3.52,3.69,3.19,2.59
5.74,6.34,6.21,6.14,6.08,6.56,7.64,8.02,7.6,8.53,9.4,8.46,7.33,6.85,11.06,9.63,7.57,3.55,2.08,1.59,3.12,2.54,0.29,4.82,6.6,4.36,4.53,3.96,3.61,3.32,3.27,2.72,2.84,3.11,4.1,3.9,1.34,-0.46,-1.09,-3.05,-2.94,-3.32,-4.11,-4.46,-4.77,-5,-5.45,-5.5,-4.54,-4.64,-4.42,-4.54,-4.05,-3.85,-3.84,-2.94,-2.02,-1.34,0.2,0.68,0.82,1.51,1.77,2.01,2.05,1.77,1.81,2.2,1.33,-0.12,0.92,-0.06,-0.32,-0.26,-0.65,0.5,0.8,0.13,-0.23,0.73
2.79,3.3,3.37,3.95,4.4,5.05,5.3,6.99,5.61,5.16,5.83,6.26,7.43,4.57,4.22,2.72,5.67,6.05,2.69,2.28,2.67,4.46,4.34,2.31,1.85,4.49,3.77,2.93,2.98,2.93,2.35,2.74,2.53,3.09,3.23,1.69,-0.28,-2.08,-3.41,-3.5,-4.41,-4.74,-5.13,-4.95,-6.17,-5.75,-6.34,-6.72,-6.53,-6.13,-5.01,-4.76,-4.58,-4.01,-4.26,-4.37,-3.5,-2.69,-2.46,-1.13,0.17,1.2,1.73,2.02,1.71,1.36,1.43,0.94,-0.7,-1.38,-0.7,-1.24,-1.28,0.25,1.18,-0.68,-1.94,-2.93,-2.14,-3.29
0.26,1.04,1.93,2.62,3.16,2.48,2.75,3.85,3.13,1.24,1.55,1.73,1.09,0.35,1.22,1.78,1.81,2.26,3.36,4.23,4.3,2.89,2.44,3.38,1.14,2.74,2.87,1.96,2.61,2.44,2.4,1.53,1.67,2.66,1.9,-1.25,-2.55,-4.51,-4.49,-4.36,-5.34,-6.18,-5.79,-5.81,-7.05,-6.92,-7.13,-7.29,-7.12,-6.73,-6.43,-5.69,-4.35,-5.03,-5.11,-4.42,-3.83,-4.07,-3.39,-2.85,-2.62,-1.31,-0.49,1.16,1.56,0.51,0.62,-0.05,-1.45,-2.78,-0.93,-0.59,-0.13,0.87,0.42,-0.36,0.24,-0.64,1.81,2.12
-1.5,-1.19,-0.3,0.4,2.08,0.61,1.34,2.09,1.2,1.28,1.81,0.55,-0.67,-1.33,2.58,4.16,4.59,5.67,5.18,3.06,2.09,0.52,0.92,1.31,1.23,1.83,2.66,3.49,1.84,2.55,1.94,0.2,2.31,2.63,0.66,-2.06,-4.13,-4.44,-4.49,-4.38,-5.25,-6.51,-6.44,-5.29,-6.3,-7.7,-8.88,-8.55,-7.99,-7.66,-7.71,-6.02,-5.3,-6,-5.3,-5.01,-6.02,-5.84,-4.74,-3.64,-2.78,-3.18,-1.99,-1.02,0.11,0.56,0.71,0.83,-0.54,-2.36,-0.11,0.36,0.47,0.14,2.78,2.88,2.69,2.85,2.89,2.95
-3.08,-1.81,0.47,2.13,0.63,-1.95,0.71,2.28,-1.21,-0.23,-0.87,-1.31,-0.48,2.13,0.64,4.58,4.01,2.49,2.4,0.72,-0.07,-0.21,1.42,0.27,-0.17,0.95,0.97,2.84,0.64,2.17,0,1.5,2.56,2.91,2.36,0.04,-2.39,-3.02,-0.05,-1.6,-3.47,-3.3,-4.26,-5.13,-4.52,-7.76,-10.33,-10.85,-11.19,-8.47,-6.69,-6.61,-7.32,-6.49,-6.16,-5.91,-4.38,-3.62,-3.85,-5.02,-4.57,-3.59,-3.82,-2.75,-2.2,-1.4,-0.9,-1.39,-1,-0.79,0.16,0.69,0.63,-0.17,1.92,2.96,2.64,2.61,1.52,0.67
-1.33,0.56,1.54,2.74,0.81,2.37,1.89,0.88,-1.53,-1.14,-1.11,3.72,6.04,3.33,-1.71,-2.05,1.63,1.61,1.84,1.08,1.39,0.23,3.19,4.55,3.99,0.78,0.72,1.02,1.45,0.13,0.74,3.82,3.81,1.79,3.36,1.02,-0.58,-1.6,-2.25,-3.01,0.38,0.42,0.31,-2.45,-3.36,-4.68,-10.18,-11.41,-13.28,-12.44,-10.18,-8.68,-8.46,-7.29,-7.14,-6.47,-5.77,-3.59,-4.62,-6.39,-5.93,-5.11,-4.89,-4.64,-4.11,-3.54,-3.2,-3.41,-2.87,0.99,0.65,0.39,2.04,2.87,3.18,1.64,1.39,2.61,3.26,7.13
-0.36,-1.14,-0.61,1.07,5.32,5.46,8.45,11.45,9.36,10.12,-5.45,2.17,2.19,3.54,-4.52,-3.32,-3.02,-0.17,1.79,1.56,1.17,1.31,0.86,2.77,1.93,4.25,3.61,4.59,5.05,0.33,2.22,3.42,2.24,2.21,1.57,2.25,4.01,1.29,-1.67,-2.57,-2.53,-0.8,-0.71,1.34,-0.48,-0.77,-0.34,-5.66,-12.79,-14.15,-11.76,-10.17,-10.49,-9.71,-8.37,-8.71,-6.83,-6.17,-6.07,-6.2,-6.5,-6.22,-6.02,-5.95,-5.04,-4.27,-3.07,0.21,-2.86,-5.4,-3.02,0.36,0.15,0.6,1.96,3.67,-0.04,0.6,-0.95,-0.24
1.29,1.88,0.81,-0.72,1.14,2.57,5.07,7.31,5.8,4.41,0.13,3.46,2.23,1.31,1.37,-2.61,-2.51,-0.78,0.13,2.39,1.59,0.13,1.3,0.27,0.46,4.18,2.02,-0.12,1.6,1.71,0.98,0.53,-0.29,-2.31,-1.35,0.28,0.94,2.67,-0.67,-0.76,0.41,-0.87,-2.86,-3.18,-3.37,-1.63,-1.4,1.74,-3.18,-14.95,-11.85,-10.05,-8.55,-9.72,-10.39,-9.59,-8.33,-8.06,-7.98,-7.56,-6.78,-6.21,-5.59,-5.77,-5.16,-3.22,-2.55,-3.07,-2.14,0.72,2.07,2.21,0.14,-1.43,3.49,2.16,-0.83,-0.7,0.68,-0.41
0.48,-1.38,-0.47,2.04,3.59,4.22,4.72,6.64,6.93,7.7,6.93,3.28,0.96,2.15,4.04,3.94,3,-1.51,0,0.15,2.01,0.75,2.13,1.85,1.41,-0.29,-0.18,0.38,-0.68,-0.53,0.92,-0.11,-0.94,-0.96,-0.01,-0.34,0.99,0.97,-0.84,-1.28,-1.47,-0.34,-0.03,-1.29,0.83,-1.69,-4.17,-1.83,1.96,0.26,-6.92,-6.92,-10.68,-11.03,-11.06,-11.57,-8.88,-8.98,-8.65,-8.21,-7.58,-6.94,-6.22,-5.13,-4.81,-3.62,-2,0.97,-0.57,1.75,0.04,0.83,0.92,-0.16,2.8,-1.87,-0.94,0.62,-0.08,-1.51
-2.18,-1.32,0.73,-1.28,0.66,2.01,3.2,3.84,3.16,3.83,-5.25,2.12,1.16,-0.85,0.91,2.46,4.05,-3.93,3.19,1.31,2.12,1.37,1.26,2.39,-0.22,-0.6,-3.12,-0.13,0.7,1.65,0.85,1.1,-5.01,-2.57,0.41,0.45,-2.73,-1.69,-1.09,-0.85,-1.13,0.33,-0.85,-1.67,-1.37,-0.44,-0.85,-2.64,-1.85,-3.47,-2.92,-4.3,-1.24,-4.45,-10.87,-9.48,-10.77,-9.48,-8.93,-8.11,-7.19,-6.42,-5.68,-5.48,-4.66,-2.65,0.85,-4.27,-2.06,0.03,3.28,1.27,-0.07,-1.04,0.59,1.45,-0.67,0.16,0.11,-0.98
-1.63,2.31,1.04,0.38,-0.22,-0.56,-0.14,0.01,1.21,2.98,6.14,6.6,5.46,2.46,2.04,3.87,2.66,1.08,3.06,4.72,6.16,3.28,0.29,1.31,5.08,0.74,3.12,4.54,2.35,1.94,3.68,0.32,-1.77,-1.95,-0.33,-2.05,-3.18,-2.74,-2.28,-2.56,-0.76,0.88,0.04,0.67,-1.4,0.22,-0.02,-2.09,-2.6,-3.88,-5.09,-7.09,-7.72,-9.72,-12.43,-10.44,-9.49,-10.61,-8.93,-8.1,-6.92,-6.01,-5.53,-4.42,-2.33,-0.01,1.02,2.08,-0.19,-0.52,-0.63,2.59,2.67,2.42,2.07,-0.02,0.38,-0.19,0.26,-1.01
2.71,1.62,0.51,-0.09,-0.55,-1.36,-1.49,-0.72,0.21,1.57,2.73,4.22,3.52,2.14,-2.01,1.91,2.28,3.41,4.57,5.25,6.58,3.38,2.66,2.25,1.2,6.13,7.42,5.78,2.71,-1.2,5,1.1,-1.05,1.04,0.56,-0.49,-0.06,1.12,0.02,-1.73,-2.46,0.25,1.13,1,-1.35,-0.1,3.28,-1.02,1.5,-2.64,-4.22,-5.57,-5.06,-3.99,-4.47,-4.46,-1.54,-4.27,-4.33,-7.08,-7.19,-5.68,-4.85,-3.37,-1.91,-0.04,2.04,-3.31,-0.95,1.08,0.32,2.1,2.94,2.1,4.91,1.44,-3.43,0.06,-1.8,-1.87
1.38,1.94,1.06,-0.06,-0.59,-3.08,-0.43,-2.79,-1.91,0.81,-0.32,0.98,3.15,4.78,5.69,-0.1,2.52,5.26,4.27,4.75,6.58,7.39,4.65,-3.15,3.26,3.47,6.5,8.3,5.96,1.56,2.4,-3.4,1.82,-2.1,-3.34,-0.69,3.17,-3.55,-3.22,-2.01,-2.45,-4.47,-4.09,-2.89,-1.02,0.26,-0.18,-0.05,0.94,-1.2,-0.33,-5.19,-3.45,-1.04,0.52,0.23,-1.62,-0.85,-1.13,-1.09,-4.69,-5.63,-5.31,-4.86,-2.7,-0.88,0.41,-0.99,0.01,0.23,1.02,0.89,2.45,2.54,1.77,1.79,-1.09,-2.1,-1.4,-0.67
0.8,0.76,0.56,0.56,-1.01,1.96,4.23,3.95,3.85,3.34,1.29,0.04,2.81,3.88,4.85,4.88,4.02,3.98,4.42,5.32,6.14,7.19,9.86,11.63,6.86,5.63,5.49,5.82,8.75,8.16,9.3,8.56,-6.36,-5.29,-4.83,-1.43,-3.34,-4.28,-4.73,-2.27,-5.08,-5.58,-6.92,-7.63,-6.36,-3.23,-0.72,-2.46,1.25,-0.6,-4.28,0.28,0.54,0.39,-2.23,0.66,-2.2,-2.11,-2.09,-1.97,-4.62,-4.38,-3.07,-2.33,-5.33,-2.53,-2.06,0.89,-2.79,1.08,2.77,0.61,1.4,1.2,0.39,3.27,1.3,2.25,6.47,0.95
0.06,1.08,1.76,3.03,2.92,-2.08,0.12,2,3.14,2.92,2.05,0.96,1.69,2.55,3.5,3.9,3.6,2.43,3.39,4.55,6,6.87,7.78,9.84,10.99,4.66,5.2,10.41,10.42,8.55,7.72,7.97,6.53,1.49,-0.91,-0.09,4.15,-1.85,-1.99,-2.08,-2.81,-5.44,-7.24,-7.86,-7.31,-7.68,-4.07,-1.81,-1.38,-1.79,-1.05,-0.74,-5.01,-4.09,-5.12,-4.03,-4.1,-3.63,-3.91,-2.03,-0.58,-2.8,-3.22,0.39,1.55,-0.04,1.16,1.16,0.17,-0.06,-0.29,-0.57,0.15,0.16,-0.4,1.1,-0.5,1.15,2.24,8.83
2.36,3.82,3.18,0.63,-0.45,-1.41,-1.61,-2.27,-2.35,-0.41,-0.67,-1.44,0.39,1.59,2.44,2.91,3.56,2.05,1.98,3.17,4.51,5.61,6.57,8.8,9.16,12.31,12.88,10.21,8.91,10.57,10.58,8.05,6.47,6.61,3.93,4.41,3.07,-0.51,-0.89,0.28,-0.31,-1.22,-2.2,-2.39,-5.8,-7.88,-4.19,-6.12,-3.23,-1.07,-0.52,-1.05,0.9,-2.62,-0.12,-2.71,-2.04,-1.93,1.16,-2.31,-3.04,-2.19,1.36,0.65,-0.5,0.42,0.32,0.62,1.47,-0.33,0.24,-0.01,0.96,1.01,-0.5,-0.26,3.08,0.29,2.3,2.09
1.87,3.27,4.25,2.55,0.05,0.07,0.02,0.61,2.92,2.62,2.3,-1.11,-3.11,-0.36,1.19,2.36,2.77,2.97,1.33,1.19,2.09,3.84,6.09,8.06,8.49,9.07,9.9,10.39,10.33,10.24,9.53,8.41,7.54,7.77,7.83,6.49,6.79,8.74,3.34,3.54,3.1,2.29,2.51,0.83,-1.12,-7.06,-12.21,-6.88,-5,-3.68,0.83,0,-0.63,-0.86,-1.15,1.19,-0.01,-1.23,1.56,2.61,-2.24,0.2,0.93,1.51,0.96,0.14,0.57,1.27,1.68,2.56,-2.19,1.29,-0.33,1.83,1.26,0.08,-0.34,2.17,3.43,4.87
5.06,4.46,3.22,2.89,0.63,0.19,1.07,1.06,1.03,-0.06,0.61,-0.29,0.56,1.23,-0.15,0.39,1.15,2.22,2.52,2.35,3.35,4.23,4.83,2.33,4.53,7.78,8.99,9.21,9.04,8.86,8.32,8.13,8.02,6.93,6.42,6.09,7.29,7.23,2.76,5.51,5.87,5.87,4.49,5.09,3.33,-3.56,-7.14,-10.99,-9.21,-6.88,-1.6,2.27,0.86,2.7,-3.84,-1.7,-2.06,-1.57,0.06,1.51,-0.28,-0.48,0.68,2.31,2.89,1.41,3.35,4.27,4,1.9,-0.71,0.38,2.1,0.99,-0.14,2.69,0.26,-1.93,1.18,3.82
2.8,2.4,1.37,-0.11,-0.14,-0.44,-0.9,-0.94,-1.54,-1.89,-1.14,-0.62,-0.14,-0.09,0.45,0.37,0.15,1,1.94,3.29,4.99,5.77,5.44,5.5,5.58,5.74,5.36,5.74,5.25,4.73,6.1,4.1,1.27,2.62,4.5,3.39,6.66,5.89,5.89,6.02,6.57,7.61,7.31,6.95,6.26,0.26,-3.97,-6.51,-5.15,-3.04,-4.78,1.31,3.73,4.87,2.81,2.32,0.93,-0.47,1.34,-0.38,-2.48,-1.74,1.67,2.95,2.32,3.68,1.71,4.28,6,4.99,0.36,0.63,1.04,1.41,1.66,3.24,1.81,1.71,0.69,1.13
0.25,-1.22,-2.2,-3.14,-3.38,-3.23,-3.05,-2.78,-2.48,-2.13,-1.14,-1.68,-1.91,-1.62,-1.14,-0.27,1.33,2.25,2.92,2.68,4.96,4.45,4.29,4.57,4.97,5.2,5.71,5.38,5.78,6.7,5.91,5.14,6.13,5.58,3.5,2.92,6.2,5.99,4.41,5.2,6.91,7.8,8.02,7.6,6.56,4.67,0.77,-6.24,-5.71,-4.44,-0.26,-3.23,3.18,2.11,3.42,0.41,5.55,6.14,-3.85,-0.67,0.4,-2.26,-0.25,2.17,3.98,4.51,3.73,5.47,1.81,1.11,1.44,1.53,1.17,0.83,1.04,2.47,3.45,2.04,1.63,2.65
-1.68,-3.46,-5.46,-5.54,-5.73,-5.05,-3.87,-4.13,-3.14,-2.69,-2.83,-2.29,-1.84,-2.43,-2.18,-1.39,0.54,0.13,1.94,1.53,2.17,3.08,3.09,3.54,4.34,5.39,6.62,6.43,5.77,5.8,4.43,3.31,5.4,-0.72,5.72,-0.7,1.83,5.57,3.51,3.5,5.14,6.04,6.41,6.08,6,5.58,2.6,-1.23,-6.08,-4.61,-2.76,2.33,-1.78,-0.15,0.1,1.06,1.61,0.26,2.65,-2.92,2.6,-1.75,-0.79,0.11,1,0.47,3.19,3.94,1.04,3.17,0.8,-0.81,0.31,0.49,0.91,1.52,2.88,2.77,2.3,2.05
-3.55,-5.69,-6.9,-6.65,-6.29,-6.44,-5.08,-5.59,-5.46,-5.45,-4.7,-4.32,-4.3,-3.66,-3.3,-1.56,-2.08,-1.09,-0.14,0.44,1.41,1.97,3.2,4.32,4.75,5.71,5.68,4.95,4.4,3.99,3.48,3.41,4.64,0.54,4.32,4.89,3.12,0.57,3.8,3.27,5.04,5.61,5.3,5.06,5.33,5.85,3.94,2.57,-1.78,-7.18,-3.01,-3.88,-3.11,-3.52,0.57,1.72,1.94,-0.97,-1.55,2.17,1.51,0.59,-1.39,0.7,1.05,1.1,2.49,0.38,0.98,3.87,2.19,2.24,0.04,0.59,-1.21,-2.67,-2.48,0.97,0.25,1.74
-3.9,-5.2,-6.11,-6.87,-7.39,-7.41,-4.64,-4.02,-7.04,-6.32,-5.35,-5.06,-4.53,-3.81,-3.11,-3.38,-2.4,-1.36,-1.39,-0.26,0.12,0.81,1.64,2.29,2.36,3.5,3.51,2.81,2.38,3.22,2.41,3.13,4.78,4.35,-2.92,3.16,7.03,2.16,0.41,2.39,3.28,3.88,4.1,2.57,4.8,6,6.03,5.28,0.59,-1.07,-4.8,-4.26,-4.8,-3.38,-2.2,0.4,1.6,5.22,1.92,-0.03,1.29,2.55,-1.33,-0.86,-0.71,0.23,0.31,-1.66,0.36,2.28,1.95,2.24,0.73,-0.01,-0.65,-2.83,-2.24,-1.41,-3.32,-2.2
-4.13,-4.54,-4.59,-4.4,-0.69,-2.03,-2.54,0.18,-1.21,-4.46,-4.8,-3.62,-4.31,-3.65,-3.12,-3.13,-3.01,-3.6,-3.08,-2.36,-1.21,-0.8,-0.09,0.35,0.91,1.63,1.95,2.18,2.54,1.79,2.41,2.48,2.6,2.9,-0.93,2.07,4.5,4.15,-1.17,0.95,4.05,2.92,4.7,5.48,4.12,4.71,3.92,3.87,2.38,-2.65,-6.11,-4.89,-3.03,-1.82,-1.32,-2.78,-0.23,3.77,1.23,-0.26,0.46,2.28,-0.54,-2.2,-0.42,-1.83,-1.85,-0.28,0.25,0.61,1.43,1.98,0.15,1.88,3.78,-1.77,0.43,1.16,-0.44,-2.51
-3.76,-3.24,-0.57,0.51,-1.05,-1.7,-0.82,-0.77,0.11,1.76,-4.63,-3.76,-4.03,-3.8,-4.13,-4.31,-4.49,-4.25,-4.27,-3.97,-3.36,-2.62,-1.14,-0.98,-1.14,-0.43,0.38,1.38,1.07,0.89,1.18,1.68,1.31,1.43,2.32,-1.62,2.95,5.62,0.62,2.13,4.64,6.48,4.8,4.58,3.59,3.58,1.87,-0.76,-1.43,-2.79,-5.05,-5.22,-2.82,-1.48,-0.56,1.02,-1.29,1.02,0.51,1.94,2.18,4.63,4.63,5.53,5.36,1.45,1.91,5.28,-1.48,0.29,1.49,1.9,0.91,4.52,4.55,3.9,2.62,4.77,5.11,3.25
-2.33,-0.91,-0.95,0.75,0.65,2.11,3.69,0.21,-2.93,-2.42,-3.69,-4.73,-5.22,-4.85,-4.89,-5.43,-6.44,-5.51,-5.28,-4.78,-4.09,-3.24,-2.28,-2.59,-2.01,-1.27,-0.32,-0.99,-0.72,-0.34,-0.9,0.65,-0.09,0.16,1.02,-0.8,2.03,3.86,8.62,3.38,6.03,4.71,5.73,5.97,3.58,0.98,-0.37,-2.98,-4.28,-5.04,-5.11,-4.63,-3.15,-2.41,0.65,2.07,1.39,-4.44,-5.82,-2.73,1.14,1.99,0.34,1.66,2.06,0.25,-0.2,4.18,4.1,2.9,1.97,4.48,3.95,3.93,5.09,4.65,4.43,3.1,3.26,3.2
-1.22,0.45,0.62,1.04,1.85,1.44,-3.22,-1.99,-4.79,-4.23,-4.57,-6.91,-5.81,-5.28,-5.23,-6.71,-5.69,-5.39,-4.09,-6.27,-3.85,-3.65,-3.31,-2.65,-1.45,-0.75,-1.63,-1.87,-1.79,-1.04,-1.4,-0.25,-0.5,1.17,0.04,-1.03,-0.97,2.83,4.53,6.9,7.02,6.38,5.87,4.28,0.38,-2.33,-1.98,-3.54,-4.82,-5.2,-5.64,-4.07,-1.44,0.19,1.66,2.01,1.34,1.36,1.17,-3.45,0.37,0.9,-0.02,0.49,0.77,0.31,-0.14,1.53,3.63,4,1.17,1.52,4.46,4.46,4.01,4.5,3.63,2.92,2.35,2.34
-0.61,0.79,1.71,2.11,0.73,-2.97,-5.34,-5.62,-7.05,-5.77,-4.9,-5.36,-6.87,-5.1,-4.38,-4.79,-5.68,-1.55,-0.11,-1.19,-2.55,-4.02,-4.02,-3.22,-1.43,-1.76,-2.7,-2.75,-1.94,-1.61,-1.55,-0.83,0.09,-0.03,0.1,1.1,-1,0.35,2.95,5.85,4.35,5.55,3.08,2.18,3.99,-1.02,-3.57,-3.63,-4.2,-4.59,-4.78,-3.24,-0.9,-0.04,0.01,2.01,0.32,0.26,-0.86,-5.67,-3.13,-0.77,-0.27,0.18,1,2.04,1.77,1.62,3.29,5.95,1.6,3.98,4.18,2.85,3.4,3.25,3.02,2.07,2.56,1.31
-0.76,-0.27,0.91,0.88,0.54,-1.55,-3.77,-4.93,-9.52,-7.24,-4.91,-4.89,-5.27,-5.34,-1.96,-1,2.14,0.86,1.25,-4.22,-3.61,-4.08,-3.79,-3.13,-3.31,-2.93,-3.26,-2.68,-2.08,-1.9,-1.5,-1.01,-0.1,-1.44,-0.12,0.3,0.76,-1.82,1.06,4.52,2.58,7.46,8.99,0.39,1.03,-1.41,-1.04,-0.84,-0.15,-1.95,-2.97,-2.05,-1.75,-1.73,-0.62,0.4,-0.54,-0.95,-3.41,-7.02,-4.31,-2.53,-1.32,-0.31,0.57,1.31,1.65,2.02,2.31,4.31,7.63,4.97,-2.25,2.64,3.93,-1.24,3.16,2.81,2.24,0.67
