static/gfs.json
{"header": {"discipline":0,"disciplineName":"Meteorological products","gribEdition":2,"gribLength":76458,"center":7,"centerName":"US National Weather Service - NCEP(WMC)","subcenter":0,"refTime":"2016-07-26T00:00:00.000Z","significanceOfRT":1,"significanceOfRTName":"Start of forecast","productStatus":0,"productStatusName":"Operational products","productType":1,"productTypeName":"Forecast products","productDefinitionTemplate":0,"productDefinitionTemplateName":"Analysis/forecast at horizontal level/layer at a point in time","parameterCategory":2,"parameterCategoryName":"Momentum","parameterNumber":2,"parameterNumberName":"U-component_of_wind","parameterUnit":"m.s-1","genProcessType":2,"genProcessTypeName":"Forecast","forecastTime":0,"surface1Type":103,"surface1TypeName":"Specified height level above ground","surface1Value":10.0,"surface2Type":255,"surface2TypeName":"Missing","surface2Value":0.0,"gridDefinitionTemplate":0,"gridDefinitionTemplateName":"Latitude_Longitude","numberPoints":65160,"shape":6,"shapeName":"Earth spherical with radius of 6,371,229.0 m","gridUnits":"degrees","resolution":48,"winds":"true","scanMode":0,"nx":360,"ny":181,"basicAngle":0,"subDivisions":0,"lo1":0.0,"la1":90.0,"lo2":359.0,"la2":-90.0,"dx":1.0,"dy":1.0}, "data":
[rows 0 to 34 of 181, columns 158 to 236 of 360]
-4.45,-4.46,-4.46,-4.47,-4.48,-4.48,-4.48,-4.48,-4.48,-4.48,-4.48,-4.48,-4.47,-4.46,-4.45,-4.45,-4.43,-4.42,-4.41,-4.39,-4.38,-4.36,-4.34,-4.32,-4.3,-4.28,-4.25,-4.23,-4.2,-4.17,-4.14,-4.11,-4.08,-4.05,-4.01,-3.98,-3.94,-3.9,-3.86,-3.82,-3.78,-3.74,-3.69,-3.65,-3.6,-3.56,-3.51,-3.46,-3.41,-3.36,-3.3,-3.25,-3.2,-3.14,-3.09,-3.03,-2.97,-2.91,-2.85,-2.79,-2.73,-2.67,-2.6,-2.54,-2.47,-2.41,-2.34,-2.27,-2.21,-2.14,-2.07,-2.0,-1.93,-1.86,-1.79,-1.71,-1.64,-1.57,-1.5
-5.78,-5.77,-5.77,-5.77,-5.76,-5.75,-5.74,-5.72,-5.71,-5.69,-5.67,-5.65,-5.63,-5.6,-5.58,-5.54,-5.52,-5.49,-5.45,-5.41,-5.38,-5.33,-5.3,-5.25,-5.21,-5.16,-5.12,-5.06,-5.02,-4.96,-4.91,-4.86,-4.8,-4.74,-4.68,-4.62,-4.56,-4.49,-4.42,-4.36,-4.29,-4.23,-4.15,-4.08,-4.01,-3.94,-3.87,-3.79,-3.71,-3.64,-3.56,-3.48,-3.41,-3.33,-3.25,-3.17,-3.09,-3.01,-2.94,-2.85,-2.78,-2.69,-2.62,-2.53,-2.46,-2.38,-2.3,-2.22,-2.15,-2.06,-1.99,-1.91,-1.84,-1.76,-1.68,-1.6,-1.53,-1.45,-1.38
-6.33,-6.33,-6.34,-6.34,-6.34,-6.34,-6.34,-6.35,-6.35,-6.35,-6.34,-6.34,-6.33,-6.33,-6.32,-6.3,-6.29,-6.26,-6.23,-6.2,-6.16,-6.12,-6.08,-6.02,-5.96,-5.9,-5.83,-5.77,-5.69,-5.61,-5.53,-5.45,-5.37,-5.28,-5.19,-5.1,-5.01,-4.92,-4.83,-4.74,-4.64,-4.55,-4.46,-4.36,-4.27,-4.17,-4.08,-3.98,-3.88,-3.78,-3.68,-3.58,-3.48,-3.38,-3.28,-3.17,-3.08,-2.97,-2.87,-2.78,-2.67,-2.58,-2.48,-2.39,-2.3,-2.2,-2.12,-2.02,-1.94,-1.85,-1.76,-1.69,-1.6,-1.52,-1.44,-1.35,-1.28,-1.2,-1.13
-8.29,-8.27,-8.24,-8.2,-8.15,-8.07,-8.0,-7.91,-7.81,-7.72,-7.61,-7.5,-7.39,-7.28,-7.15,-7.03,-6.91,-6.79,-6.67,-6.56,-6.45,-6.36,-6.27,-6.2,-6.14,-6.09,-6.04,-6.0,-5.96,-5.92,-5.88,-5.83,-5.77,-5.7,-5.61,-5.52,-5.41,-5.29,-5.17,-5.04,-4.91,-4.78,-4.65,-4.53,-4.41,-4.29,-4.17,-4.06,-3.94,-3.82,-3.7,-3.58,-3.45,-3.33,-3.2,-3.08,-2.95,-2.83,-2.7,-2.59,-2.46,-2.35,-2.23,-2.12,-2.01,-1.91,-1.8,-1.7,-1.6,-1.5,-1.4,-1.3,-1.21,-1.13,-1.04,-0.96,-0.88,-0.81,-0.75
-8.73,-8.73,-8.73,-8.73,-8.72,-8.71,-8.7,-8.69,-8.68,-8.67,-8.65,-8.64,-8.62,-8.6,-8.57,-8.52,-8.46,-8.39,-8.29,-8.18,-8.04,-7.88,-7.71,-7.51,-7.31,-7.1,-6.88,-6.66,-6.45,-6.26,-6.11,-5.97,-5.85,-5.76,-5.69,-5.64,-5.58,-5.52,-5.44,-5.34,-5.21,-5.06,-4.9,-4.73,-4.56,-4.4,-4.25,-4.11,-3.97,-3.84,-3.7,-3.56,-3.42,-3.26,-3.11,-2.95,-2.8,-2.65,-2.51,-2.37,-2.23,-2.1,-1.97,-1.85,-1.72,-1.6,-1.48,-1.35,-1.23,-1.11,-0.99,-0.88,-0.76,-0.67,-0.57,-0.5,-0.43,-0.37,-0.33
-8.5,-8.51,-8.5,-8.5,-8.49,-8.47,-8.45,-8.45,-8.44,-8.44,-8.39,-8.34,-8.3,-8.24,-8.19,-8.15,-8.07,-7.98,-7.89,-7.8,-7.7,-7.61,-7.52,-7.43,-7.33,-7.24,-7.12,-7.0,-6.88,-6.74,-6.58,-6.42,-6.25,-6.08,-5.91,-5.75,-5.61,-5.49,-5.41,-5.33,-5.26,-5.17,-5.06,-4.93,-4.75,-4.55,-4.35,-4.14,-3.95,-3.78,-3.62,-3.46,-3.31,-3.15,-2.98,-2.8,-2.62,-2.45,-2.28,-2.12,-1.98,-1.84,-1.72,-1.59,-1.46,-1.33,-1.2,-1.05,-0.9,-0.75,-0.6,-0.47,-0.36,-0.27,-0.23,-0.22,-0.26,-0.31,-0.37
-6.85,-6.83,-6.81,-6.82,-6.76,-6.73,-6.73,-6.72,-6.71,-6.72,-6.75,-6.75,-6.76,-6.78,-6.75,-6.75,-6.77,-6.81,-6.83,-6.85,-6.85,-6.83,-6.8,-6.75,-6.71,-6.65,-6.59,-6.51,-6.41,-6.3,-6.17,-6.05,-5.92,-5.79,-5.66,-5.52,-5.39,-5.27,-5.14,-5.02,-4.9,-4.8,-4.72,-4.65,-4.55,-4.43,-4.28,-4.09,-3.86,-3.64,-3.43,-3.23,-3.05,-2.88,-2.72,-2.55,-2.39,-2.22,-2.06,-1.9,-1.74,-1.6,-1.45,-1.31,-1.17,-1.02,-0.88,-0.74,-0.58,-0.42,-0.28,-0.15,-0.09,-0.11,-0.23,-0.44,-0.72,-1.03,-1.31
-7.81,-7.63,-7.46,-7.28,-7.11,-6.92,-6.69,-6.44,-6.16,-5.87,-5.58,-5.32,-5.06,-4.86,-4.69,-4.57,-4.51,-4.48,-4.48,-4.5,-4.54,-4.57,-4.62,-4.68,-4.77,-4.88,-4.98,-5.07,-5.13,-5.16,-5.16,-5.13,-5.09,-5.04,-4.98,-4.87,-4.75,-4.62,-4.49,-4.39,-4.29,-4.22,-4.13,-4.05,-3.96,-3.89,-3.78,-3.65,-3.48,-3.27,-3.05,-2.83,-2.61,-2.43,-2.26,-2.1,-1.96,-1.82,-1.69,-1.55,-1.4,-1.25,-1.09,-0.93,-0.77,-0.61,-0.46,-0.31,-0.18,-0.06,0.01,0.02,-0.07,-0.25,-0.5,-0.8,-1.08,-1.29,-1.4
-6.88,-6.83,-6.71,-6.57,-6.41,-6.2,-5.99,-5.81,-5.68,-5.54,-5.4,-5.25,-5.07,-4.86,-4.59,-4.29,-3.97,-3.63,-3.3,-3.03,-2.83,-2.7,-2.64,-2.66,-2.7,-2.78,-2.88,-2.99,-3.1,-3.23,-3.37,-3.5,-3.61,-3.69,-3.76,-3.81,-3.81,-3.76,-3.67,-3.59,-3.55,-3.56,-3.56,-3.51,-3.4,-3.26,-3.12,-2.98,-2.83,-2.69,-2.53,-2.35,-2.14,-1.92,-1.72,-1.55,-1.43,-1.34,-1.26,-1.15,-1.01,-0.84,-0.64,-0.45,-0.27,-0.12,0.02,0.14,0.22,0.24,0.17,0.0,-0.23,-0.48,-0.69,-0.82,-0.83,-0.77,-0.7
-2.91,-2.92,-2.97,-3.03,-3.11,-3.18,-3.21,-3.23,-3.2,-3.17,-3.13,-3.08,-3.02,-2.98,-2.96,-2.96,-2.93,-2.83,-2.65,-2.39,-2.12,-1.86,-1.65,-1.51,-1.43,-1.42,-1.45,-1.54,-1.69,-1.88,-2.09,-2.3,-2.49,-2.66,-2.8,-2.91,-2.98,-3.04,-3.09,-3.12,-3.13,-3.11,-3.07,-3.03,-2.98,-2.9,-2.77,-2.58,-2.37,-2.18,-2.03,-1.88,-1.7,-1.5,-1.28,-1.09,-0.94,-0.83,-0.73,-0.63,-0.47,-0.27,-0.06,0.12,0.26,0.36,0.44,0.47,0.44,0.32,0.13,-0.1,-0.31,-0.44,-0.46,-0.39,-0.3,-0.22,-0.17
0.37,0.29,0.24,0.23,0.22,0.17,0.07,-0.02,-0.13,-0.24,-0.35,-0.47,-0.56,-0.61,-0.61,-0.58,-0.59,-0.67,-0.83,-1.02,-1.1,-1.02,-0.82,-0.56,-0.3,-0.15,-0.15,-0.32,-0.65,-1.04,-1.36,-1.6,-1.78,-1.95,-2.16,-2.33,-2.44,-2.49,-2.57,-2.66,-2.68,-2.67,-2.63,-2.61,-2.6,-2.57,-2.48,-2.34,-2.18,-2.0,-1.81,-1.6,-1.39,-1.19,-1.03,-0.87,-0.68,-0.49,-0.29,-0.08,0.17,0.39,0.57,0.7,0.76,0.76,0.71,0.6,0.44,0.26,0.07,-0.08,-0.14,-0.11,-0.03,0.06,0.14,0.19,0.23
3.24,3.14,3.05,2.96,2.79,2.58,2.39,2.23,2.07,1.96,1.91,1.86,1.69,1.42,1.15,1.09,1.28,1.5,1.51,1.16,0.67,0.35,0.36,0.7,1.08,1.37,1.52,1.46,1.12,0.53,-0.15,-0.69,-1.01,-1.23,-1.45,-1.71,-1.99,-2.12,-2.1,-2.04,-2.01,-2.02,-2.05,-2.08,-2.09,-2.04,-1.95,-1.86,-1.74,-1.6,-1.44,-1.31,-1.2,-1.07,-0.89,-0.66,-0.42,-0.17,0.13,0.47,0.79,1.04,1.18,1.23,1.15,1.03,0.86,0.69,0.55,0.4,0.29,0.23,0.24,0.32,0.43,0.53,0.62,0.66,0.68
5.09,4.98,4.95,4.89,4.73,4.47,4.22,4.02,3.89,3.78,3.67,3.49,3.15,2.64,2.08,1.76,1.82,2.11,2.28,2.23,2.02,1.78,1.72,1.84,2.02,2.15,2.18,2.16,2.02,1.68,1.12,0.5,0.01,-0.38,-0.75,-1.05,-1.16,-1.14,-1.16,-1.24,-1.32,-1.4,-1.41,-1.33,-1.19,-1.07,-1.03,-1.05,-1.06,-0.99,-0.87,-0.75,-0.66,-0.61,-0.54,-0.4,-0.17,0.18,0.59,0.99,1.3,1.52,1.61,1.58,1.46,1.32,1.18,1.07,0.96,0.86,0.79,0.75,0.78,0.84,0.95,1.05,1.12,1.17,1.21
6.33,6.09,5.85,5.49,5.12,4.85,4.71,4.62,4.54,4.34,4.04,3.7,3.37,3.07,2.82,2.67,2.62,2.66,2.74,2.81,2.76,2.58,2.43,2.48,2.67,2.83,2.83,2.79,2.77,2.61,2.18,1.61,1.08,0.6,0.12,-0.18,-0.26,-0.35,-0.5,-0.66,-0.85,-0.87,-0.61,-0.39,-0.28,-0.24,-0.22,-0.15,0.0,0.15,0.28,0.33,0.35,0.43,0.64,0.77,0.66,0.72,1.03,1.37,1.59,1.72,1.79,1.82,1.82,1.82,1.83,1.83,1.82,1.81,1.76,1.71,1.64,1.6,1.57,1.57,1.6,1.67,1.68
6.82,6.24,5.38,4.87,4.73,4.69,4.64,4.55,4.44,4.22,3.97,3.7,3.42,3.13,2.87,2.75,2.82,3.03,3.19,3.25,3.26,3.2,2.97,2.81,2.92,3.21,3.39,3.39,3.34,3.22,2.92,2.51,2.06,1.57,1.13,0.78,0.4,0.11,-0.07,-0.29,-0.41,-0.41,-0.31,-0.23,0.01,0.25,0.26,0.41,0.65,0.92,1.18,1.46,1.7,1.81,1.77,1.63,1.44,1.23,1.26,1.44,1.62,1.79,1.98,2.18,2.34,2.43,2.48,2.5,2.52,2.52,2.51,2.46,2.39,2.32,2.24,2.15,2.04,2.07,2.27
6.91,6.82,6.2,5.45,4.92,4.58,4.36,4.15,3.92,3.79,3.71,3.65,3.58,3.51,3.46,3.43,3.4,3.32,3.27,3.27,3.27,3.29,3.34,3.19,2.96,2.96,3.2,3.36,3.39,3.27,3.07,2.9,2.61,2.05,1.6,1.29,0.93,0.65,0.32,-0.04,-0.27,-0.24,-0.1,0.0,0.0,-0.02,-0.03,-0.03,0.09,0.37,0.73,1.08,1.36,1.43,1.18,1.02,0.97,0.96,1.06,1.35,1.74,2.03,2.09,2.06,2.09,1.82,1.4,1.27,1.62,2.0,2.22,2.31,2.24,2.1,1.99,1.95,1.95,1.97,2.11
6.85,6.63,6.4,6.26,6.21,5.68,4.43,3.82,3.64,3.57,3.56,3.58,3.58,3.53,3.44,3.35,3.22,3.03,2.81,2.55,2.31,2.14,2.13,2.33,2.66,3.01,3.25,3.37,3.42,3.47,3.55,3.41,2.93,2.53,2.45,2.27,1.85,1.49,1.13,0.62,0.06,-0.75,-1.51,-1.67,-1.52,-1.65,-1.78,-1.53,-1.1,-0.73,-0.38,-0.03,0.22,0.33,0.35,0.18,-0.01,-0.06,0.02,0.11,0.19,0.38,0.67,0.82,0.81,0.64,0.05,-0.38,-0.14,0.27,0.62,0.84,0.86,0.82,0.73,0.6,0.81,1.58,1.37
5.29,5.3,5.49,5.5,5.0,4.11,3.79,3.33,3.16,3.11,3.04,2.94,2.83,2.69,2.51,2.33,2.13,1.84,1.7,1.83,2.2,2.7,3.09,3.26,3.29,3.23,3.12,3.09,3.25,3.38,3.41,3.31,3.08,2.96,2.98,2.68,2.07,1.44,0.72,-0.38,-1.58,-2.59,-3.78,-4.36,-4.68,-4.87,-4.46,-3.66,-2.99,-2.59,-2.3,-1.94,-1.49,-1.02,-0.69,-0.63,-0.81,-1.05,-1.17,-1.23,-1.29,-1.39,-1.44,-1.3,-1.02,-0.98,-0.94,-0.67,-0.09,0.4,0.17,-0.13,-0.22,-0.2,-0.04,-0.06,0.46,2.05,2.3
4.02,3.83,3.2,2.56,1.96,1.37,0.8,0.46,0.27,0.22,0.3,0.46,0.62,0.81,1.12,1.47,1.77,2.14,2.71,3.29,3.66,4.28,4.62,3.97,2.36,1.34,1.64,2.74,3.59,4.1,4.21,3.78,3.37,3.12,2.86,2.46,2.07,1.64,0.63,-0.7,-2.35,-4.23,-6.61,-7.91,-8.22,-7.94,-7.39,-6.66,-5.83,-5.21,-4.97,-4.67,-4.16,-3.69,-3.33,-3.15,-3.15,-3.14,-3.01,-2.63,-2.11,-1.57,-1.46,-1.79,-1.58,-1.28,-1.03,-0.4,0.44,1.1,1.19,1.11,0.9,0.52,0.09,0.59,2.61,3.6,3.37
-1.25,-2.08,-1.41,-1.03,-1.73,-1.99,-2.16,-2.21,-2.06,-1.79,-1.3,-0.76,-0.47,-0.1,0.55,1.27,2.08,2.76,3.47,3.15,1.79,1.59,2.19,2.63,3.14,3.27,3.49,3.25,2.65,2.45,2.67,2.82,2.79,2.67,2.49,2.29,2.22,2.25,1.95,1.67,1.13,-1.25,-4.7,-5.61,-5.21,-6.43,-7.79,-8.34,-8.5,-8.45,-8.45,-7.86,-7.13,-6.52,-6.37,-6.41,-6.23,-5.85,-5.4,-5.1,-4.65,-3.58,-2.52,-2.22,-2.24,-2.09,-1.61,-0.76,-0.15,0.22,0.85,1.43,2.11,3.0,3.42,3.87,4.25,3.93,4.33
-1.15,-2.09,-3.04,-3.48,-3.95,-4.16,-3.93,-3.58,-3.25,-2.56,-1.25,-0.43,1.29,1.79,-1.17,-1.93,-0.83,-0.58,-1.25,-2.83,-2.04,-0.41,0.71,1.54,2.42,3.05,3.15,3.09,2.79,2.34,2.08,1.88,1.97,2.25,2.39,2.35,2.35,2.37,2.1,2.87,4.13,5.04,4.72,2.13,-2.1,-4.48,-5.12,-5.5,-5.78,-5.93,-6.07,-6.72,-7.28,-7.51,-7.77,-8.49,-8.98,-9.2,-8.03,-7.83,-8.5,-7.96,-6.37,-4.2,-3.0,-3.19,-3.31,-3.15,-2.91,-2.57,-2.07,-1.35,-1.37,0.02,0.81,-1.21,-0.9,0.79,-0.54
-1.16,-1.92,-1.19,0.21,2.14,2.37,2.32,3.63,2.09,1.0,0.9,-1.98,-2.87,1.05,3.4,4.28,4.45,3.83,4.33,4.56,4.22,0.42,-3.64,-3.56,-0.79,1.66,2.37,2.49,2.97,3.45,3.23,2.67,2.38,2.66,2.88,2.64,3.29,4.08,3.33,3.98,4.15,4.13,3.84,3.45,3.63,2.52,0.6,-0.4,-2.08,-3.33,-3.29,-2.74,-1.87,-1.48,-0.05,1.13,1.06,1.02,0.33,-1.01,-1.03,-1.69,-2.07,-3.0,-2.88,-2.34,-0.43,-1.85,-3.28,-2.8,-1.39,-1.25,-0.96,-0.58,0.42,-1.1,-2.46,-2.58,-1.73
-0.41,0.23,0.12,0.29,1.13,1.95,2.17,2.09,2.74,3.85,4.32,5.28,3.01,2.56,3.13,4.26,3.9,4.63,4.34,4.47,3.96,2.12,1.88,0.89,-0.1,-1.79,-1.91,0.93,3.31,3.84,3.68,3.51,3.43,3.79,3.72,3.89,5.19,4.31,3.79,4.36,4.47,4.17,3.41,2.99,3.19,3.11,2.87,2.14,1.36,0.77,0.64,1.52,1.14,1.25,0.76,0.83,0.47,-0.07,-2.6,-3.26,-3.32,-3.52,-3.03,-2.72,-1.84,-2.3,-2.3,-1.42,-0.34,-0.5,-1.19,-0.53,-0.21,0.93,2.03,1.87,1.76,1.99,1.98
2.85,2.83,3.1,4.47,3.4,2.43,3.15,2.61,1.97,1.99,2.17,1.85,3.68,5.01,5.17,4.85,2.84,4.27,4.27,3.92,4.42,3.13,2.38,1.58,0.53,-0.35,0.4,-0.92,0.7,2.08,4.07,4.9,4.61,3.83,3.68,3.92,3.93,3.63,4.13,4.4,3.48,3.28,2.82,1.23,0.23,0.95,1.64,1.1,0.66,0.94,0.43,1.19,1.38,0.21,-0.39,-0.58,-0.93,-1.72,-2.04,-2.1,-2.88,-3.08,-2.19,-2.77,-2.56,-2.46,-2.95,-1.99,-0.62,-1.01,-2.37,-2.35,-1.49,-1.6,-1.29,-0.88,0.09,0.46,0.23
1.3,0.16,0.35,-0.05,0.1,0.53,0.75,2.02,2.65,2.87,2.86,4.07,4.71,3.58,3.65,4.03,3.9,4.36,2.79,3.15,3.33,2.24,-0.61,-0.02,1.0,-0.32,-0.45,-0.92,0.03,1.59,1.24,-1.49,-2.12,0.69,1.79,2.04,2.61,3.11,-0.6,-2.11,-0.12,-0.6,-2.59,-2.92,-2.33,-2.68,-3.51,-3.4,-2.91,-2.18,-2.17,-2.55,-2.2,-2.08,-2.53,-2.24,-1.25,-0.07,0.79,1.37,1.88,1.82,-0.55,-1.96,-2.26,-2.75,-2.65,-2.4,-1.51,-1.2,-2.37,-1.63,-0.8,-0.43,-1.84,-2.26,-2.27,-1.92,-1.44
3.33,3.13,0.66,-1.67,-0.11,0.9,0.4,0.52,1.38,4.11,4.05,3.58,3.52,3.51,3.39,3.43,2.54,3.44,4.13,3.41,3.54,1.08,-3.92,-2.25,-1.92,-2.01,-0.96,-0.36,0.59,-0.7,-1.62,-0.96,-1.6,-1.08,1.62,3.63,1.53,0.23,-0.7,-2.25,-3.05,-2.64,-2.83,-2.43,-1.89,-0.46,-0.4,-1.19,-1.87,-1.75,-2.3,-2.29,-1.79,-0.32,0.08,0.6,1.01,1.39,1.28,1.2,0.99,2.27,3.92,3.15,2.01,0.7,0.12,-0.56,1.07,1.05,0.67,0.25,0.15,-0.63,-1.4,-1.7,-2.22,-3.66,-4.38
4.28,3.68,1.38,0.81,1.62,1.71,2.22,4.35,6.0,3.36,1.19,3.81,4.56,3.31,2.54,3.92,2.33,2.6,2.6,3.02,2.92,2.64,2.82,1.85,1.4,1.93,3.13,3.5,0.15,-2.52,-2.92,-2.46,-0.71,0.18,0.9,1.35,2.02,1.78,1.06,0.0,0.45,3.28,-1.32,-1.71,-1.05,-2.56,-2.6,-2.54,-2.21,-2.42,-2.17,-1.06,-0.31,-0.12,0.95,0.38,0.68,2.47,3.68,3.52,4.19,4.22,1.74,2.32,2.74,4.6,3.35,3.09,3.05,4.28,3.14,5.01,6.75,4.63,3.88,1.48,-2.42,-1.62,-3.01
3.5,1.16,-0.32,0.85,1.57,2.03,1.53,2.58,3.5,2.9,3.04,3.91,4.11,3.28,2.38,2.17,2.33,2.29,2.45,2.38,3.53,1.95,0.11,2.57,2.28,2.35,2.3,2.79,4.06,3.34,2.77,1.76,-0.15,-0.49,1.03,1.32,0.25,-0.13,-2.19,-0.82,-1.71,-3.0,-2.18,-1.38,-1.74,-2.13,-3.0,-3.25,-3.06,-2.37,-0.71,-0.19,0.34,-1.2,-2.02,-1.74,-1.68,0.23,3.11,3.69,0.81,1.23,1.84,2.49,3.19,2.97,2.82,3.09,3.69,4.11,4.35,2.39,3.82,5.23,3.99,5.65,5.16,-2.8,-2.42
-0.13,0.38,3.65,4.15,1.77,-0.6,1.18,1.88,2.38,2.36,2.81,2.99,2.41,1.81,0.47,1.56,1.73,2.1,3.34,2.88,4.31,4.84,2.71,1.85,2.1,2.09,2.19,2.26,2.64,2.86,2.74,2.23,1.64,0.78,0.8,0.76,1.9,1.27,-1.05,-2.15,-2.45,-2.79,-1.46,-1.37,-1.42,-2.1,-0.66,0.65,-2.08,-2.41,-2.38,1.59,3.53,1.74,-1.14,-3.31,-3.67,-1.76,0.89,0.02,2.07,-0.93,-1.27,0.36,1.04,1.9,0.88,1.67,3.8,4.46,3.97,3.77,4.42,3.25,2.74,5.01,4.59,5.81,-1.81
2.36,1.71,0.72,2.82,5.63,7.02,2.69,1.87,0.96,1.49,2.02,1.64,1.39,2.08,0.74,3.07,3.13,2.51,3.81,4.3,4.09,3.86,3.59,3.69,2.57,1.42,1.46,1.9,2.21,2.21,2.16,2.08,1.33,0.85,0.8,0.68,3.37,-0.35,-1.68,-2.6,-2.78,-2.62,-2.17,-1.11,-0.68,-1.14,-0.43,0.09,-2.31,-2.82,-2.34,-1.27,-1.11,-2.21,-1.75,-1.76,-0.77,-1.94,0.83,-1.66,-0.35,1.54,1.71,0.85,-0.89,2.3,4.54,2.98,1.64,2.92,4.55,6.13,7.57,6.93,7.33,7.77,6.87,6.34,4.98
4.22,3.5,4.18,4.52,1.93,0.08,0.56,2.15,2.97,2.68,3.47,3.85,3.66,2.72,3.13,2.08,1.91,1.61,1.05,0.38,-0.06,-0.21,-0.17,-0.01,0.31,0.48,0.37,0.35,0.84,1.52,1.68,1.71,1.37,0.89,0.81,1.01,-0.29,3.87,-1.98,-2.2,-1.84,-0.71,-1.19,-2.21,-2.8,-2.91,-1.55,-0.77,-2.32,-2.61,-2.27,-1.92,-4.07,-2.96,-3.09,-4.69,-7.05,-7.43,-6.83,-6.97,-5.08,-3.0,-1.28,2.09,1.8,0.87,0.76,2.56,2.65,3.47,2.84,4.34,6.35,5.57,7.04,6.84,6.41,5.43,4.84
3.34,2.92,1.74,1.66,0.25,-0.25,1.34,0.28,2.92,3.57,3.5,2.65,1.85,0.96,-0.52,-0.45,-0.57,-1.11,-1.73,-2.37,-2.45,-2.4,-2.56,-2.44,-1.98,-1.51,-1.14,-0.77,-0.14,0.66,1.44,1.67,1.57,1.6,1.46,2.97,2.42,0.81,1.8,-0.83,0.18,-0.96,-3.52,-5.23,-4.94,-6.12,-4.08,-4.34,-1.92,-9.51,-8.94,-8.55,-6.23,-5.94,-5.57,-5.64,-5.47,-6.2,-6.64,-6.67,-6.33,-5.08,-4.33,-4.62,1.15,-2.63,-0.34,0.14,1.84,1.71,3.56,5.24,4.33,5.05,4.36,2.92,4.91,4.32,1.15
1.3,0.71,0.97,-0.03,-0.78,-1.03,0.38,0.0,1.07,2.52,2.97,2.99,1.56,-0.05,-1.36,-1.08,-0.38,-0.59,-1.34,-1.55,-1.27,-0.8,-0.79,-1.57,-2.3,-2.63,-1.75,-1.13,-1.05,-0.45,0.55,1.32,1.61,1.82,1.86,1.91,1.7,0.55,-0.15,-1.74,-3.46,-4.38,-4.7,-2.85,1.29,-2.9,-0.71,-3.63,-4.4,-1.45,-5.75,-6.09,-5.19,-4.68,-4.22,-4.33,-4.53,-4.95,-5.07,-5.01,-5.73,-5.66,-5.54,-4.82,-5.69,-4.5,-0.91,-1.87,-1.87,1.82,1.82,2.31,1.96,3.11,2.09,2.94,1.2,2.48,1.56
0.04,0.2,-0.3,0.93,0.44,-3.17,0.02,1.79,1.57,1.96,2.85,3.16,2.9,1.7,0.18,-0.24,0.12,0.88,1.2,0.67,0.41,0.52,0.89,1.02,0.91,0.22,-1.06,-1.4,-1.21,-1.03,-0.3,0.73,1.55,1.63,1.89,1.93,1.72,0.68,0.09,-0.68,-1.71,-2.23,-3.56,-2.62,-0.88,-2.36,-4.37,-1.89,-2.23,-3.23,-3.47,-3.76,-3.55,-3.5,-3.28,-3.12,-3.34,-3.73,-3.84,-3.38,-5.78,-6.73,-6.45,-5.51,-4.91,-4.83,-2.59,-1.28,-1.41,-0.47,0.18,1.24,1.09,0.31,2.18,2.47,3.1,1.6,3.55
0.45,-1.26,1.13,-2.11,-1.88,-0.05,2.03,2.7,3.7,4.07,3.88,4.0,4.03,3.95,3.95,3.79,3.64,3.71,3.79,3.89,3.75,3.44,3.38,3.08,2.26,1.99,1.58,-0.61,-1.33,-0.99,-0.49,0.1,0.84,1.88,2.13,2.47,2.67,2.72,2.83,2.26,1.92,0.06,0.4,-1.84,-5.32,-5.26,-5.3,-4.84,-2.82,-2.17,-2.37,-2.85,-2.64,-2.64,-2.59,-2.21,-2.36,-2.95,-3.45,-3.25,-6.94,-7.51,-7.85,-7.81,-6.98,-5.76,-4.99,-4.7,-1.72,-1.15,0.04,0.27,1.45,0.45,1.28,2.29,2.5,3.01,1.41
