static/gfs.json
{"header": {"discipline":0,"disciplineName":"Meteorological products","gribEdition":2,"gribLength":75785,"center":7,"centerName":"US National Weather Service - NCEP(WMC)","subcenter":0,"refTime":"2016-07-30T06:00:00.000Z","significanceOfRT":1,"significanceOfRTName":"Start of forecast","productStatus":0,"productStatusName":"Operational products","productType":1,"productTypeName":"Forecast products","productDefinitionTemplate":0,"productDefinitionTemplateName":"Analysis/forecast at horizontal level/layer at a point in time","parameterCategory":2,"parameterCategoryName":"Momentum","parameterNumber":3,"parameterNumberName":"V-component_of_wind","parameterUnit":"m.s-1","genProcessType":2,"genProcessTypeName":"Forecast","forecastTime":0,"surface1Type":103,"surface1TypeName":"Specified height level above ground","surface1Value":10.0,"surface2Type":255,"surface2TypeName":"Missing","surface2Value":0.0,"gridDefinitionTemplate":0,"gridDefinitionTemplateName":"Latitude_Longitude","numberPoints":65160,"shape":6,"shapeName":"Earth spherical with radius of 6,371,229.0 m","gridUnits":"degrees","resolution":48,"winds":"true","scanMode":0,"nx":360,"ny":181,"basicAngle":0,"subDivisions":0,"lo1":0.0,"la1":90.0,"lo2":359.0,"la2":-90.0,"dx":1.0,"dy":1.0}, "data":
[rows 74 to 110 of 181, columns 249 to 331 of 360]
1.89,1.36,0.72,1.04,0.74,-0.23,-0.97,-1.24,-1.33,-1.67,-1.25,-0.96,-0.25,-1.55,-0.65,-1.69,-10.32,-1.99,0.15,-2.39,0.39,0.85,-1.45,1.14,1.0,2.12,2.33,0.07,-1.04,-1.93,-2.47,-2.55,-1.96,-2.44,-3.11,-3.04,-2.28,-1.31,-0.93,-1.15,-1.48,-1.67,-1.23,-0.55,-0.94,-1.39,-1.42,-1.99,-2.88,-2.66,-4.25,-4.58,-4.6,-3.74,-2.93,-2.46,-2.61,-3.71,-4.83,-4.55,-3.44,-2.08,-0.01,-0.04,-0.03,-0.35,-0.53,-1.15,-2.05,-2.69,-2.81,-3.34,-3.76,-4.27,-4.74,-4.94,-4.91,-5.1,-5.04,-4.82,-4.6,-4.49,-3.91
2.29,1.68,1.97,1.59,1.1,0.22,-0.66,-1.08,-1.19,-1.41,-1.53,-1.32,-0.38,-0.07,-0.84,0.53,-4.89,3.48,2.49,-1.78,-0.54,-0.46,0.23,1.2,0.96,-0.16,-0.93,-0.66,-1.78,-2.28,-2.95,-3.06,-3.48,-3.82,-3.81,-3.42,-2.83,-2.04,-1.58,-1.41,-1.16,-0.66,-0.97,-1.19,-0.8,-1.4,-2.32,-2.49,-3.34,-4.27,-4.46,-4.76,-4.49,-3.36,-2.72,-2.36,-2.17,-2.42,-2.39,-0.46,0.19,0.49,1.83,1.85,1.24,0.63,0.42,-0.03,-0.84,-2.07,-3.6,-4.65,-4.38,-4.62,-4.96,-5.32,-5.45,-5.49,-5.4,-5.37,-5.11,-4.75,-3.83
1.85,2.27,1.51,2.51,1.7,0.45,-0.66,-1.3,-1.31,-1.47,-1.47,-1.07,-0.89,-1.05,-1.15,-0.22,1.28,3.35,3.25,1.28,-0.23,-1.53,-0.72,-2.25,-2.78,-1.23,-0.99,-1.35,-3.15,-3.15,-3.41,-4.14,-4.67,-4.89,-4.95,-4.2,-3.46,-2.8,-2.17,-1.56,-1.06,-0.76,-0.64,-1.2,-1.49,-1.79,-1.46,-2.2,-3.47,-3.8,-3.43,-4.36,-4.29,-3.66,-2.29,-2.66,-2.27,-3.37,-3.74,-2.23,-1.95,-0.79,3.69,3.75,2.04,0.75,0.43,0.42,0.12,-0.67,-1.75,-2.91,-4.53,-5.75,-5.28,-5.5,-5.71,-5.52,-5.4,-5.46,-5.4,-4.95,-3.92
1.75,0.99,2.13,2.4,1.55,0.36,-1.07,-1.28,-1.55,-1.72,-1.78,-1.41,-1.18,-1.07,-2.08,-0.97,1.04,2.28,2.94,3.01,2.62,1.25,-1.08,-2.09,-1.24,-2.96,-1.51,-1.2,-3.95,-3.99,-4.07,-4.48,-5.15,-5.74,-5.71,-5.29,-4.29,-3.22,-2.59,-1.83,-1.23,-0.83,-1.14,-1.32,-1.32,-1.3,-1.55,-2.47,-2.16,-2.15,-3.53,-2.98,-2.6,-1.75,-1.75,-2.14,-2.04,-0.89,0.75,2.42,2.6,4.86,5.13,3.58,1.27,-0.08,0.56,1.11,1.24,0.75,-0.31,-1.18,-2.67,-4.29,-5.8,-6.64,-6.54,-6.41,-6.29,-5.87,-5.33,-4.83,-5.23
2.4,1.13,0.95,1.2,1.51,-0.31,-0.82,-1.69,-1.64,-1.47,-1.67,-1.38,-1.01,-0.47,-1.46,-0.88,0.17,1.43,2.66,3.47,3.26,2.32,-0.26,-1.61,-2.82,-0.89,-1.96,-0.98,-4.84,-4.71,-4.8,-4.93,-5.51,-6.02,-6.18,-6.3,-5.15,-2.85,-2.13,-1.6,-1.77,0.06,0.23,0.26,-0.62,-1.48,-2.24,-1.82,-2.58,-2.02,-1.12,-0.21,-0.91,-1.29,-1.2,-1.09,-0.85,-0.36,0.91,2.09,2.87,3.41,3.1,1.92,1.23,1.25,2.43,2.36,0.68,-0.98,-0.66,-1.49,-2.62,-3.17,-3.7,-4.13,-4.69,-5.41,-5.98,-6.3,-6.48,-6.35,-6.24
3.94,2.21,0.66,0.35,0.88,0.05,-0.34,-0.7,-0.83,-0.15,-0.55,-1.4,-1.59,-0.8,-0.76,-0.86,-0.36,1.63,3.37,3.75,3.98,2.82,1.7,-2.41,-3.69,-3.77,2.85,-0.59,-3.52,-4.53,-4.8,-4.68,-5.42,-5.94,-6.72,-8.12,-6.77,0.22,-0.03,-1.99,-1.35,0.65,0.56,-0.92,-0.07,-0.73,-1.43,-0.64,-1.22,-1.99,-1.22,-1.52,-1.83,-1.16,-0.9,-0.71,-0.67,-0.08,0.73,1.91,2.5,2.99,1.96,3.78,3.03,4.64,5.03,2.6,1.81,1.65,-0.93,-2.37,-2.9,-3.49,-3.77,-3.67,-2.61,-2.66,-3.52,-4.12,-5.02,-5.88,-6.08
4.82,4.53,2.2,0.63,-0.67,-0.69,-1.66,-2.05,-1.33,-0.94,-0.5,-1.29,-1.64,-0.99,-0.6,0.02,0.66,2.18,3.06,3.36,3.1,3.3,2.41,-0.09,-3.67,0.05,0.22,0.17,1.14,-3.11,-5.16,-3.06,-2.78,-4.77,-7.84,-8.48,0.09,1.08,-0.32,-4.18,0.49,0.66,-0.05,-0.52,-1.39,-1.33,-0.32,-1.04,-1.38,-1.76,-2.6,-2.87,-2.58,-1.95,-1.09,-0.61,-0.18,0.66,1.57,2.83,3.3,3.16,2.34,5.12,6.21,5.77,5.41,5.06,4.88,3.49,1.34,0.09,-1.15,-2.11,-2.72,-2.87,-2.19,-2.1,-3.45,-3.92,-4.8,-2.5,-1.81
7.49,6.93,6.56,4.96,2.32,1.4,-1.62,-2.53,-2.38,-1.45,0.16,-0.29,0.07,0.32,0.11,0.96,1.62,2.84,3.53,3.25,2.58,2.63,2.51,1.98,0.36,0.3,3.42,1.98,-0.91,1.87,1.48,0.36,-0.54,-0.13,-3.34,-0.4,-0.28,0.96,0.18,0.19,1.01,-0.87,0.57,0.94,0.09,-1.04,-0.18,-1.51,-0.87,-0.28,-0.66,-2.26,-2.48,-2.25,-1.11,-0.15,0.09,0.24,1.74,2.69,4.01,4.86,5.85,5.96,5.99,5.55,4.92,5.04,4.39,3.79,3.51,1.94,1.51,1.35,1.14,0.43,0.09,-0.59,-0.03,0.68,0.75,0.62,2.23
7.08,6.92,6.37,5.79,4.11,1.42,-0.45,-0.51,-1.77,0.19,-0.14,-2.22,-0.48,1.3,1.05,2.47,2.52,2.92,4.4,3.83,2.99,2.65,2.46,1.45,1.38,1.61,-2.02,-2.09,-2.07,0.29,0.33,-2.57,-0.23,0.53,0.41,0.59,-0.35,-0.38,1.02,0.81,-0.55,0.26,1.14,1.18,1.03,-0.69,-1.14,-0.4,-0.02,-0.06,0.73,-0.02,-0.28,0.1,-0.47,-0.15,0.98,2.45,3.29,3.96,4.34,4.65,5.02,5.3,5.19,5.3,5.57,5.37,5.35,4.65,4.75,4.51,2.46,1.97,1.59,1.9,2.99,3.47,4.33,4.99,4.88,4.98,5.83
6.64,6.22,5.98,5.81,5.98,5.43,5.23,5.55,5.23,3.83,2.21,3.45,4.34,4.39,6.92,7.75,8.55,7.59,4.81,4.07,3.61,3.35,2.75,2.45,2.19,1.81,2.81,1.65,0.98,-1.62,-2.43,-0.27,1.29,0.7,0.8,-0.07,1.31,1.47,0.9,-0.29,0.57,0.86,0.67,0.65,0.83,1.03,-0.76,-0.54,-0.42,0.18,-0.14,-0.22,-0.42,-1.44,-1.31,-0.84,0.49,1.42,2.38,3.19,3.59,4.0,4.32,4.58,4.91,5.3,5.33,5.53,5.19,5.0,4.87,4.63,4.34,3.36,4.07,4.13,3.77,4.84,6.08,6.19,5.96,6.15,5.86
6.44,5.99,6.09,6.16,6.35,7.07,7.2,7.1,7.01,6.65,6.7,7.29,7.57,7.48,8.14,7.69,7.09,6.81,7.2,7.64,6.36,4.07,3.62,3.51,3.7,2.47,0.67,0.24,0.98,3.07,3.71,3.4,3.52,2.48,0.45,0.36,0.02,1.0,1.03,0.12,1.67,1.3,0.42,0.97,1.12,0.79,0.49,0.35,0.42,0.12,0.85,0.82,-0.08,0.04,-0.84,-0.08,0.8,2.08,2.32,2.96,3.03,3.11,3.47,3.94,4.34,4.62,5.1,4.97,5.14,4.67,4.35,4.9,5.64,5.97,4.47,5.3,6.29,6.1,6.05,5.7,6.87,7.13,6.9
5.89,5.27,5.8,5.73,5.75,5.75,5.47,5.09,5.49,6.22,6.36,7.23,8.17,8.45,7.69,6.43,5.86,5.52,5.39,5.75,4.97,4.9,5.12,5.3,4.93,4.91,6.03,3.88,3.63,2.83,2.44,1.86,1.58,-0.34,1.07,-0.19,1.25,0.76,0.19,1.63,2.0,2.3,1.83,-0.03,-0.01,-0.04,0.12,0.67,0.69,-0.99,0.05,-0.55,-0.35,-0.75,-0.1,-0.47,-0.72,0.34,1.09,2.75,2.36,2.3,2.6,3.05,3.4,3.75,4.01,4.51,4.89,5.24,5.96,6.12,7.04,7.36,8.26,7.67,7.35,7.46,6.1,5.8,6.07,6.61,7.68
5.47,5.1,4.98,4.49,5.3,5.18,5.78,6.13,5.68,5.44,6.04,6.64,7.03,6.27,6.12,6.01,5.73,5.44,5.22,5.27,4.29,5.35,5.73,4.36,4.06,4.91,5.64,6.18,6.27,5.44,4.93,4.39,1.36,1.68,1.0,1.53,0.49,0.34,1.74,1.55,1.68,1.46,1.25,0.69,-1.02,-0.68,-0.31,-0.6,-0.4,-0.86,-0.99,-1.36,-1.4,-0.41,-0.36,-0.87,-0.24,0.13,0.64,0.55,1.94,1.67,1.78,2.21,2.79,3.29,3.78,4.0,4.66,5.77,6.36,6.85,6.97,7.13,7.48,7.64,7.55,7.38,7.96,7.59,7.27,7.53,7.84
5.38,4.98,4.85,4.88,5.15,5.74,6.15,5.99,5.62,5.58,5.7,5.84,5.8,5.28,5.51,5.45,5.51,5.25,5.11,4.53,4.33,4.61,4.42,4.82,4.57,4.62,4.53,5.22,5.33,5.63,5.16,4.4,4.0,5.54,0.15,0.37,1.26,0.18,1.28,0.77,0.1,0.45,-0.01,0.21,-0.12,-0.35,-0.94,0.8,0.54,0.25,0.7,0.93,0.93,0.04,0.17,-0.02,-0.18,-0.1,-0.2,0.24,0.36,0.75,1.18,1.77,2.26,2.63,2.86,3.11,4.02,5.05,5.7,6.32,6.47,6.76,7.1,7.2,7.03,6.63,6.34,6.16,6.14,6.12,5.88
5.01,4.98,4.85,4.88,5.36,5.48,5.43,5.4,5.46,5.55,5.46,4.98,4.8,4.85,4.86,5.13,5.35,5.34,5.29,3.53,4.21,4.57,5.01,4.62,4.15,4.27,4.21,4.13,4.14,3.85,4.02,4.09,4.99,1.4,0.52,-0.01,-1.03,-0.54,0.83,0.1,-0.43,-0.96,-0.87,-0.63,-0.9,0.64,0.4,-0.1,-0.09,0.55,0.62,0.61,0.57,0.39,-0.53,-1.13,-0.3,-0.46,0.0,-0.39,0.53,0.19,0.57,0.76,0.96,1.13,1.34,1.84,1.73,2.7,3.99,5.05,6.53,7.32,7.51,6.88,6.27,5.98,5.83,5.63,5.32,5.14,4.8
3.99,4.07,4.16,4.32,4.57,4.7,4.75,4.08,3.79,4.51,4.92,4.76,4.37,3.88,3.48,3.44,4.43,5.13,5.26,3.35,2.5,4.01,4.62,4.38,4.26,4.26,4.07,4.24,4.37,4.63,4.94,5.48,1.33,1.38,0.33,-0.37,0.06,0.76,0.56,0.31,0.21,-0.65,0.22,-0.03,0.52,-0.05,-0.99,-0.9,-0.78,-1.28,0.2,-0.74,-0.94,-0.78,-0.93,-1.1,-0.36,-0.56,-0.49,-0.39,-1.05,-0.55,-0.28,-0.08,0.23,0.25,0.68,1.28,2.27,2.73,3.52,4.48,5.66,6.81,7.03,6.56,6.04,5.25,4.66,4.36,4.35,4.12,4.02
1.62,1.8,2.44,2.72,3.12,3.53,3.54,3.5,3.62,3.83,3.73,3.24,2.6,2.22,2.03,2.29,2.59,3.51,4.0,4.36,2.99,4.58,4.51,4.08,3.97,4.28,4.51,4.57,4.67,4.86,5.38,1.43,0.62,1.61,-0.75,0.2,0.36,0.48,-0.32,-0.01,-0.49,-0.25,0.7,0.89,0.56,-0.47,-0.93,-1.07,-0.52,-1.03,-0.84,-0.41,-1.08,-0.85,-0.75,0.3,-0.16,0.02,0.11,-0.54,-1.37,-0.97,-1.13,-0.57,-0.42,-0.5,-0.84,0.07,2.25,2.81,2.99,4.33,5.07,6.66,7.5,7.26,6.34,5.67,4.72,3.9,3.3,3.03,3.18
1.29,1.41,1.6,1.89,2.38,3.08,3.41,3.87,4.13,3.95,3.51,3.05,2.6,1.95,1.72,1.67,1.85,2.3,3.15,3.94,1.42,3.86,3.86,3.71,3.54,3.66,4.22,4.32,4.42,4.63,4.79,-0.05,0.79,-0.46,0.45,0.09,0.16,0.12,-0.19,0.01,-0.02,0.55,0.05,-0.07,-0.5,-0.46,-0.26,-0.59,-0.83,-0.91,-0.7,-1.14,-1.03,-0.51,-0.91,-0.77,-0.52,-0.31,-1.01,-1.1,-0.81,-0.66,-0.87,0.37,0.1,-1.6,-1.39,-0.33,0.79,2.35,3.6,4.05,5.06,6.39,8.0,8.2,7.21,6.07,5.01,4.35,3.43,2.87,2.62
1.59,1.64,1.97,2.47,2.93,3.61,3.95,4.15,4.22,3.97,3.59,3.18,3.13,2.88,2.52,2.37,2.64,2.76,2.63,2.57,3.17,3.45,3.51,3.51,3.26,3.22,3.55,3.73,3.81,4.37,3.05,1.28,-0.2,0.18,0.24,-0.07,-0.42,0.0,0.25,-0.09,0.08,-0.11,-0.39,-0.89,-0.79,-0.39,-0.37,-0.58,-0.65,-1.02,-0.89,-0.48,0.51,0.48,0.72,-0.65,-1.8,-0.69,-0.61,-0.26,-0.68,-0.61,-0.3,-0.28,-0.26,-0.43,-0.74,-1.66,-0.88,2.39,4.61,5.02,5.99,7.09,8.39,8.94,8.09,6.9,5.42,4.52,3.82,3.14,2.55
2.15,2.34,2.57,3.14,3.63,3.9,3.92,3.76,3.56,3.47,3.14,3.01,2.84,2.74,3.1,3.47,3.64,3.63,3.34,3.44,3.87,4.01,4.06,3.93,3.8,3.89,4.03,4.35,4.55,4.28,3.31,-0.63,-1.86,0.02,0.3,0.36,0.35,-0.53,-0.28,-0.15,-0.5,-0.75,-1.03,-1.17,-0.92,-0.61,-0.49,-0.3,-0.45,1.13,0.76,-0.05,0.54,0.11,0.75,0.84,-0.3,-0.66,-0.48,-0.89,-0.82,-0.6,-0.51,-0.77,-0.89,-0.04,-0.43,0.56,0.17,0.45,2.94,3.58,7.95,8.04,8.79,9.17,8.93,8.58,7.18,5.49,5.1,4.44,3.96
3.3,3.02,3.29,3.74,4.16,4.19,3.93,3.64,3.34,3.35,3.05,3.09,3.23,3.44,3.38,3.4,3.91,3.96,4.38,4.63,4.63,4.54,4.51,4.64,4.48,4.25,4.51,4.74,5.32,5.04,1.85,0.62,-0.51,0.44,-0.3,-0.61,-0.81,-0.5,-0.62,-0.7,-0.72,-1.18,-1.18,-1.15,-1.14,-0.6,-0.46,-0.81,0.9,0.53,0.97,0.78,0.93,1.1,0.68,0.04,0.12,-0.27,-0.37,-0.42,0.33,-0.73,-0.89,0.32,0.12,1.15,1.08,0.91,0.35,0.74,2.1,1.24,3.48,9.03,9.11,9.28,8.63,8.35,7.61,7.0,6.24,5.29,4.88
4.25,4.51,4.73,4.87,4.7,4.32,3.79,3.55,3.2,3.34,3.42,3.26,3.61,3.84,3.76,3.96,3.87,4.26,4.35,4.84,4.97,5.0,4.92,4.67,4.67,4.74,5.16,5.12,4.66,4.14,2.74,-0.36,-0.72,1.01,0.01,-0.29,-0.87,-0.87,-0.64,-0.49,-0.82,-0.9,-0.97,-0.95,-0.84,-0.84,-0.14,0.87,1.01,1.16,0.98,0.47,0.25,0.64,0.86,-0.12,0.24,0.03,0.13,0.2,0.14,0.83,-0.36,-0.68,0.72,1.32,1.8,3.34,4.08,3.76,3.9,4.65,2.49,4.54,5.22,8.46,8.72,8.54,7.7,7.01,5.53,5.62,5.57
4.62,4.61,4.72,4.74,4.63,4.29,3.92,3.59,3.28,3.6,3.93,3.89,3.85,3.99,4.46,4.33,4.14,4.32,4.79,4.77,5.14,5.1,4.83,5.08,5.05,5.13,5.41,5.49,5.05,3.84,3.54,2.5,0.34,1.14,0.58,0.12,-0.41,-0.6,-0.69,-0.31,-0.53,0.16,0.19,0.11,0.34,-0.02,0.05,0.63,0.96,0.97,1.25,0.42,0.08,-0.62,0.37,0.39,0.37,0.04,0.16,-0.13,0.45,0.8,-0.02,-0.02,0.3,1.67,2.36,3.96,4.37,5.33,4.29,4.33,4.4,5.55,4.95,5.54,8.3,8.68,8.27,6.87,6.26,6.58,6.63
4.52,4.65,4.61,4.63,4.38,4.3,4.17,3.92,3.77,3.99,4.37,4.52,4.33,4.35,4.55,4.36,4.23,4.46,4.83,5.12,5.06,5.07,5.11,5.08,5.37,5.57,5.6,5.25,4.91,5.06,4.36,2.89,-1.05,-0.28,-0.8,-0.02,-0.64,-0.72,-0.64,-0.72,0.08,0.57,0.04,0.47,0.82,0.48,0.6,0.12,0.29,0.86,0.44,-0.4,0.1,0.62,1.01,0.92,0.65,0.85,0.7,0.47,0.56,0.66,0.2,0.75,0.55,0.56,0.98,2.76,3.77,3.34,4.3,7.4,5.79,3.76,7.13,5.26,2.94,8.14,8.24,6.18,6.11,6.36,6.26
4.42,4.51,4.5,4.66,4.85,4.77,4.62,4.44,4.32,4.23,4.27,4.7,4.95,4.73,4.8,4.57,4.63,4.58,4.49,4.65,5.01,5.26,5.34,5.52,5.61,5.56,5.97,5.59,4.93,4.21,4.06,3.08,1.18,0.1,1.13,0.81,-0.05,0.05,-0.52,-0.45,-0.42,-0.15,0.69,0.53,0.56,0.74,-0.08,0.19,0.34,0.74,-0.07,0.45,-0.5,-0.22,-0.16,0.12,1.01,1.11,-0.24,0.55,0.56,0.97,0.52,0.06,0.91,1.53,1.78,1.88,3.09,3.61,5.23,3.92,4.97,4.49,3.29,3.91,3.11,7.58,7.11,6.95,6.21,6.04,5.65
4.22,4.28,4.56,4.75,4.97,4.94,5.1,4.69,4.56,4.44,4.12,4.0,4.25,4.38,4.41,4.51,4.27,4.04,4.03,4.21,4.52,5.08,5.63,5.72,5.64,5.86,6.02,5.93,5.16,4.18,3.75,4.05,4.25,-0.92,0.25,0.36,0.67,0.69,0.76,-0.33,-0.65,-0.58,0.41,0.96,0.45,0.65,1.07,-0.07,-0.58,0.36,1.55,1.09,0.93,0.14,0.8,0.27,0.58,1.07,1.15,0.66,1.32,0.94,1.24,0.91,1.68,1.33,2.02,3.5,3.86,3.98,4.61,4.15,4.98,4.39,2.19,1.74,6.04,6.51,6.81,6.66,6.69,5.55,5.05
4.86,4.76,4.63,4.8,5.02,5.16,5.17,4.94,4.44,4.49,4.33,4.12,3.83,4.04,4.1,3.86,3.9,3.66,3.64,3.78,4.11,4.55,4.88,5.28,5.49,5.63,5.74,5.61,4.87,3.79,3.8,4.17,4.32,0.41,-2.62,1.41,-0.08,0.68,0.84,0.13,0.18,0.38,0.08,0.65,1.11,1.13,0.47,0.59,1.15,0.17,0.95,0.53,1.02,0.99,0.73,0.8,0.29,0.92,-0.43,0.7,1.33,1.14,1.27,1.38,0.86,1.71,1.7,1.56,3.21,2.97,6.74,5.64,3.79,3.59,0.92,4.1,4.68,4.71,5.29,5.66,4.87,4.56,4.35
4.9,5.03,5.07,5.16,5.25,5.23,5.12,4.97,4.66,4.23,4.24,4.2,3.93,3.65,3.74,3.51,3.45,3.47,3.61,3.84,3.99,4.1,4.37,4.73,5.14,5.46,5.53,5.55,4.89,3.57,2.94,3.65,4.2,3.98,-3.9,1.05,1.06,0.83,0.8,0.96,-0.36,-0.6,-0.44,-0.31,0.22,0.5,0.87,-0.14,0.47,0.66,0.75,1.23,0.61,0.33,0.88,0.84,0.56,0.17,0.86,1.03,1.18,1.02,1.92,1.2,1.26,1.43,1.46,0.65,3.2,4.81,5.13,3.54,2.77,1.95,5.69,7.24,4.21,3.83,4.53,4.48,4.07,3.72,3.62
4.78,4.78,4.87,4.89,4.99,5.14,5.14,5.02,4.83,4.32,4.02,4.02,3.91,3.93,3.65,3.51,3.47,3.45,3.78,3.91,4.05,4.1,4.22,4.43,4.72,5.19,5.37,5.31,5.11,4.28,2.88,2.89,3.01,3.59,0.99,-1.79,-0.53,2.78,2.05,1.25,0.74,-0.58,-1.42,-0.09,0.82,0.05,0.07,0.27,-0.28,0.16,0.54,0.78,1.17,1.39,0.74,0.8,0.64,0.36,0.47,0.4,1.29,1.57,1.57,1.08,0.69,1.65,0.87,2.08,2.06,3.74,3.86,4.09,2.24,1.39,6.25,7.4,5.61,4.47,4.91,5.43,3.95,3.34,3.65
4.17,4.46,4.73,4.9,4.95,4.9,5.01,4.92,4.88,4.56,4.26,3.97,4.0,3.62,3.68,3.52,3.32,3.34,3.44,3.82,4.07,4.2,4.29,4.37,4.53,4.84,5.15,5.18,5.14,4.61,3.63,2.63,2.48,2.76,2.52,-0.91,-1.14,-0.27,0.41,0.33,0.76,1.52,1.36,0.29,-0.26,0.24,0.83,-0.04,-0.07,-0.6,-0.96,-0.21,0.03,0.8,-0.5,0.16,0.57,0.89,0.57,0.93,1.67,0.5,1.77,1.11,1.27,1.37,1.5,1.27,1.4,1.63,3.68,6.09,3.01,5.45,5.77,7.3,6.89,5.59,4.56,5.31,4.68,3.62,3.88
3.84,3.93,4.01,4.21,4.25,4.3,4.37,4.69,4.79,4.63,4.29,4.29,4.26,4.27,4.01,3.76,3.83,3.65,3.49,3.79,4.01,4.2,4.42,4.58,4.56,4.69,5.0,5.02,4.91,4.35,3.93,3.74,3.46,3.68,4.83,1.33,-2.94,-0.9,-0.77,-0.84,-1.75,0.27,0.37,0.97,-0.05,-0.41,-0.4,0.3,0.57,-1.03,-0.36,-0.66,0.59,0.69,0.11,-0.02,-0.04,0.77,1.88,0.92,0.7,0.56,0.88,1.8,1.69,0.43,1.26,0.3,1.23,0.63,-0.27,2.15,4.18,6.73,5.32,5.31,6.34,5.58,5.12,5.14,5.49,2.97,3.64
3.94,4.11,3.65,3.47,3.78,3.92,4.14,4.4,4.18,4.65,4.2,4.26,4.36,4.36,4.5,4.25,4.2,4.31,4.28,3.97,3.92,4.2,4.48,4.77,4.98,4.99,4.93,4.95,4.75,4.47,4.17,4.19,4.42,4.17,4.08,4.69,0.89,-2.62,-2.75,-1.53,-0.21,-1.57,-1.66,-0.28,1.57,1.12,-0.7,-0.81,-0.66,-0.99,-0.38,-1.42,-1.47,-0.99,0.32,0.05,0.57,-0.56,-0.45,1.94,0.4,1.12,1.73,0.79,1.37,0.09,0.47,1.22,0.5,1.91,2.6,1.19,2.75,5.86,5.6,5.02,5.04,5.49,5.38,5.16,4.86,4.07,2.67
2.54,3.07,3.79,3.63,2.98,3.52,3.72,3.95,4.11,4.32,4.27,4.19,4.32,4.44,4.66,4.46,4.13,3.91,3.96,4.03,4.12,4.15,4.28,4.68,5.06,5.21,5.12,5.03,5.02,4.95,4.86,4.54,4.42,4.54,4.29,4.82,2.6,1.61,-0.16,-1.24,-2.04,0.14,-1.58,-0.02,0.2,1.18,-0.15,-1.06,-1.02,0.27,-0.5,-1.18,-1.4,-0.24,-0.85,0.18,-1.66,-1.38,0.24,1.73,0.62,0.24,0.81,-0.25,-0.94,0.39,-0.01,1.26,1.93,1.71,0.35,1.16,1.32,4.44,4.93,5.29,5.24,4.7,4.22,4.12,4.66,4.82,3.11
1.64,1.78,2.45,3.1,3.37,3.41,3.57,3.51,3.8,3.84,3.9,4.15,4.44,4.54,4.58,4.47,4.23,4.14,3.97,3.9,3.94,4.06,4.4,4.6,4.89,5.11,5.28,5.27,5.27,5.21,5.06,4.79,4.62,4.71,4.74,4.49,4.25,3.44,2.89,0.84,-0.18,-1.32,-2.05,0.65,0.83,0.62,2.05,0.63,-1.09,-1.7,-2.21,-0.95,-0.45,-0.97,0.63,0.1,-0.95,-1.2,1.23,1.09,0.82,-0.47,-0.85,-0.49,-0.25,-0.73,0.09,0.28,0.14,0.93,2.75,1.56,2.17,2.71,3.29,3.76,4.43,4.65,4.53,4.48,4.16,4.63,4.64
1.4,1.74,2.1,2.36,2.44,2.95,2.7,2.91,3.2,3.49,3.56,3.51,4.13,4.56,4.78,4.84,4.6,4.55,4.35,4.05,3.8,3.79,3.99,4.35,4.59,5.01,5.11,5.28,5.23,5.05,4.76,4.5,4.53,4.67,4.79,4.91,4.47,4.04,3.24,3.2,0.55,-0.35,-2.58,-3.2,-1.67,-1.77,-1.54,-0.96,-2.15,-2.09,-1.9,-1.37,-1.38,-0.24,-0.2,0.49,0.2,-0.76,-0.22,-0.32,-1.75,-0.79,-1.08,-1.21,-1.31,-0.62,-0.45,-1.06,0.8,-0.23,1.89,1.58,6.08,4.38,4.43,4.68,4.45,4.05,3.93,4.18,4.09,3.73,3.8
1.17,1.81,1.67,2.06,2.06,2.13,2.09,2.32,2.75,3.1,3.41,3.33,3.36,3.82,4.28,4.68,4.76,4.53,4.36,4.27,4.25,4.04,3.86,4.06,4.24,4.65,5.0,5.06,5.14,4.88,4.4,4.08,3.9,4.02,4.28,4.48,4.79,5.04,4.47,3.62,2.53,0.48,-0.3,1.01,-3.94,-0.78,-0.88,-2.04,-1.94,-2.44,-2.42,-2.21,-1.61,-1.67,-1.47,0.71,0.0,0.7,-0.9,-0.05,0.18,0.69,-1.21,0.04,0.29,0.49,0.15,-0.03,0.3,-0.35,0.86,1.68,4.2,5.55,6.51,7.03,7.52,7.83,7.28,5.85,3.83,3.17,2.98
0.6,0.63,1.22,1.51,1.67,1.37,1.44,1.23,1.42,1.85,2.2,2.63,2.98,3.17,3.51,3.52,3.99,4.14,4.33,4.27,3.97,3.83,4.1,3.88,4.24,4.27,4.65,4.69,4.61,4.56,4.21,3.92,3.76,3.99,4.44,4.79,5.12,5.52,5.19,4.08,2.93,0.13,-1.14,-0.75,-1.92,-1.03,-0.91,0.69,-0.71,-2.18,-2.33,-2.41,-2.36,-1.82,0.38,-0.14,-0.38,0.44,-0.59,-0.11,0.55,1.1,0.49,-0.06,-0.78,0.85,1.73,0.62,0.59,0.1,0.76,1.23,1.67,4.26,5.95,6.58,6.96,7.13,7.14,7.65,8.11,6.83,3.77
