static/gfs.json
{"header": {"discipline":0,"disciplineName":"Meteorological products","gribEdition":2,"gribLength":77032,"center":7,"centerName":"US National Weather Service - NCEP(WMC)","subcenter":0,"refTime":"2016-08-27T12:00:00.000Z","significanceOfRT":1,"significanceOfRTName":"Start of forecast","productStatus":0,"productStatusName":"Operational products","productType":1,"productTypeName":"Forecast products","productDefinitionTemplate":0,"productDefinitionTemplateName":"Analysis/forecast at horizontal level/layer at a point in time","parameterCategory":2,"parameterCategoryName":"Momentum","parameterNumber":3,"parameterNumberName":"V-component_of_wind","parameterUnit":"m.s-1","genProcessType":2,"genProcessTypeName":"Forecast","forecastTime":0,"surface1Type":103,"surface1TypeName":"Specified height level above ground","surface1Value":10.0,"surface2Type":255,"surface2TypeName":"Missing","surface2Value":0.0,"gridDefinitionTemplate":0,"gridDefinitionTemplateName":"Latitude_Longitude","numberPoints":65160,"shape":6,"shapeName":"Earth spherical with radius of 6,371,229.0 m","gridUnits":"degrees","resolution":48,"winds":"true","scanMode":0,"nx":360,"ny":181,"basicAngle":0,"subDivisions":0,"lo1":0.0,"la1":90.0,"lo2":359.0,"la2":-90.0,"dx":1.0,"dy":1.0}, "data":
[rows 0 to 36 of 181, columns 166 to 248 of 360]
5.82,5.91,5.98,6.06,6.14,6.21,6.28,6.35,6.42,6.49,6.55,6.61,6.67,6.73,6.79,6.84,6.89,6.94,6.99,7.04,7.08,7.12,7.16,7.2,7.23,7.26,7.29,7.32,7.35,7.37,7.39,7.41,7.43,7.44,7.46,7.47,7.47,7.48,7.48,7.48,7.48,7.48,7.47,7.46,7.45,7.44,7.43,7.41,7.39,7.37,7.34,7.32,7.29,7.26,7.22,7.19,7.15,7.11,7.07,7.03,6.98,6.93,6.88,6.83,6.78,6.72,6.66,6.6,6.54,6.47,6.41,6.34,6.27,6.2,6.12,6.05,5.97,5.89,5.81,5.72,5.64,5.55,5.46
5.53,5.62,5.71,5.8,5.89,5.97,6.05,6.13,6.21,6.29,6.36,6.42,6.49,6.55,6.61,6.66,6.72,6.77,6.82,6.87,6.91,6.95,6.99,7.03,7.07,7.1,7.13,7.16,7.19,7.21,7.24,7.26,7.29,7.3,7.32,7.34,7.36,7.37,7.38,7.38,7.39,7.4,7.4,7.41,7.41,7.4,7.4,7.39,7.38,7.38,7.37,7.36,7.34,7.33,7.32,7.3,7.28,7.25,7.23,7.21,7.18,7.15,7.13,7.1,7.06,7.03,7.0,6.96,6.93,6.88,6.83,6.79,6.74,6.69,6.63,6.57,6.51,6.45,6.39,6.32,6.25,6.18,6.11
5.2,5.27,5.34,5.42,5.48,5.55,5.61,5.67,5.73,5.78,5.84,5.9,5.96,6.02,6.07,6.12,6.17,6.22,6.26,6.32,6.35,6.4,6.44,6.47,6.51,6.55,6.58,6.62,6.66,6.69,6.73,6.77,6.81,6.85,6.89,6.94,6.99,7.03,7.08,7.12,7.16,7.2,7.23,7.27,7.31,7.35,7.39,7.42,7.45,7.48,7.51,7.53,7.55,7.57,7.59,7.6,7.61,7.62,7.62,7.61,7.61,7.6,7.58,7.56,7.53,7.51,7.48,7.44,7.4,7.35,7.29,7.24,7.18,7.12,7.05,6.98,6.91,6.83,6.75,6.66,6.57,6.49,6.4
4.82,4.94,5.05,5.15,5.21,5.27,5.3,5.31,5.3,5.28,5.24,5.23,5.23,5.25,5.28,5.32,5.37,5.43,5.49,5.55,5.62,5.7,5.76,5.79,5.82,5.85,5.88,5.92,5.96,6.01,6.06,6.14,6.22,6.3,6.4,6.49,6.6,6.7,6.81,6.91,7.02,7.12,7.22,7.3,7.38,7.45,7.52,7.59,7.66,7.72,7.78,7.83,7.88,7.92,7.96,7.99,8.02,8.04,8.06,8.06,8.06,8.06,8.05,8.03,8.02,7.99,7.96,7.93,7.88,7.84,7.78,7.73,7.66,7.6,7.53,7.46,7.39,7.31,7.23,7.16,7.07,6.99,6.91
4.79,4.93,5.12,5.35,5.65,5.88,6.07,6.24,6.35,6.42,6.46,6.44,6.38,6.3,6.18,6.02,5.77,5.48,5.36,5.28,5.24,5.24,5.29,5.37,5.46,5.57,5.7,5.83,6.01,6.12,6.22,6.32,6.42,6.52,6.61,6.7,6.8,6.88,6.96,7.05,7.15,7.25,7.35,7.45,7.54,7.64,7.73,7.81,7.89,7.95,8.01,8.05,8.09,8.13,8.16,8.2,8.22,8.25,8.27,8.29,8.31,8.32,8.32,8.33,8.33,8.31,8.3,8.28,8.25,8.23,8.19,8.15,8.1,8.05,7.98,7.9,7.81,7.7,7.59,7.46,7.34,7.22,7.1
3.73,4.03,4.32,4.6,4.87,5.12,5.35,5.57,5.77,5.96,6.13,6.29,6.41,6.53,6.61,6.65,6.65,6.62,6.55,6.45,6.34,6.26,6.03,6.0,6.03,6.11,6.2,6.29,6.34,6.6,6.49,6.43,6.44,6.45,6.48,6.56,6.65,6.84,7.02,7.16,7.29,7.44,7.58,7.7,7.83,7.96,8.09,8.2,8.31,8.4,8.48,8.55,8.6,8.63,8.65,8.67,8.67,8.68,8.68,8.69,8.69,8.69,8.7,8.7,8.68,8.65,8.62,8.57,8.51,8.44,8.34,8.23,8.09,7.94,7.8,7.65,7.52,7.42,7.34,7.26,7.18,7.05,6.87
2.81,3.19,3.56,3.92,4.27,4.61,4.94,5.28,5.6,5.91,6.22,6.49,6.74,6.95,7.14,7.26,7.33,7.34,7.25,7.11,6.96,6.79,6.58,6.63,6.75,6.87,6.98,7.06,7.18,7.29,7.44,7.6,7.76,7.96,7.88,7.85,7.68,7.65,7.66,7.61,7.62,7.62,7.61,7.65,7.74,7.91,8.13,8.38,8.85,8.59,8.66,8.67,8.66,8.65,8.67,8.69,8.7,8.7,8.69,8.68,8.68,8.69,8.7,8.7,8.7,8.67,8.62,8.54,8.41,8.26,8.1,7.93,7.77,7.63,7.5,7.34,7.13,6.84,6.52,6.11,5.68,5.28,4.94
3.93,4.32,4.71,5.1,5.48,5.86,6.25,6.61,6.97,7.31,7.63,7.91,8.18,8.21,8.41,9.05,9.27,9.4,9.42,9.32,9.08,8.76,8.46,8.2,8.14,8.35,8.61,8.8,8.92,8.98,8.99,8.98,9.0,8.91,8.84,8.77,8.67,8.59,8.53,8.5,8.42,8.35,8.29,8.22,8.25,8.31,8.41,8.54,8.66,8.73,8.75,8.74,8.71,8.68,8.66,8.64,8.63,8.61,8.59,8.56,8.55,8.52,8.49,8.43,8.35,8.25,8.12,7.96,7.79,7.64,7.49,7.32,7.1,6.82,6.42,6.06,5.65,5.25,4.94,4.75,4.61,4.51,4.43
4.93,5.58,6.25,6.95,7.64,8.3,8.9,9.45,9.94,10.36,10.71,10.99,11.25,11.52,11.8,12.1,12.36,12.58,12.74,12.87,12.98,13.07,13.11,13.06,12.88,12.61,12.05,11.44,11.28,10.92,10.94,11.07,11.18,11.08,10.93,10.42,10.07,9.84,9.77,9.79,10.17,10.33,10.25,9.99,9.5,9.43,9.57,9.53,9.11,8.66,8.27,8.05,7.98,8.01,8.05,8.07,8.06,8.04,7.99,7.96,7.95,7.95,7.95,7.92,7.85,7.74,7.61,7.51,7.38,7.21,6.94,6.57,6.14,5.7,5.27,4.91,4.61,4.46,4.42,4.33,4.18,3.96,3.72
8.15,9.06,9.72,10.23,10.71,11.27,11.56,12.54,13.24,13.63,13.93,14.2,14.45,14.63,14.68,14.36,14.42,14.16,14.28,14.45,14.61,14.76,14.84,14.84,14.79,14.76,14.77,14.75,14.64,14.5,14.32,14.16,14.04,13.92,13.78,13.53,13.15,12.69,12.22,11.81,11.44,11.09,10.78,10.46,10.14,9.86,9.64,9.5,9.39,9.27,9.17,9.15,9.15,8.96,8.23,7.59,7.27,7.18,7.23,7.31,7.37,7.39,7.39,7.35,7.3,7.26,7.22,7.07,6.85,6.43,5.92,5.43,4.93,4.48,4.31,4.23,4.1,3.88,3.67,3.38,3.08,2.78,2.39
9.79,10.85,11.86,12.73,13.41,13.9,14.33,14.72,15.09,15.4,15.65,15.89,16.14,16.38,16.54,16.6,16.61,16.54,16.2,15.54,14.36,14.19,14.46,15.2,15.64,15.58,15.42,15.27,15.12,14.99,14.9,14.8,14.64,14.42,14.17,13.92,13.68,13.41,13.07,12.65,12.18,11.72,11.29,10.84,10.19,9.17,7.72,6.84,6.5,6.6,7.08,7.75,7.88,7.74,7.33,6.83,6.55,6.42,6.45,6.55,6.67,6.76,6.8,6.81,6.81,6.73,6.47,6.06,5.55,5.04,4.72,4.49,4.51,4.55,4.38,3.94,3.46,3.04,2.71,2.39,2.06,1.64,1.17
11.8,12.28,12.57,12.76,12.92,13.2,13.71,14.33,14.78,14.9,14.94,15.18,15.45,15.62,15.86,16.23,16.52,16.64,16.58,16.41,15.76,16.51,16.55,16.4,16.19,15.96,15.67,15.34,15.05,14.83,14.62,14.4,14.15,13.92,13.73,13.54,13.32,13.03,12.67,12.2,11.71,11.33,10.93,10.1,8.73,7.47,6.91,6.72,6.71,6.33,5.9,5.64,5.66,5.83,5.65,5.45,5.4,5.45,5.49,5.5,5.64,5.88,6.13,6.28,6.16,5.71,5.21,4.76,4.51,4.31,4.32,4.41,4.51,4.18,3.41,2.73,2.36,2.18,1.85,1.38,0.93,0.43,-0.12
12.98,12.46,11.39,10.86,11.32,11.92,12.48,12.93,12.96,12.78,12.74,12.78,12.84,12.65,12.73,13.46,15.15,15.78,15.82,15.77,15.81,15.86,15.84,15.75,15.63,15.48,15.28,14.98,14.61,14.24,13.93,13.7,13.5,13.28,13.03,12.72,12.39,12.11,11.84,11.61,11.39,11.2,10.72,9.88,8.93,8.97,8.68,8.21,7.72,7.3,6.92,6.46,5.92,5.5,5.3,5.06,4.45,4.3,4.32,4.43,4.74,5.19,5.52,5.42,4.97,4.48,4.28,4.23,4.15,4.11,3.94,3.68,3.31,2.92,2.47,2.06,1.65,1.21,0.77,0.27,-0.34,-0.89,-1.52
13.81,13.18,12.16,12.27,12.81,13.04,12.75,12.35,12.08,11.88,11.6,11.18,10.9,11.34,13.12,14.2,14.58,14.55,14.45,14.44,14.52,14.61,14.77,14.92,14.9,14.61,14.46,14.43,14.22,13.81,13.36,13.14,13.12,13.0,12.68,12.29,11.9,11.54,11.21,10.92,10.66,10.41,10.13,9.71,9.16,8.53,8.13,7.92,7.75,7.41,6.9,6.34,5.82,5.35,4.84,4.36,4.16,4.34,4.68,4.93,5.23,5.67,5.87,5.39,4.24,3.66,3.51,3.66,3.79,3.73,3.36,2.89,2.36,1.87,1.31,0.51,-0.27,-0.63,-0.7,-0.76,-1.13,-2.02,-2.86
14.19,15.07,15.74,15.97,15.92,15.72,14.96,13.17,11.78,11.3,10.93,10.34,9.78,10.23,12.1,12.92,13.1,13.16,13.19,13.24,13.36,13.57,13.78,13.78,13.74,13.82,13.79,13.89,13.76,12.4,11.7,11.65,12.48,12.54,12.15,11.75,11.37,10.95,10.46,9.99,9.56,9.25,8.99,8.71,8.39,8.02,7.69,7.38,6.93,6.29,5.56,4.89,4.32,3.84,3.39,3.1,3.22,3.68,4.12,4.37,4.67,5.01,4.91,4.23,3.48,3.28,3.71,3.73,3.24,2.63,2.01,1.28,0.35,-0.84,-1.67,-2.19,-2.01,-1.44,-0.54,-0.27,-0.58,-1.54,-3.17
14.37,14.58,14.96,15.47,15.81,15.57,14.66,13.71,12.91,11.32,9.7,9.26,9.23,10.02,9.88,10.99,11.59,11.61,11.81,12.19,12.43,12.67,13.08,13.03,12.41,12.19,12.85,13.41,13.4,13.28,13.29,13.3,13.22,12.95,12.55,11.98,11.4,10.91,10.31,9.68,9.01,8.38,7.88,7.51,7.19,6.86,6.49,6.05,5.65,5.38,5.16,4.7,3.92,3.1,2.63,2.61,2.83,3.14,3.4,3.65,3.93,3.9,3.32,2.58,2.25,2.8,3.77,3.8,2.64,1.07,0.29,-0.14,-0.79,-2.07,-2.97,-3.68,-4.37,-3.75,-1.35,0.1,-0.5,-2.49,-3.98
14.22,14.36,14.44,14.44,14.11,13.23,12.28,11.56,10.99,9.82,8.34,8.41,8.83,8.39,7.76,7.52,8.43,10.29,11.04,11.22,11.65,12.04,12.25,11.89,12.15,12.52,12.94,12.95,12.86,13.04,13.34,13.38,13.15,12.56,11.76,11.42,11.27,10.77,10.01,9.17,8.28,7.48,6.79,6.21,5.71,5.28,4.88,4.46,4.26,4.01,3.72,3.4,2.97,2.29,2.09,1.89,1.96,2.21,2.43,2.67,2.8,2.57,1.91,1.08,1.05,2.09,2.58,1.34,-0.51,-1.7,-1.59,-0.98,-0.82,-1.15,-2.28,-2.61,-2.84,-2.71,-3.54,-4.47,-3.55,-3.48,-5.1
14.36,14.07,13.12,11.9,10.99,10.57,10.24,10.01,9.46,7.67,7.31,7.39,8.37,8.88,8.61,9.04,8.7,7.86,9.34,9.09,9.24,10.61,11.42,11.73,12.09,12.39,12.39,12.52,12.64,12.73,12.78,12.36,11.52,10.93,11.0,11.03,10.61,10.03,9.26,8.49,7.79,7.13,6.47,5.78,5.1,4.45,3.89,3.45,3.13,2.83,2.5,2.2,1.91,1.61,1.39,1.21,1.06,1.04,1.01,0.87,0.77,0.76,0.29,-0.53,-0.28,0.8,0.53,-1.33,-2.8,-2.98,-2.36,-1.8,-0.96,-1.96,-3.35,-4.0,-3.76,-3.43,-3.43,-4.52,-5.5,-4.89,-4.31
12.1,10.99,9.74,9.04,9.2,9.45,9.23,9.05,9.09,9.36,9.73,10.6,12.03,12.26,11.11,10.23,9.73,9.1,8.43,8.67,9.82,10.72,10.98,10.94,11.41,12.07,12.32,12.45,12.47,12.4,11.83,10.82,10.38,10.21,9.57,9.04,8.7,8.45,8.38,8.33,8.05,7.44,6.52,5.59,4.94,4.51,3.99,3.41,2.97,2.72,2.54,2.29,1.9,1.49,1.21,0.89,0.37,-0.16,-0.36,-0.3,-0.25,-0.2,-1.08,-2.34,-1.81,-0.7,-1.64,-3.76,-4.61,-3.23,-2.48,-2.32,-2.19,-2.77,-5.64,-6.03,-5.17,-5.56,-6.22,-6.84,-6.54,-6.4,-6.49
8.67,8.88,10.08,10.14,9.28,9.2,9.68,9.84,10.42,11.13,10.94,9.87,10.38,7.97,5.83,4.42,5.41,7.85,7.99,7.76,9.16,11.06,11.85,12.27,12.62,13.0,13.23,13.15,12.99,12.17,10.45,9.66,9.64,8.89,7.94,7.23,6.66,5.04,5.08,5.43,6.24,5.96,5.6,4.84,3.91,3.43,2.98,2.69,2.71,2.97,3.3,3.45,3.34,3.04,2.41,1.4,0.37,-0.15,-0.23,-0.92,-1.72,-2.45,-3.62,-3.96,-3.15,-2.7,-3.9,-4.96,-5.25,-5.64,-3.93,-1.46,-2.82,-6.2,-7.99,-7.88,-7.01,-6.85,-6.13,-7.57,-7.75,-7.25,-7.21
8.71,7.46,6.92,8.12,11.86,11.01,9.01,8.96,9.93,10.02,9.89,8.54,7.16,8.89,10.1,9.58,9.31,9.26,9.1,8.94,9.72,11.28,12.24,12.54,12.82,13.32,13.35,13.33,12.88,11.01,9.39,8.51,5.26,4.16,4.21,4.31,4.28,4.19,3.78,3.4,3.58,3.78,3.64,3.47,2.78,1.74,1.21,1.36,1.43,1.49,1.65,1.52,1.51,2.1,2.85,2.56,1.13,0.0,-1.18,-2.71,-3.47,-3.92,-3.95,-3.11,-2.59,-3.06,-2.08,-2.97,-4.4,-4.07,-5.11,-3.63,-3.98,-6.65,-7.78,-8.07,-7.7,-5.82,-6.14,-6.86,-6.68,-6.17,-5.35
8.14,5.66,6.09,6.43,9.57,9.43,8.88,9.91,9.46,9.22,9.22,8.39,9.46,5.72,3.97,7.21,9.44,10.06,10.65,11.1,11.66,12.01,12.15,12.06,12.09,12.05,11.92,13.13,11.59,9.58,8.11,4.95,5.25,4.88,4.2,4.03,3.86,3.43,3.08,2.72,1.97,1.71,1.92,2.17,2.36,1.66,0.78,0.57,0.01,-0.17,0.12,0.62,1.03,0.53,0.54,0.89,0.82,-0.78,-2.02,-1.62,-1.8,-3.07,-2.65,-2.07,-2.08,-2.46,-2.7,-2.81,-3.14,-3.71,-3.95,-4.69,-5.61,-7.08,-7.85,-7.45,-8.04,-8.54,-8.01,-7.29,-6.42,-5.32,-5.87
6.26,6.27,9.59,8.07,6.72,7.03,7.88,8.61,6.88,10.68,10.99,9.48,6.77,4.28,4.61,5.66,7.7,7.38,8.2,9.22,10.75,10.87,10.33,10.02,10.13,9.64,9.35,9.53,9.11,6.98,3.43,2.01,2.29,1.46,2.14,2.14,2.17,2.53,1.48,0.16,0.49,0.22,-0.48,-0.89,-1.61,-1.9,-2.23,-1.91,-0.82,-0.25,-1.05,-1.55,-1.21,-0.12,-1.01,-2.24,-1.62,-0.87,-1.29,-1.82,-1.82,-2.26,-3.05,-3.56,-3.35,-3.33,-3.32,-3.47,-3.18,-3.4,-3.55,-4.08,-4.71,-4.91,-6.2,-5.11,-4.88,-5.97,-6.14,-6.91,-7.3,-6.72,-5.83
8.51,8.88,7.13,6.04,7.45,8.8,7.33,5.32,5.66,6.88,2.98,2.03,2.85,2.31,2.16,7.0,8.25,7.59,6.47,7.75,10.08,9.2,6.51,7.76,9.31,9.58,9.55,9.08,8.19,6.97,5.27,2.43,1.23,1.22,1.18,1.28,1.13,-0.11,-1.17,-0.39,0.08,0.06,0.45,0.81,-0.19,-1.69,-2.47,-1.58,-0.79,-1.76,-1.95,-1.54,-1.09,-0.61,-0.79,-1.58,-1.51,0.3,0.06,-1.3,-2.38,-2.07,-2.36,-2.07,-2.0,-2.95,-3.42,-3.25,-3.88,-3.56,-3.19,-2.76,-2.51,-2.36,-3.23,-2.26,-4.29,-5.14,-4.78,-5.28,-6.35,-5.98,-6.06
7.1,4.14,5.38,7.78,6.37,3.94,5.51,6.26,6.71,2.9,4.44,2.24,1.01,0.17,0.65,6.93,6.66,8.66,7.18,5.87,5.28,4.57,5.22,4.69,7.43,9.5,9.48,7.74,6.38,5.18,3.59,2.25,2.11,1.65,1.58,1.48,-0.21,-1.01,-0.27,0.82,0.59,0.81,1.73,0.53,-0.1,1.06,2.1,1.76,0.8,-0.22,-0.95,0.01,0.35,-0.04,-0.17,-0.18,0.13,0.32,0.25,-0.57,-1.04,-1.1,-1.18,-1.43,-1.83,-1.78,-1.83,-2.12,-2.33,-3.3,-3.23,-3.05,-2.46,-4.72,-5.9,-6.58,-5.03,-3.11,-3.62,-3.22,-3.13,-4.43,-3.99
5.76,6.96,5.39,3.25,3.35,5.54,4.72,2.94,4.21,3.3,2.88,5.09,3.77,2.88,6.07,8.12,9.52,10.51,9.95,6.75,7.76,2.85,8.25,10.85,9.51,8.31,7.15,7.17,4.76,2.73,2.03,1.67,0.79,2.38,1.29,0.18,-0.89,-1.69,-0.71,-1.63,-1.63,-0.81,-1.22,-1.06,-0.57,-0.42,-1.97,-1.5,-0.01,0.04,-0.59,-0.57,-0.49,-1.12,-0.73,-0.15,-0.33,-0.6,-0.4,-0.69,-1.29,-2.07,-1.87,-2.53,-2.25,-2.14,-2.44,-3.25,-1.78,-1.77,-2.69,-4.22,-4.92,-2.64,-2.51,-2.92,-3.27,-2.82,-2.62,-2.9,-3.21,-3.59,-3.84
3.19,2.43,2.95,4.41,3.99,3.09,2.75,2.58,3.16,1.7,3.11,4.05,3.92,6.55,9.32,10.36,10.7,9.81,8.9,7.9,7.23,6.96,7.74,7.01,6.01,6.92,6.17,5.5,4.64,3.31,2.36,1.97,1.23,0.07,-0.31,-0.87,-1.04,-0.6,-0.24,-0.6,-0.56,-1.29,-1.38,-0.43,0.32,0.09,-0.74,0.52,1.38,0.47,-1.13,-1.64,-1.93,-1.42,-1.08,-0.67,-1.7,-2.1,-2.91,-2.18,-2.23,-2.13,-2.29,-2.57,-1.68,-1.69,-1.16,-1.7,-1.42,-2.86,-3.14,-3.68,-3.74,-3.24,-3.17,-4.13,-4.14,-4.51,-3.93,-3.64,-3.66,-3.26,-2.7
1.81,2.78,3.69,4.2,3.15,0.82,0.7,2.5,3.22,3.14,5.23,4.96,5.35,4.02,9.63,9.63,8.4,8.07,7.43,6.82,6.77,6.85,6.57,6.12,5.51,5.1,5.67,5.07,4.48,3.51,1.34,0.46,-0.68,-1.22,-0.7,-0.91,-1.09,-0.8,-1.6,-2.85,-1.64,-1.15,-2.15,-3.71,-4.12,-3.1,-1.95,-2.23,-2.96,-3.84,-3.35,-2.11,-2.62,-1.59,-1.36,-0.67,-1.24,-2.3,-1.79,-2.11,-1.69,-1.76,-2.1,-2.11,-2.43,-2.86,-1.42,-0.46,-2.23,-3.41,-3.34,-3.03,-3.48,-3.94,-3.97,-4.26,-5.82,-4.59,-4.83,-4.1,-3.65,-3.55,-3.25
2.17,2.88,1.76,-0.53,0.18,1.77,1.8,1.2,1.65,3.7,4.44,4.71,4.82,4.65,5.53,6.41,6.27,5.82,6.16,6.25,5.9,5.63,5.64,5.7,5.78,5.76,5.35,4.65,3.9,1.24,-0.28,-1.24,-0.43,-0.62,-0.4,-0.17,-0.47,-1.21,-2.71,-4.62,-3.46,-0.71,-0.15,-4.02,-1.66,-0.39,-1.07,-1.16,-1.94,-0.18,-0.38,-0.96,-1.29,-0.19,0.14,0.14,-0.74,-1.22,-1.67,-1.87,-0.68,-0.93,-1.28,-2.03,-2.13,-1.17,-0.98,-2.42,-2.87,-4.93,-3.9,-3.41,-3.47,-5.21,-6.34,-7.04,-5.6,-5.3,-5.03,-5.23,-5.88,-3.86,-4.6
-0.49,-1.28,-0.34,0.14,-0.03,1.25,0.4,3.47,5.34,6.17,5.94,5.37,4.6,4.69,5.27,4.76,4.54,4.79,4.74,4.94,5.35,5.66,6.21,6.1,6.08,5.94,5.43,4.35,2.16,-0.23,-1.8,-1.8,-2.07,-1.89,-0.05,-0.65,-1.11,-1.66,-2.53,-1.47,-0.97,-1.62,-1.06,1.54,1.94,-1.34,-3.59,-5.07,-3.08,-3.37,-1.42,-0.29,-0.4,-1.68,-2.27,-1.62,-2.07,-2.36,-1.02,-1.05,-1.87,-1.7,-3.09,-2.3,-0.65,1.71,-0.38,-2.65,-3.1,-2.13,-2.77,-3.62,-3.99,-5.23,-4.81,-4.68,-5.72,-5.91,-7.79,-7.19,-4.1,-2.51,-2.76
-1.91,-2.05,-1.86,0.81,-0.33,-0.09,3.52,5.07,6.24,6.18,5.24,4.26,3.62,4.32,3.68,3.05,3.53,3.83,4.25,5.41,6.64,6.72,6.67,6.76,6.1,5.66,5.2,3.01,1.31,-0.44,-1.84,-2.57,-3.29,-2.04,-1.98,-1.05,-2.49,-2.96,-2.38,-2.61,-2.55,-2.16,0.5,-0.96,-2.78,-5.57,-2.54,-4.76,-3.35,-1.07,-0.58,-2.54,-3.45,-4.22,-5.84,-2.64,-2.77,-2.87,-3.93,-2.39,-2.23,-1.5,-1.06,0.68,2.79,2.88,-0.95,-2.31,-2.16,-1.13,-4.18,-5.97,-6.7,-9.11,-8.51,-7.99,-6.86,-6.05,-5.19,-3.7,-3.32,-3.0,-2.1
-0.12,-1.06,-0.2,0.86,2.75,3.77,4.42,5.34,5.97,5.72,4.56,3.34,2.26,2.68,2.46,2.11,2.11,2.96,4.18,5.73,6.03,6.44,7.02,6.58,5.33,5.12,4.82,3.92,2.51,0.05,-3.0,-5.35,-5.53,-1.75,-2.4,-1.37,-2.7,-3.89,-3.24,-0.73,0.3,-4.02,-8.35,-6.25,-2.16,-4.06,-3.07,-4.15,-4.45,-2.84,-2.45,-1.85,-1.95,-3.21,-3.61,-4.7,-1.62,-3.89,-4.4,-3.04,-3.73,-1.87,-2.76,-3.06,-4.29,-4.5,-3.58,-3.59,-2.53,-4.0,-6.6,-6.17,-6.92,-7.52,-7.12,-5.44,-5.95,-6.31,-4.82,-4.23,-3.62,-2.16,-1.24
-1.67,0.3,2.66,2.88,4.26,5.33,5.3,5.16,5.25,5.49,4.16,2.71,1.66,1.12,1.34,2.04,1.66,2.45,4.68,6.86,7.22,6.99,7.35,7.23,5.19,4.48,3.98,3.09,2.35,0.95,-1.29,-3.09,-5.0,-3.88,-3.11,-3.22,-4.75,-1.72,-2.82,-5.38,1.26,-0.24,-4.34,-8.18,-8.16,-4.73,-3.28,-2.9,-2.93,-2.83,-2.75,-2.77,-2.82,-2.63,-1.91,-1.64,-0.22,-3.37,-1.81,-2.72,-3.72,-2.25,-3.62,-2.15,-2.43,-3.01,-2.76,-4.39,-5.27,-5.6,-6.59,-7.83,-6.27,-5.78,-6.05,-6.18,-6.02,-4.6,-2.76,-2.99,-2.06,0.48,0.98
4.8,5.87,5.53,4.63,4.37,4.58,4.72,4.12,3.87,4.92,3.81,2.11,0.46,-0.45,-0.26,1.71,0.77,2.96,6.21,7.9,7.89,8.08,8.06,5.45,3.73,2.61,2.44,1.84,1.45,0.76,-0.33,-1.81,-3.14,-3.35,-2.46,-0.05,0.01,-4.15,-4.18,-5.58,-3.24,-2.65,-2.02,-3.53,-5.22,-6.03,-3.59,-1.88,-2.6,-3.09,-3.05,-2.66,-2.23,-1.98,-2.25,-2.77,-3.66,-5.91,-5.35,-2.41,-2.55,-1.91,-4.0,-4.64,-2.81,-3.35,-3.73,-4.01,-3.25,-3.94,-4.68,-7.8,-6.63,-5.54,-4.04,-3.55,-3.3,-2.21,-0.7,1.16,1.19,2.26,2.51
9.36,7.52,6.75,5.28,3.89,3.98,3.55,2.59,2.05,3.77,3.37,1.8,0.37,-0.92,-1.99,0.09,1.35,4.81,6.26,6.7,6.9,7.5,6.19,4.13,2.13,1.13,1.49,1.49,0.95,0.3,-0.14,-0.71,-1.18,-2.22,-1.62,-2.91,-2.82,-4.18,-4.43,-4.15,-5.05,-5.89,-4.03,-2.39,-2.98,-4.56,-5.5,-7.27,-6.72,-5.22,-3.67,-1.43,-0.52,-0.63,-1.54,-2.72,-4.08,-5.26,-5.86,-5.28,-4.2,-0.72,-1.54,-1.91,-1.2,-0.73,-1.11,-2.65,-2.72,-2.86,-2.38,-2.14,-1.42,-0.09,-0.01,-0.78,-0.57,1.04,1.28,1.43,2.2,3.58,4.45
8.08,7.4,6.2,3.76,3.21,2.68,1.63,0.99,0.34,1.99,2.81,1.76,-0.04,-1.33,-2.95,-0.26,2.16,4.56,5.25,5.08,5.77,4.9,3.78,1.69,0.67,0.87,0.93,1.54,2.7,1.62,2.85,2.59,0.66,0.41,0.45,0.56,0.39,-1.6,-3.61,-4.02,-3.61,-3.36,-4.24,-4.02,-4.32,-6.22,-7.7,-5.73,-1.6,-0.35,0.36,0.9,1.8,1.32,-0.31,-1.91,-3.66,-4.97,-6.01,-6.92,-6.8,-2.13,-2.35,-1.28,1.1,-0.03,0.43,-0.46,-0.18,-0.17,0.32,1.93,2.09,2.27,1.58,1.02,1.51,1.91,3.09,2.21,2.48,2.53,3.37
6.85,5.66,4.49,3.24,2.3,1.25,0.41,-0.28,-1.38,0.6,2.3,0.71,-0.97,-2.04,-2.05,-0.55,1.82,3.92,3.6,3.67,4.3,3.28,1.88,-0.53,0.15,0.62,0.93,2.12,2.04,1.87,1.83,1.98,2.38,2.35,1.26,0.9,0.17,-0.44,-1.05,-2.14,-2.92,-3.65,-4.33,-4.86,-5.21,-7.0,-5.37,-2.56,-0.23,0.57,0.97,0.84,0.53,0.44,0.36,-0.89,-2.71,-4.58,-5.84,-6.53,-5.47,-1.9,-2.39,-3.41,0.61,1.3,0.43,0.91,0.6,0.55,1.57,0.79,2.05,1.55,2.5,2.0,1.57,1.43,0.72,1.1,2.61,3.33,4.34
