static/gfs.json
{"header": {"discipline":0,"disciplineName":"Meteorological products","gribEdition":2,"gribLength":77156,"center":7,"centerName":"US National Weather Service - NCEP(WMC)","subcenter":0,"refTime":"2016-08-29T06:00:00.000Z","significanceOfRT":1,"significanceOfRTName":"Start of forecast","productStatus":0,"productStatusName":"Operational products","productType":1,"productTypeName":"Forecast products","productDefinitionTemplate":0,"productDefinitionTemplateName":"Analysis/forecast at horizontal level/layer at a point in time","parameterCategory":2,"parameterCategoryName":"Momentum","parameterNumber":3,"parameterNumberName":"V-component_of_wind","parameterUnit":"m.s-1","genProcessType":2,"genProcessTypeName":"Forecast","forecastTime":0,"surface1Type":103,"surface1TypeName":"Specified height level above ground","surface1Value":10.0,"surface2Type":255,"surface2TypeName":"Missing","surface2Value":0.0,"gridDefinitionTemplate":0,"gridDefinitionTemplateName":"Latitude_Longitude","numberPoints":65160,"shape":6,"shapeName":"Earth spherical with radius of 6,371,229.0 m","gridUnits":"degrees","resolution":48,"winds":"true","scanMode":0,"nx":360,"ny":181,"basicAngle":0,"subDivisions":0,"lo1":0.0,"la1":90.0,"lo2":359.0,"la2":-90.0,"dx":1.0,"dy":1.0}, "data":
[rows 37 to 73 of 181, columns 249 to 331 of 360]
-1.73,-1.52,-0.71,-0.94,-1.27,0.02,-1.49,-1.53,-1.89,0.07,-2.19,-3.4,-2.41,-3.78,2.74,4.09,5.71,4.47,6.18,3.42,3.2,2.81,2.86,2.51,2.11,1.34,0.96,1.66,1.59,1.78,-0.09,-3.15,-4.02,-2.1,-2.11,-2.32,-2.73,-2.52,-2.46,-2.65,-2.69,-1.99,-0.44,-0.9,-1.08,-1.0,0.03,1.27,0.83,0.78,1.54,1.97,0.85,-0.07,0.47,1.12,-0.71,-1.91,-1.36,-1.47,-1.62,-2.33,-4.32,-5.93,-8.23,-11.48,-13.86,-14.34,-15.03,-16.6,-17.5,-16.43,-9.75,3.4,8.3,8.71,8.57,8.34,8.59,8.74,8.45,8.29,7.75
-1.08,-1.78,-1.59,-1.58,-1.17,-2.01,-1.69,-1.6,-2.51,-1.94,-0.79,-2.91,-1.96,-2.21,4.1,3.65,2.69,1.79,3.06,3.43,2.89,2.65,2.72,2.53,1.83,1.25,0.78,0.25,0.37,-0.25,-0.7,-1.89,-2.78,-1.23,-1.91,-2.31,-2.56,-2.81,-2.5,-2.32,-2.04,-2.02,-1.99,-1.74,0.18,1.28,1.56,1.18,1.06,0.99,1.56,1.51,1.02,0.95,1.26,0.76,4.29,1.12,-0.22,-1.43,-1.8,-2.79,-4.49,-6.02,-8.24,-11.05,-13.02,-13.54,-13.56,-14.3,-14.66,-12.87,-8.49,-1.31,4.23,6.31,7.62,8.44,9.32,9.02,8.25,7.24,6.52
-0.66,-1.46,-1.87,-1.62,-1.98,-2.53,-2.52,-2.83,-2.57,-2.58,-2.5,-0.2,-2.86,-0.81,2.94,3.09,3.59,3.03,2.52,2.68,2.72,2.65,2.71,2.36,1.94,1.53,0.99,0.59,0.32,-0.22,-0.08,-0.15,-0.39,-1.1,-2.91,-3.23,-3.88,-5.05,-5.35,-5.62,-3.98,-2.17,-1.33,-0.53,-0.24,-0.23,-0.14,-0.68,0.23,1.61,1.71,1.01,1.32,2.5,4.89,1.22,5.59,4.26,1.54,-0.85,-1.98,-2.43,-4.48,-6.46,-8.52,-9.93,-11.78,-12.85,-12.68,-12.43,-12.22,-11.16,-8.96,-5.52,-1.0,6.23,8.42,8.63,10.02,9.14,7.76,6.41,6.52
-0.05,0.47,-0.83,-2.62,-2.94,-3.8,-4.88,-4.49,-3.79,-4.24,-3.65,-4.26,-2.12,-1.1,3.38,2.75,2.88,2.8,2.1,2.32,2.51,2.45,2.05,2.42,1.98,1.25,1.29,0.75,0.33,0.52,0.43,-0.11,-0.6,-1.75,-3.03,-3.88,-4.77,-5.41,-2.48,0.86,0.54,1.28,0.81,-0.53,-3.62,-3.71,-1.83,0.48,2.78,4.27,3.6,3.07,3.29,7.08,0.79,2.82,5.46,5.61,2.34,0.03,-1.99,-2.84,-4.54,-6.29,-8.06,-9.61,-10.26,-10.96,-11.32,-11.62,-11.54,-10.49,-8.71,-6.98,-0.49,5.1,6.13,8.47,9.3,8.11,6.36,4.29,11.43
0.69,-1.69,-2.68,-4.17,-6.06,-6.04,-5.81,-6.26,-5.4,-4.25,-5.37,-6.44,-4.93,0.95,3.28,3.23,5.31,2.33,2.47,2.47,2.41,2.32,2.31,1.72,1.2,1.31,0.38,0.46,0.07,0.27,-0.53,-0.9,-0.95,-1.56,-2.53,-3.32,-3.33,-1.43,-0.24,0.94,1.09,0.92,-0.11,0.28,3.32,3.49,3.57,9.46,7.72,5.06,5.94,4.77,5.21,1.79,1.3,1.35,2.78,2.03,2.56,0.19,-1.94,-3.29,-4.35,-5.71,-7.23,-8.15,-8.79,-9.17,-9.56,-9.89,-10.34,-9.49,-7.8,-5.07,-1.1,1.75,4.53,7.0,7.61,5.78,3.71,5.52,15.6
-2.42,-0.66,-3.78,-5.62,-6.24,-7.14,-6.83,-7.26,-5.7,-5.15,-5.45,-6.24,-2.26,2.61,4.7,4.47,6.13,4.42,4.82,3.53,4.04,1.88,3.62,5.41,3.27,-0.2,-0.77,-0.52,-0.83,-0.01,-0.84,-1.42,-1.85,-2.08,-2.4,-2.26,-1.93,-1.42,-0.08,0.59,0.13,0.73,1.57,3.43,3.2,2.49,6.66,9.63,7.61,5.72,5.58,5.43,2.81,1.41,0.6,-0.03,2.51,2.47,2.41,0.69,-2.02,-3.66,-4.66,-5.45,-5.6,-5.46,-5.79,-5.24,-7.37,-8.47,-8.23,-7.69,-6.17,-4.32,-2.53,-0.01,3.6,6.09,5.15,3.09,1.72,12.33,15.36
2.12,-0.41,-2.69,-6.26,-7.84,-6.83,-5.81,-3.19,-4.29,-5.73,-7.05,-6.41,-1.66,3.2,5.59,6.19,4.54,3.43,2.96,0.54,1.13,4.75,2.87,3.38,3.73,1.73,-0.43,-0.7,-1.32,-1.22,-1.55,-1.81,-1.89,-1.94,-2.56,-2.61,-1.61,-1.5,-1.27,-1.24,0.61,2.12,3.54,4.17,5.46,5.25,5.24,7.24,8.45,6.35,7.11,4.65,5.34,2.61,0.26,-0.26,0.07,3.02,3.31,1.75,-3.07,-3.79,-5.14,-5.92,-6.34,-7.03,-7.12,-6.54,-7.69,-8.27,-7.99,-7.44,-6.27,-4.52,-2.47,0.78,3.25,3.73,2.16,1.2,3.09,15.45,14.51
-0.48,-1.35,-4.36,-5.8,-3.57,-3.38,-3.32,-4.53,-6.06,-6.88,-2.13,0.6,3.36,5.34,5.35,6.35,4.07,3.44,3.15,3.35,2.99,2.49,1.88,1.53,0.16,-0.66,-1.43,-2.89,-4.08,-3.0,-2.97,-2.21,-1.47,-1.13,-1.96,-2.27,-3.41,-1.69,0.62,1.67,2.66,2.54,3.28,4.91,3.43,3.82,3.61,4.29,5.9,7.34,1.1,2.7,5.53,3.29,-0.04,0.72,1.92,2.2,2.02,4.0,-1.61,-3.52,-4.04,-5.62,-6.72,-6.74,-7.33,-7.17,-7.81,-7.81,-7.58,-7.02,-6.08,-4.42,-1.74,0.55,1.89,0.68,-0.51,-0.65,13.65,13.93,13.15
-1.35,-0.98,-5.51,-1.51,0.08,-2.91,-2.27,-4.38,-1.98,1.69,1.87,4.74,5.78,7.33,7.4,4.38,3.79,4.03,3.68,2.84,2.78,2.21,1.08,1.57,1.7,-1.1,-1.39,-2.12,-6.73,-6.74,-5.17,-4.34,-2.18,-2.49,-3.07,-1.97,-0.76,-0.65,1.62,2.02,1.18,1.01,2.75,3.23,4.38,6.8,3.1,2.53,1.99,4.27,6.29,5.78,4.59,2.72,1.24,1.32,1.33,0.73,0.94,1.68,0.61,-4.0,-3.74,-4.75,-6.27,-6.53,-6.78,-7.32,-7.19,-7.19,-7.22,-6.72,-5.69,-4.08,-1.88,-0.66,-0.87,-2.15,-2.12,6.18,14.3,12.52,11.78
1.63,-1.13,0.32,-1.33,-2.04,-2.36,-3.18,0.03,0.7,5.7,6.63,6.7,6.04,6.01,5.3,4.76,3.96,3.83,3.65,2.87,1.94,2.31,1.99,1.34,-0.53,-0.95,-2.86,-2.98,-1.38,-5.23,-2.14,-2.6,-3.24,-3.23,-3.03,-2.03,-1.36,-0.96,1.01,1.11,0.82,4.25,6.49,7.05,6.5,1.98,1.71,5.8,5.83,5.96,5.05,3.98,3.46,2.52,1.37,0.76,0.45,0.44,0.61,1.3,0.11,-3.73,-3.27,-5.08,-6.38,-5.84,-6.85,-7.12,-7.18,-7.08,-6.7,-5.93,-4.69,-3.31,-2.46,-2.35,-3.29,-4.02,0.75,14.63,11.32,11.31,10.07
0.61,-2.34,-1.37,-1.6,-2.57,1.01,-0.76,3.79,7.98,7.49,7.2,5.99,4.29,4.88,4.05,3.81,3.19,3.15,2.88,2.51,1.24,2.24,1.84,0.28,-2.06,-2.16,-3.1,-2.44,-1.07,-2.31,-2.87,-3.09,-2.68,-1.65,-2.33,-1.42,-0.85,-0.2,0.69,1.94,3.06,8.13,8.27,7.02,5.45,4.07,4.6,3.74,4.82,4.69,4.22,3.81,2.94,1.58,0.54,0.04,-0.51,-0.86,-1.11,-0.26,-1.36,-3.72,-4.7,-5.83,-6.25,-6.59,-7.03,-7.05,-6.94,-6.48,-5.82,-5.05,-4.31,-3.9,-3.98,-3.93,-4.22,0.04,12.0,9.93,9.93,9.65,9.02
-3.21,-3.92,-3.27,-2.93,2.36,-1.2,-0.28,6.51,5.46,5.73,5.46,4.02,3.66,4.12,3.45,2.96,2.94,2.53,2.07,1.85,1.68,1.31,0.93,-0.54,-2.01,-2.2,-1.75,-2.41,-2.51,-3.99,-4.75,-2.29,-1.79,-1.76,-1.87,-1.25,-0.63,1.01,1.63,2.36,2.48,6.03,6.81,5.79,4.02,1.9,3.13,2.62,3.75,3.25,2.79,2.64,2.11,1.08,-0.08,-0.77,-1.19,-1.6,-1.66,-1.95,-2.93,-3.96,-5.0,-5.75,-6.04,-6.43,-6.48,-6.22,-5.98,-5.9,-5.61,-5.24,-5.11,-5.5,-5.6,-5.54,-0.05,9.2,9.03,8.47,7.96,8.15,7.6
0.58,0.07,-0.97,2.11,-0.33,-0.18,-0.29,2.55,3.87,4.19,4.37,3.28,2.94,3.65,3.19,2.43,2.32,2.04,2.01,1.29,0.8,0.26,-0.17,-0.53,-0.84,-1.14,-1.42,-1.89,-1.15,-1.07,-1.06,-1.2,-1.16,-0.89,0.85,0.54,1.02,1.56,2.32,3.45,4.23,3.84,3.62,2.51,1.59,2.18,2.1,2.48,2.65,1.59,1.55,0.67,0.57,0.19,-0.01,-0.72,-1.14,-1.26,-1.39,-2.01,-3.16,-4.11,-5.19,-5.65,-6.11,-6.33,-6.44,-6.28,-6.01,-5.85,-6.13,-6.68,-6.43,-6.43,-5.88,0.72,7.9,7.96,7.09,7.2,6.74,7.22,6.69
-1.25,0.36,4.67,2.29,-0.68,-0.56,-0.85,-1.15,5.7,4.5,4.27,3.61,2.62,2.61,2.62,2.31,2.21,2.02,0.96,0.28,0.31,1.08,-0.03,-0.07,0.58,0.2,-0.31,-0.88,-1.41,-1.51,-1.25,-0.62,0.93,1.37,1.54,1.4,1.39,2.81,3.41,2.99,2.1,0.69,1.74,2.14,1.4,0.94,1.27,2.08,1.36,0.77,0.58,1.1,1.02,-1.17,-1.78,-2.19,-2.24,-2.03,-1.25,-1.84,-2.65,-3.71,-4.59,-5.03,-5.25,-5.52,-5.77,-5.98,-6.32,-6.56,-6.66,-6.94,-6.41,-2.92,3.59,5.94,6.55,5.77,6.31,6.86,7.36,5.78,5.73
1.22,2.16,2.05,0.35,-0.3,-2.35,-1.61,2.99,3.49,4.01,2.97,3.41,2.79,2.11,2.54,2.67,2.24,0.52,1.18,1.41,1.37,0.49,0.22,0.67,0.43,-0.27,-0.61,-0.84,-1.77,-2.02,-1.48,0.79,1.41,1.18,1.87,1.64,0.69,1.14,1.02,0.67,0.49,0.73,0.7,0.99,0.37,0.21,0.56,0.01,-0.5,-0.63,-0.72,-0.55,-0.69,-2.13,-2.49,-1.73,-1.33,-2.96,-3.99,-4.0,-3.67,-3.9,-4.3,-4.75,-5.03,-5.48,-5.88,-6.66,-7.57,-7.72,-6.9,-2.97,2.91,3.54,4.74,5.18,3.53,4.45,5.98,6.87,7.29,6.14,5.4
-0.23,1.95,-1.07,1.75,0.1,-2.04,0.3,2.46,6.32,4.61,2.98,2.56,1.53,1.92,2.21,1.92,1.82,1.73,1.31,1.12,0.53,-0.14,-0.86,-0.33,-0.25,-0.51,-0.36,-0.76,-2.0,-1.33,0.64,-0.7,-0.14,0.77,0.61,-1.38,-1.71,-2.04,-1.69,-1.02,-0.69,-0.88,-1.42,-1.33,0.55,1.11,-0.58,-1.12,-1.13,-1.37,-1.73,-2.09,-2.97,-2.53,-3.22,-3.38,-3.41,-2.73,-3.05,-3.87,-4.58,-5.11,-5.13,-5.11,-5.47,-6.44,-6.78,-6.95,-5.66,-2.88,3.69,3.53,3.05,4.07,3.82,1.99,0.56,2.63,5.01,8.39,7.75,5.65,3.89
0.48,-0.11,2.67,-1.47,0.04,1.14,-2.27,6.17,5.07,5.5,3.45,2.02,1.42,0.79,1.12,1.77,0.82,0.73,-0.07,-0.38,-1.08,-2.14,-1.09,-0.44,-0.31,-0.5,-0.97,-1.48,-0.39,0.11,-0.42,-1.34,-0.47,-0.04,-1.86,-4.16,-3.78,-2.2,1.4,2.27,2.39,2.27,2.06,1.53,1.38,2.09,0.15,-2.7,-3.22,-1.87,-2.36,-3.06,-4.43,-4.48,-3.5,-1.75,-0.52,-0.28,0.88,0.07,-0.89,-1.54,-2.57,-3.59,-3.93,-3.79,-2.92,-1.05,0.03,1.02,1.56,1.8,3.68,3.51,1.98,-0.67,-0.6,2.33,5.51,8.45,7.32,4.97,3.07
-0.38,0.04,-0.5,-0.14,0.32,-0.05,0.17,6.18,6.01,5.09,2.73,2.95,1.79,2.12,2.35,1.73,0.13,0.17,-0.26,-1.26,-2.41,-1.18,-0.41,-0.36,-0.18,0.19,-0.52,-1.51,0.95,-0.69,-2.14,-1.49,-1.06,-1.92,-2.75,-3.28,-1.44,-0.02,0.26,0.6,1.38,1.64,1.48,1.31,1.0,0.33,-0.9,-2.36,-0.77,-1.75,-2.3,-3.01,-1.44,-1.32,-0.5,-0.47,-0.53,0.08,1.13,0.87,0.61,-0.03,-0.39,-0.46,-0.56,-0.44,-0.57,-0.06,0.54,0.63,-0.11,0.97,3.3,1.86,-0.35,-2.13,-1.21,5.17,5.83,5.91,6.85,4.93,2.12
-2.06,-1.78,-0.4,-0.47,-1.09,-0.82,6.29,7.2,7.69,5.45,1.92,2.47,2.4,1.9,1.64,0.84,-0.43,-0.16,-0.99,-2.31,-1.88,-0.85,-0.6,-0.35,-0.34,0.11,-0.57,0.12,-2.63,-2.66,-2.48,-2.3,-2.21,-2.18,-2.71,-2.88,-1.78,-2.61,-1.27,0.78,2.12,2.91,2.61,1.93,2.53,1.13,-0.65,-1.84,-2.3,-3.02,-3.97,-2.55,-1.12,-1.58,-2.76,-2.57,-0.67,1.31,1.89,2.25,2.74,2.83,1.67,0.85,0.18,0.42,1.21,1.28,1.18,0.7,0.02,0.71,2.05,0.28,-2.22,-2.81,3.01,7.14,6.61,4.1,4.16,3.38,2.49
-2.37,-1.17,-1.06,0.74,-1.26,0.08,5.89,6.49,4.79,3.49,3.36,2.94,1.82,1.26,0.95,0.74,-1.1,-1.57,-1.79,-1.86,-0.37,-1.31,-1.26,-0.83,-0.57,-0.69,-0.06,-1.5,-1.67,-1.28,-0.79,-1.79,-2.34,-2.73,-3.03,-3.01,-4.67,-4.82,-2.55,1.64,3.85,4.32,4.36,4.47,3.16,2.14,1.31,0.14,-1.93,-3.15,-3.8,-2.41,-3.24,-4.69,-4.79,-3.76,-1.97,0.56,2.74,4.28,4.77,4.71,3.77,3.16,2.27,1.55,1.25,2.21,2.09,0.74,-0.25,0.76,1.03,-1.14,-2.67,0.24,5.21,6.21,5.13,3.65,3.81,4.54,4.81
-0.75,-1.43,-2.23,0.17,-1.51,0.81,3.55,4.24,3.62,3.12,2.49,2.59,2.09,1.28,0.95,0.17,-1.19,-1.29,-1.32,-0.39,-0.31,-0.98,-1.37,-1.01,-0.76,-1.04,-0.48,-1.23,-0.93,-1.31,-1.82,-2.04,-3.51,-1.87,-0.69,-2.96,-6.06,-6.88,-2.81,6.76,8.46,6.92,5.48,4.69,3.5,2.02,0.78,0.37,-0.97,-2.43,-3.54,-4.58,-6.27,-7.79,-7.72,-6.17,-1.68,3.48,6.91,7.36,7.5,6.93,5.58,5.19,3.65,2.96,2.93,2.98,2.65,1.53,0.48,-0.37,-0.69,-1.66,-0.71,3.82,5.08,4.53,4.22,4.06,3.89,3.93,3.36
-2.05,-2.67,-0.61,0.71,-0.95,1.14,0.39,2.5,2.75,2.4,2.03,1.82,0.64,0.19,-0.58,-1.05,-1.73,-1.58,-0.99,0.11,-0.77,-1.4,-1.46,-0.84,-1.07,-0.51,-0.3,-0.16,-0.67,-2.19,-1.85,-1.1,-0.34,0.25,-0.04,-2.11,-5.33,-6.83,-0.83,7.11,10.01,7.68,5.23,4.59,3.57,2.47,0.51,-0.14,-1.3,-3.13,-4.6,-6.18,-8.56,-10.17,-11.92,-11.12,-0.47,8.85,10.7,10.83,9.06,8.22,7.13,5.91,4.32,4.74,4.52,3.25,1.92,0.47,-1.43,-1.01,-1.33,-0.89,2.88,3.18,2.57,3.65,3.98,3.8,3.05,1.92,1.42
-0.98,-3.4,0.29,1.24,0.15,-0.21,-0.56,1.33,1.36,1.67,1.13,1.07,-0.38,-0.68,-1.16,-1.74,-1.72,-1.55,-0.66,-0.39,-0.47,-1.08,-1.5,-1.68,-1.26,-0.69,-0.16,-0.6,-1.49,-1.86,-1.49,-0.6,0.64,0.69,-0.29,-1.12,-2.52,-2.99,0.93,5.95,7.52,6.18,4.55,3.47,3.03,2.55,1.34,-0.17,-1.72,-2.87,-4.72,-6.86,-9.55,-11.08,-14.68,-26.73,13.15,24.6,14.3,12.65,9.83,8.8,7.58,6.41,6.14,4.83,3.69,2.42,1.19,-0.28,-1.23,-1.67,-0.17,0.83,0.5,0.7,3.0,2.41,1.91,1.46,1.54,1.6,0.86
-4.09,-1.72,-1.31,0.02,1.96,0.94,1.41,-0.05,0.15,1.73,1.24,-0.11,-1.63,-1.81,-1.9,-1.51,-1.77,-2.23,-1.68,-0.66,-0.47,-1.31,-3.2,-3.87,-3.07,-1.29,-1.04,-1.29,-1.62,-1.73,-1.2,-0.3,0.66,1.46,1.39,0.66,0.14,0.61,2.38,4.18,4.51,4.13,3.48,2.85,2.98,2.17,1.28,-0.94,-2.54,-3.6,-4.75,-6.09,-7.57,-9.2,-11.53,-7.93,19.81,20.92,17.28,12.81,9.89,8.59,7.45,6.47,5.24,4.27,2.63,1.41,0.19,-0.8,-1.6,-1.79,-1.9,-2.15,-0.37,2.03,1.45,1.09,0.45,0.59,0.75,0.78,1.21
-0.35,-0.66,1.0,-1.32,-0.05,0.07,0.4,0.3,1.47,2.12,1.56,-0.57,-1.52,-2.01,-2.44,-3.0,-1.4,0.28,1.23,0.63,-1.37,-2.3,-1.75,-1.72,-2.48,-1.46,-0.14,-0.82,-1.9,-1.46,-0.31,0.78,1.69,2.17,2.59,2.65,2.7,2.98,3.39,3.67,2.76,2.51,1.94,2.21,2.24,2.15,1.48,-0.73,-1.98,-2.94,-4.42,-5.02,-5.35,-5.19,-3.35,1.58,9.72,13.22,13.16,11.86,9.11,8.26,6.97,5.75,4.3,3.28,1.51,0.9,-0.36,-1.35,-2.1,-2.45,-2.65,-1.06,1.1,1.13,0.72,-0.2,1.1,2.61,1.3,1.06,0.77
-2.22,-1.11,-0.38,-1.19,0.78,-0.58,-0.51,1.71,1.62,-0.37,-0.75,-0.77,-0.49,-1.55,-3.62,-0.39,1.47,2.25,2.3,2.88,1.6,-0.68,-2.18,-2.68,-3.17,-1.93,0.28,0.41,-0.43,-1.01,-0.75,1.72,2.48,3.64,3.33,2.99,2.95,4.28,4.53,3.76,2.21,1.69,0.12,1.88,1.88,2.04,0.92,0.6,-0.27,-0.58,-1.14,-1.71,-2.09,-1.3,0.8,4.25,8.14,10.76,10.51,9.48,7.96,7.76,6.44,4.78,3.35,2.13,1.06,-0.31,-1.36,-2.07,-2.86,-2.52,-0.36,-0.09,0.39,-0.01,0.2,0.99,1.24,1.21,1.26,1.15,0.5
-3.96,-3.22,-0.94,-0.38,-0.5,1.34,2.48,0.38,0.97,-0.57,-0.08,-0.42,1.24,-0.29,-1.39,1.65,2.31,2.15,1.9,2.16,1.98,0.3,-1.59,-2.45,-2.75,-1.19,-0.97,0.0,0.59,-1.01,-0.29,1.09,1.65,2.64,4.15,4.11,4.58,4.29,4.29,2.94,1.71,0.71,0.15,2.48,1.95,2.52,2.77,2.78,2.23,1.71,1.03,0.52,0.45,1.08,2.44,4.96,6.71,7.3,7.36,7.21,7.24,6.9,5.54,3.82,2.33,1.18,0.0,-1.37,-1.66,-2.1,-1.5,-1.33,-0.89,-1.0,-1.06,-0.38,0.74,1.09,0.59,0.84,1.17,0.72,0.09
0.41,-1.02,-1.28,-1.39,-0.26,0.26,0.46,2.3,-1.78,-1.38,-1.67,0.09,2.61,1.15,0.93,1.2,0.81,0.8,0.83,1.09,1.54,0.96,-0.5,-1.93,-2.72,-2.46,-1.64,0.18,1.98,1.85,-0.13,3.0,4.49,6.43,7.01,5.06,4.71,4.64,3.81,3.59,2.43,1.1,2.16,2.2,2.96,4.25,4.25,3.63,3.14,2.89,2.58,2.29,2.22,2.5,3.34,4.59,5.11,5.22,5.75,6.45,6.34,5.64,4.15,2.63,1.2,0.09,-1.11,-1.94,-1.57,-1.64,-2.41,-2.05,-1.75,-1.65,-0.83,1.06,1.45,0.75,0.13,0.9,0.69,0.08,-0.82
-0.16,-0.15,-1.24,-3.46,0.31,-1.1,0.73,-0.14,-0.99,-0.92,0.44,-1.74,2.89,2.09,1.53,0.89,0.21,-0.23,-0.64,-0.53,0.12,-0.02,-0.27,-1.68,-2.91,-3.76,-2.42,-1.28,2.88,6.06,4.21,3.94,4.8,3.84,5.26,5.88,6.17,4.59,3.9,2.95,2.59,2.03,1.71,2.12,3.27,4.11,3.5,3.26,3.54,3.79,3.58,3.04,2.89,2.97,3.73,3.93,3.95,3.55,4.94,5.27,5.07,3.73,2.74,1.43,0.16,-0.74,-1.74,-2.09,-2.68,-2.59,-2.52,-1.64,-1.38,-0.83,-0.07,0.97,0.6,0.08,0.57,0.59,-0.06,-0.65,-1.56
-4.58,2.38,1.81,0.24,-1.96,-0.42,-1.26,0.3,2.48,1.97,0.72,0.13,-0.97,1.98,1.4,0.32,-0.47,-0.89,-1.93,-1.82,-1.42,-0.33,-1.04,-1.78,-2.79,-4.41,-5.19,-4.5,6.32,9.65,6.72,5.49,6.21,4.42,4.96,5.93,6.4,5.7,4.54,3.29,2.03,1.94,1.98,1.96,3.1,3.15,3.54,3.67,4.34,4.48,4.71,4.54,4.67,4.52,4.06,3.15,2.58,4.15,5.21,4.73,3.66,2.39,1.33,0.26,-0.57,-1.59,-2.78,-3.34,-2.79,-2.66,-2.31,-1.81,-1.38,-0.56,0.23,0.15,0.02,-0.39,1.08,0.22,-0.62,-1.08,-2.05
-5.23,-3.4,2.69,1.14,-0.51,-1.36,0.08,-0.14,1.55,3.96,1.67,1.0,1.62,0.43,1.16,-0.11,-0.9,-1.86,-2.6,-2.41,-2.77,-0.77,-1.02,-2.0,-2.7,-3.59,-3.73,0.83,6.31,3.36,2.61,4.82,6.05,5.26,6.2,5.68,5.35,5.8,4.62,3.87,3.04,2.22,1.49,1.84,2.95,3.42,3.51,4.22,4.41,4.33,4.52,4.62,4.7,4.44,4.0,2.97,2.92,4.63,4.39,3.3,2.31,0.95,0.15,-0.79,-1.44,-2.39,-3.42,-3.81,-3.2,-2.71,-1.99,-1.4,-1.88,0.02,0.75,-0.17,-0.58,-0.06,0.82,0.41,-0.58,-1.55,-2.42
-5.04,-4.06,-0.95,-0.27,-0.67,-1.84,0.85,-0.81,1.25,0.55,0.04,1.71,-0.74,1.32,1.64,-0.43,-1.76,-2.25,-2.61,-2.95,-2.19,-1.61,-1.93,-2.61,-1.93,-1.8,-0.65,1.03,7.62,8.01,5.11,1.18,0.6,2.54,5.11,4.59,5.24,4.98,4.39,3.83,3.42,2.72,1.42,1.51,2.76,3.14,3.46,4.11,4.95,4.57,4.13,3.95,3.89,3.2,2.5,2.24,3.76,3.74,3.81,2.68,1.31,0.25,-0.47,-1.24,-1.71,-2.82,-3.95,-4.38,-4.02,-2.13,-1.39,-1.1,0.25,0.65,0.26,-0.59,-0.72,0.11,0.69,0.2,-0.85,-1.82,-2.73
-4.39,-3.68,-2.86,-2.24,-1.37,-1.56,0.26,-0.14,0.53,-0.53,-2.62,-0.98,0.04,0.88,1.27,-1.15,-2.6,-2.63,-2.83,-3.02,-2.13,-0.3,-0.35,-0.25,-0.21,0.7,1.88,4.33,6.23,6.83,7.09,6.69,7.3,0.63,0.9,1.66,4.57,2.52,3.09,3.53,3.92,3.39,2.63,2.57,3.0,3.5,3.61,3.15,5.57,4.04,3.05,3.12,3.04,1.88,1.69,2.02,3.27,3.13,2.87,1.57,0.72,-0.44,-0.68,-1.42,-2.07,-2.99,-4.1,-4.83,-3.86,-1.93,-1.46,-0.28,-0.3,-0.01,-0.64,-0.81,0.15,0.18,0.14,-0.33,-1.25,-2.43,-3.15
-4.38,-3.77,-3.44,-2.58,-1.68,-2.89,-0.47,0.0,-0.2,0.07,-1.71,-0.75,-1.88,-0.19,0.44,-1.21,-2.53,-2.44,-3.24,-3.43,-3.08,-0.83,-0.36,-0.25,1.05,0.43,2.66,4.28,5.74,5.5,6.13,6.5,6.6,7.11,2.12,0.91,-0.94,0.59,1.41,1.91,2.93,4.18,2.81,2.45,2.7,3.03,2.44,3.06,4.19,2.51,2.59,2.86,2.23,0.94,1.49,2.35,2.28,2.54,1.69,0.51,0.09,-0.95,-0.65,-1.39,-2.25,-3.28,-4.28,-4.3,-3.25,-2.81,-2.62,1.04,0.16,0.3,0.48,-0.09,-0.5,-0.16,-0.23,-0.91,-1.62,-2.28,-3.22
-4.34,-3.78,-3.0,-2.23,-2.34,-2.67,-2.99,-0.44,0.69,0.69,-0.13,-1.9,-0.28,-1.93,0.12,-0.25,-0.04,-3.2,-4.1,-3.8,-0.82,-0.95,-0.34,-0.13,0.18,-0.02,2.35,4.13,4.08,4.46,4.99,6.67,6.85,3.9,5.02,4.04,2.64,3.53,3.38,1.32,1.04,0.83,1.14,1.07,1.9,2.23,1.28,2.19,2.52,2.69,2.4,1.7,0.87,0.72,1.48,1.36,1.88,1.55,0.5,-0.53,-0.87,-1.49,-1.06,-1.54,-2.15,-3.03,-3.73,-3.8,-3.06,-2.55,-2.21,0.05,-0.23,-0.68,-0.36,-0.64,-0.73,-0.72,-0.88,-1.51,-2.32,-2.86,-3.42
-4.14,-3.65,-3.19,-2.78,-2.82,-2.52,-2.42,-1.6,-1.28,0.15,1.77,0.71,1.4,0.74,0.17,-0.55,-0.14,0.88,0.82,0.8,-0.97,-0.77,-0.04,-1.0,-0.26,0.27,2.44,4.22,3.15,3.44,4.38,4.42,7.1,3.62,0.94,4.58,3.55,1.14,2.45,-0.16,-1.92,-0.64,0.82,1.15,-0.57,-0.31,0.32,1.65,2.26,1.67,1.65,1.42,1.21,0.77,0.45,0.66,0.83,0.47,-0.62,-1.21,-1.77,-2.29,-1.73,-2.1,-2.28,-2.95,-3.55,-3.76,-2.86,-2.8,-2.27,-1.24,-1.33,-1.06,-0.55,-0.93,-0.51,-1.22,-1.53,-2.48,-2.85,-3.14,-3.85
-3.93,-3.47,-3.09,-2.84,-2.61,-2.25,-1.91,-1.7,-1.06,-1.21,-2.05,-0.84,-0.76,-0.13,-0.82,-1.57,-1.38,-0.19,-0.57,0.3,-0.07,-1.05,0.72,-1.15,-0.94,0.16,4.27,3.99,2.54,2.26,4.24,4.14,5.31,5.1,3.93,3.25,2.87,2.16,1.58,0.76,0.64,1.02,1.12,0.75,-0.04,-1.04,-0.41,1.33,1.64,1.95,1.61,1.21,0.39,-0.12,-0.56,-0.19,-0.31,-0.68,-1.39,-1.57,-1.95,-2.58,-2.15,-2.62,-2.7,-2.83,-3.16,-3.2,-3.16,-2.97,-2.75,-1.7,-1.7,-0.16,0.75,-0.31,-1.44,-1.77,-1.82,-2.31,-2.83,-3.7,-4.21
