static/gfs.json
{"header": {"discipline":0,"disciplineName":"Meteorological products","gribEdition":2,"gribLength":76100,"center":7,"centerName":"US National Weather Service - NCEP(WMC)","subcenter":0,"refTime":"2017-05-16T18:00:00.000Z","significanceOfRT":1,"significanceOfRTName":"Start of forecast","productStatus":0,"productStatusName":"Operational products","productType":1,"productTypeName":"Forecast products","productDefinitionTemplate":0,"productDefinitionTemplateName":"Analysis/forecast at horizontal level/layer at a point in time","parameterCategory":2,"parameterCategoryName":"Momentum","parameterNumber":2,"parameterNumberName":"U-component_of_wind","parameterUnit":"m.s-1","genProcessType":2,"genProcessTypeName":"Forecast","forecastTime":0,"surface1Type":103,"surface1TypeName":"Specified height level above ground","surface1Value":10,"surface2Type":255,"surface2TypeName":"Missing","surface2Value":0,"gridDefinitionTemplate":0,"gridDefinitionTemplateName":"Latitude_Longitude","numberPoints":65160,"shape":6,"shapeName":"Earth spherical with radius of 6,371,229.0 m","gridUnits":"degrees","resolution":48,"winds":"true","scanMode":0,"nx":360,"ny":181,"basicAngle":0,"subDivisions":0,"lo1":0,"la1":90,"lo2":359,"la2":-90,"dx":1,"dy":1,"convert-by":"Asper","site":"https://airmap.g0v.asper.tw"}, "data":
[rows 0 to 34 of 181, columns 79 to 157 of 360]
-0.05,-0.12,-0.19,-0.25,-0.32,-0.39,-0.45,-0.52,-0.58,-0.65,-0.72,-0.78,-0.85,-0.91,-0.97,-1.04,-1.1,-1.17,-1.23,-1.29,-1.36,-1.42,-1.48,-1.54,-1.6,-1.66,-1.72,-1.78,-1.84,-1.9,-1.95,-2.01,-2.07,-2.12,-2.18,-2.23,-2.29,-2.34,-2.39,-2.44,-2.49,-2.54,-2.59,-2.64,-2.69,-2.74,-2.78,-2.83,-2.87,-2.92,-2.96,-3,-3.04,-3.08,-3.12,-3.16,-3.19,-3.23,-3.26,-3.3,-3.33,-3.36,-3.39,-3.42,-3.45,-3.48,-3.51,-3.53,-3.56,-3.58,-3.6,-3.63,-3.65,-3.67,-3.68,-3.7,-3.72,-3.73,-3.74
-0.31,-0.38,-0.45,-0.53,-0.61,-0.69,-0.76,-0.84,-0.91,-0.99,-1.07,-1.15,-1.22,-1.3,-1.37,-1.45,-1.52,-1.6,-1.67,-1.74,-1.82,-1.89,-1.96,-2.03,-2.1,-2.18,-2.24,-2.32,-2.39,-2.45,-2.52,-2.59,-2.65,-2.72,-2.78,-2.85,-2.91,-2.97,-3.04,-3.1,-3.17,-3.22,-3.29,-3.34,-3.4,-3.45,-3.51,-3.57,-3.61,-3.66,-3.71,-3.76,-3.81,-3.86,-3.9,-3.95,-3.99,-4.03,-4.07,-4.11,-4.15,-4.19,-4.22,-4.25,-4.28,-4.31,-4.34,-4.36,-4.39,-4.42,-4.43,-4.44,-4.45,-4.46,-4.47,-4.48,-4.5,-4.51,-4.52
-0.64,-0.72,-0.79,-0.88,-0.96,-1.04,-1.12,-1.2,-1.29,-1.37,-1.46,-1.54,-1.63,-1.72,-1.8,-1.89,-1.97,-2.06,-2.14,-2.22,-2.3,-2.39,-2.47,-2.55,-2.63,-2.71,-2.79,-2.87,-2.95,-3.03,-3.11,-3.19,-3.27,-3.36,-3.44,-3.52,-3.61,-3.69,-3.77,-3.85,-3.93,-4.02,-4.1,-4.17,-4.25,-4.33,-4.4,-4.48,-4.54,-4.62,-4.68,-4.75,-4.81,-4.87,-4.93,-5,-5.06,-5.11,-5.17,-5.22,-5.27,-5.33,-5.39,-5.44,-5.49,-5.53,-5.57,-5.61,-5.65,-5.68,-5.72,-5.74,-5.76,-5.78,-5.81,-5.83,-5.85,-5.86,-5.88
-0.94,-1.01,-1.1,-1.18,-1.27,-1.35,-1.43,-1.51,-1.6,-1.69,-1.77,-1.86,-1.93,-2.02,-2.11,-2.19,-2.27,-2.36,-2.45,-2.54,-2.64,-2.75,-2.85,-2.95,-3.06,-3.17,-3.28,-3.4,-3.51,-3.63,-3.75,-3.86,-3.97,-4.09,-4.21,-4.31,-4.42,-4.55,-4.67,-4.77,-4.86,-4.95,-5.04,-5.13,-5.22,-5.32,-5.41,-5.51,-5.6,-5.71,-5.8,-5.9,-6.01,-6.13,-6.24,-6.34,-6.44,-6.54,-6.63,-6.7,-6.78,-6.86,-6.88,-6.91,-6.97,-7.03,-7.1,-7.13,-7.13,-7.16,-7.18,-7.21,-7.25,-7.28,-7.3,-7.31,-7.3,-7.28,-7.28
-1.08,-1.15,-1.23,-1.3,-1.37,-1.44,-1.52,-1.59,-1.67,-1.76,-1.84,-1.92,-2.02,-2.11,-2.21,-2.32,-2.43,-2.55,-2.67,-2.78,-2.89,-2.98,-3.08,-3.2,-3.33,-3.49,-3.65,-3.83,-4.02,-4.23,-4.46,-4.71,-4.96,-5.22,-5.47,-5.71,-5.97,-6.2,-6.4,-6.66,-6.87,-7.05,-7.2,-7.33,-7.43,-7.49,-7.52,-7.55,-7.55,-7.57,-7.56,-7.54,-7.52,-7.49,-7.46,-7.43,-7.4,-7.36,-7.32,-7.29,-7.25,-7.23,-7.2,-7.18,-7.17,-7.17,-7.16,-7.16,-7.15,-7.16,-7.14,-7.08,-7.03,-6.97,-6.92,-6.81,-6.69,-6.57,-6.48
-0.93,-0.97,-1.02,-1.07,-1.14,-1.2,-1.28,-1.34,-1.42,-1.49,-1.56,-1.64,-1.75,-1.85,-1.98,-2.1,-2.24,-2.36,-2.5,-2.66,-2.84,-3.03,-3.25,-3.49,-3.74,-3.98,-4.22,-4.44,-4.64,-4.82,-4.98,-5.15,-5.3,-5.51,-5.73,-5.94,-6.12,-6.28,-6.42,-6.5,-6.58,-6.66,-6.73,-6.79,-6.84,-6.88,-6.92,-6.92,-7.01,-7.09,-7.18,-7.31,-7.48,-7.61,-7.75,-7.84,-7.88,-7.91,-7.93,-7.95,-7.96,-7.96,-7.94,-7.93,-7.92,-7.89,-7.86,-7.84,-7.82,-7.79,-7.76,-7.73,-7.69,-7.61,-7.54,-7.45,-7.37,-7.3,-7.22
-0.76,-0.74,-0.72,-0.72,-0.73,-0.76,-0.85,-0.94,-1.02,-1.09,-1.18,-1.26,-1.39,-1.51,-1.65,-1.8,-1.97,-2.14,-2.33,-2.55,-2.75,-2.95,-3.15,-3.33,-3.5,-3.67,-3.84,-3.98,-4.15,-4.32,-4.51,-4.74,-5.08,-5.41,-5.72,-6.01,-6.25,-6.43,-6.57,-6.67,-6.79,-6.9,-7.02,-7.15,-7.34,-7.5,-7.62,-7.71,-7.76,-7.82,-7.87,-7.95,-8.08,-8.17,-8.24,-8.3,-8.38,-8.45,-8.54,-8.65,-8.75,-8.82,-8.87,-8.9,-8.85,-8.81,-8.71,-8.57,-8.42,-8.26,-8.07,-7.87,-7.66,-7.45,-7.23,-7.02,-6.84,-6.64,-6.48
-0.68,-0.54,-0.42,-0.31,-0.22,-0.15,-0.14,-0.23,-0.36,-0.51,-0.69,-0.85,-0.99,-1.13,-1.3,-1.47,-1.66,-1.86,-2.09,-2.32,-2.49,-2.66,-2.79,-2.89,-3.06,-3.28,-3.56,-3.86,-4.22,-4.58,-4.95,-5.24,-5.45,-5.59,-5.71,-5.83,-6,-6.22,-6.47,-6.73,-6.95,-7.15,-7.31,-7.45,-7.58,-7.67,-7.76,-7.84,-7.93,-7.98,-8.05,-8.15,-8.2,-8.19,-8.14,-8.11,-8.04,-7.92,-7.81,-7.67,-7.5,-7.41,-7.32,-7.29,-7.43,-7.35,-7.36,-7.39,-7.38,-7.39,-7.4,-7.39,-7.36,-7.29,-7.15,-7,-6.85,-6.73,-6.65
-0.99,-0.65,-0.35,-0.09,0.14,0.33,0.51,0.66,0.79,0.82,0.74,0.55,0.31,0.07,-0.15,-0.34,-0.5,-0.66,-0.86,-1.15,-1.45,-1.71,-1.96,-2.21,-2.52,-2.86,-3.22,-3.58,-3.91,-4.24,-4.54,-4.81,-5.05,-5.27,-5.46,-5.64,-5.82,-6.02,-6.25,-6.47,-6.7,-6.93,-7.15,-7.35,-7.55,-7.74,-7.99,-8.24,-8.49,-8.68,-8.83,-8.95,-9.01,-9.08,-9.1,-9.1,-9.09,-9.04,-8.97,-8.88,-8.74,-8.58,-8.37,-8.1,-7.79,-7.49,-7.18,-7,-6.89,-6.7,-6.61,-6.58,-6.66,-6.79,-6.86,-6.84,-6.77,-6.6,-6.4
-2.2,-1.55,-0.96,-0.5,-0.12,0.24,0.56,0.86,1.09,1.14,0.93,0.73,0.79,0.86,0.95,1.44,2.65,3.82,3.97,3.05,1.95,1.11,0.38,-0.29,-0.84,-1.24,-1.59,-2,-2.45,-2.92,-3.35,-3.72,-4.05,-4.35,-4.64,-4.9,-5.14,-5.37,-5.67,-6,-6.39,-6.81,-7.22,-7.6,-7.94,-8.23,-8.5,-8.74,-8.96,-9.17,-9.34,-9.49,-9.57,-9.59,-9.56,-9.5,-9.39,-9.27,-9.11,-8.95,-8.8,-8.65,-8.5,-8.36,-8.21,-8.06,-7.88,-7.67,-7.39,-7.17,-6.99,-6.73,-6.38,-5.96,-5.47,-4.99,-4.74,-4.86,-5.03
-3.31,-2.74,-2.17,-1.59,-1,-0.39,0.24,0.86,1.42,1.77,1.85,1.81,2.06,2.57,2.67,2.13,0.83,-0.11,-0.5,0.61,2.59,4.18,4.3,3.61,2.69,1.74,0.95,0.4,-0.12,-0.75,-1.35,-1.78,-2.07,-2.37,-2.76,-3.16,-3.5,-3.84,-4.31,-4.95,-5.63,-6.24,-6.74,-7.14,-7.46,-7.69,-7.83,-7.91,-7.94,-8,-7.98,-7.94,-7.8,-7.62,-7.32,-6.94,-6.5,-6.03,-5.56,-5.12,-4.75,-4.48,-4.3,-4.11,-3.87,-3.58,-3.37,-3.34,-3.55,-3.9,-4.33,-4.75,-5.09,-5.39,-5.47,-5.24,-4.85,-4.49,-4.14
-3.92,-3.33,-2.86,-2.29,-1.62,-0.87,-0.09,0.7,1.46,2.17,2.74,3.02,3.22,3.57,3.75,3.16,2.02,1.89,1.45,0.2,0.32,0.76,0.32,1.22,3.12,5.07,6.6,6.04,4.35,2.67,1.51,0.86,0.55,0.33,0.04,-0.29,-0.62,-1.06,-1.77,-2.76,-3.76,-4.55,-5.11,-5.6,-6.12,-6.64,-7.14,-7.64,-8.13,-8.51,-8.65,-8.5,-8.11,-7.57,-6.97,-6.37,-5.82,-5.37,-4.99,-4.71,-4.45,-4.19,-3.81,-3.32,-2.83,-2.37,-1.93,-1.55,-1.28,-1.15,-1.14,-1.16,-1.13,-1.06,-1.11,-1.67,-2.7,-3.63,-3.94
-1,-2.87,-3.49,-2.87,-1.87,-1.23,-0.75,-0.16,0.6,1.44,2.26,3.02,3.69,4.17,4.5,4.73,4.81,4.72,4.54,4.48,4.65,4.86,5.22,5.02,4.49,4,3.63,3.66,4.23,4.88,5,4.56,3.92,3.48,3.37,3.47,3.62,3.64,3.3,2.38,0.98,-0.37,-1.16,-1.55,-1.95,-2.55,-3.16,-3.65,-4.15,-4.8,-5.48,-5.86,-5.7,-5.05,-4.19,-3.33,-2.6,-2.02,-1.56,-1.2,-1.01,-1.09,-1.31,-1.27,-0.77,-0.08,0.2,-0.26,-0.59,-0.2,0.59,1.1,0.83,-0.05,-0.68,-0.36,0.44,0.55,-0.68
3.66,4.35,4.13,2.57,0.61,-0.42,-0.06,0.6,1.06,1.09,1.15,1.75,2.46,3.18,3.84,4.45,4.87,5.36,5.54,5.77,6.06,6.04,5.35,5.27,5.9,5.97,5.46,5.69,5.86,6.05,6.6,7.37,8.04,8.47,8.6,8.43,8.19,7.98,7.94,8.12,8.47,8.71,8.55,7.92,7.08,6.37,5.82,5.4,5.04,4.78,4.42,3.82,3.13,2.6,2.24,1.95,1.84,1.94,1.94,1.81,1.76,1.83,1.69,1.17,0.94,1.34,1.95,1.83,1.06,0.76,1.05,1.8,2.37,2.15,0.85,-0.05,0.28,1.3,1.75
3.74,3.89,4.22,4.65,4.66,3.66,2.41,1.93,2.01,1.97,2.22,2.63,3.38,3.29,3.47,3.79,4.56,4.63,4.62,5.61,6.49,6.17,5.97,6.26,6.28,6.23,6.28,5.59,4.97,6.51,6.73,7.65,7.89,7.91,8.07,8.51,8.74,8.89,9.16,9.48,9.9,10.32,10.61,10.98,11.3,11.38,11.31,11.1,10.75,10.27,9.68,8.93,8.06,7.23,6.57,6.02,5.4,4.74,4.17,3.92,3.79,2.61,1.62,2.39,3.75,4.27,4.16,3.52,2.89,2.63,2.68,2.99,3.59,3.68,2.85,1.8,1.19,1.14,1.69
4.36,4.49,4.52,4.67,4.81,5.3,4.42,2.3,1.96,2.46,2.54,2.4,2.27,2.67,2.97,3.64,3.44,3.46,3.91,4.24,4.59,4.25,3.56,4.11,5.07,5.08,4.27,4.02,3.7,3.28,2.52,1.97,1.56,1.83,2.69,3.67,4.46,5.24,6.13,6.87,7.37,7.74,8.19,8.88,9.28,9.47,9.6,9.69,9.64,9.55,9.33,8.98,8.4,7.46,6.56,5.94,5.58,5.32,4.89,4.5,4.41,3.36,3.2,3.3,3.01,2.96,3.1,3.16,3.35,3.33,3.59,4.2,4.34,4.23,3.81,3.36,2.94,2.26,2.1
4.89,5.82,5.76,5.63,5.95,4.16,2.98,2.39,2.2,1.79,1.77,1.59,1.17,0.72,0.86,1.14,1.22,2.1,2.52,2.69,3.29,3.62,3.97,3.98,4.41,4.54,4.57,4.64,4.77,5.23,5.67,5.32,4.97,4.83,4.72,4.48,4.39,4.73,4.79,4.85,4.86,4.86,5.06,5.25,5.37,5.66,6.22,6.67,7.01,6.87,6.15,5.82,5.71,5.68,5.59,5.46,5.39,5.35,4.83,4.38,4.56,4.42,4.01,4.45,4.29,4.26,4.26,3.89,3.64,3.73,4.06,4.52,4.71,4.74,4.57,4.25,3.79,3.31,3.1
4.81,4.46,3.52,3.94,4.69,3.19,1.49,1.46,1.94,1.97,2.14,2.8,3.06,3.38,3.64,3.24,3.19,2.83,2.78,2.97,3.12,3.21,3.45,3.61,3.83,4.14,4.3,4.53,4.7,5.06,5.13,4.86,4.71,4.57,4.47,4.19,3.88,3.61,3.63,3.76,3.84,3.93,3.7,3.8,4.22,3.56,3.52,3.7,3.96,3.82,3.9,4.03,4.02,4.07,4.11,4.14,4.15,4.16,4.17,4.21,4.39,4.57,4.33,4.31,4.23,4.38,4.37,4.22,4.14,4.21,4.42,4.78,5,5.16,5.26,4.7,4.46,4.12,3.85
4.07,4.2,4.85,5.11,4.55,3.31,1.84,1.37,1.76,2.08,1.88,1.59,1.81,2.28,2.19,2.26,2.68,2.64,2.78,3.01,3,2.91,2.77,2.74,2.63,2.56,3.15,3.62,3.84,4.13,3.94,3.12,2.91,2.71,3.18,3.07,2.95,2.91,2.8,2.68,2.52,2.4,2.31,2.03,1.71,1.15,1.84,2.49,1.22,1.42,2.04,1.86,2.2,2.41,2.69,2.89,3.04,3.18,3.31,3.48,3.59,2.98,2.79,3.17,3.21,3.28,3.55,3.96,3.65,3.6,4.06,4.42,4.79,4.83,4.88,4.94,4.73,4.25,3.99
4.24,4.08,4.03,4.13,4.08,2.92,2.18,1.54,1.5,1.53,0.88,0.96,1.57,2.11,2.6,2.96,3.09,3.19,2.86,2.68,2.55,2.4,2.09,1.82,1.61,1.74,1.36,1.4,0.92,1.02,1.5,1.65,1.33,0.65,0.7,0.44,-0.16,-0.3,-0.54,-0.73,-0.69,-0.77,-0.91,-0.56,-0.25,0.55,0.6,0.3,0.11,-0.3,0.86,-0.14,-0.89,-1.15,-0.85,-0.77,0.29,0.94,1.43,1.95,2.19,2.18,2.16,2.77,3.07,3.05,3.07,3.29,3.53,3.32,3.51,3.69,4.01,4.29,4.57,4.28,4,3.8,3.81
4.18,4.62,3.85,3.63,3.7,3.93,3.75,0.3,-0.48,-0.89,-1.06,-0.38,-1.57,-0.58,0.9,1,0.54,0.73,1.04,1.72,2.43,1.86,1.95,1.58,0.97,-0.09,-0.68,-0.02,0.5,-0.92,-2.45,-1.42,-1.2,-0.81,-1.1,-1.1,-1.37,-1.63,-1.87,-1.93,-1.68,-1.78,-1.57,-0.97,-0.76,-0.85,-1.27,-1.96,-1.09,-0.89,-1.16,-0.81,-0.53,-0.08,-1.44,-1.89,-0.61,-1.04,-1.03,-0.76,-1.06,0.24,0.18,-0.12,0.36,1.07,1.72,1.99,1.77,1.12,1.7,2.08,2.91,2.66,2.48,3.05,3.07,3.08,3.09
3.98,4.59,4.82,3.61,3.22,3.82,4.41,1.23,-0.53,1.95,3.2,-0.27,0.79,-1.8,-1.33,0.14,-1.58,-0.44,0.34,-0.04,0.89,2.08,1.37,0.36,0.37,0.5,-0.02,-1.65,-2.53,-3.25,-3.95,-3.87,-3.72,-3.69,-3.64,-3,-3.39,-3.38,-3.3,-2.94,-3.16,-2.71,-2.34,-1.96,-1.61,-1.57,-1.15,-0.84,-0.93,-1.87,-0.57,-0.67,-0.7,-1.38,-1.11,-0.66,-1.74,-1.13,-1.71,-1.11,-2.11,-0.98,-2.13,-1.84,-1.6,-1.44,-0.45,-0.24,0.28,0.93,1.22,1.25,1.31,1.27,1.77,1.88,1.78,1.82,2.24
3.87,4.28,4.36,5.04,4.23,3.26,4.04,2.86,2.8,2.96,1.93,2.32,2.21,2.17,1.66,-0.94,-2.41,-1.24,-1.34,-0.04,0.79,-0.21,-0.01,-0.14,-0.16,0.44,-0.78,-2.08,-2.79,-3.42,-3.88,-4.22,-4.43,-3.78,-4.04,-4.03,-4.29,-4.2,-3.56,-3.98,-3.6,-2.86,-2.71,-2.03,-1.55,-1.09,-1.12,-1.12,-1.27,-1.78,-1.32,-1.1,-0.89,-0.89,-0.89,-0.45,-1.14,-1.24,-0.75,-1.49,-1.23,-1.71,-1.72,-2.14,-2.08,-2.17,-1.77,-1.23,-1.42,-0.92,0.75,1,0.33,0.53,0.56,0.62,0.86,0.84,0.25
3.36,3.77,3.78,3.82,4.06,3.69,3.05,2.12,1.94,2.46,2.53,3.06,2.47,1.95,1.97,0.8,-1.89,-1.71,-1.22,-0.36,-0.87,-0.72,-0.43,0.52,1.41,0.6,-0.51,-1.37,-1.22,-1.42,-1.2,-1.99,-3.21,-3.46,-3.67,-3.99,-3.56,-3.86,-4.29,-4.21,-3.86,-3.57,-2.76,-2.33,-1.02,-1.16,-1.24,-1.19,-1.76,-1.65,-0.96,-1.2,-1.06,-0.87,-1.19,-0.99,-0.86,-0.92,0.51,0.19,-1.55,-1,-0.09,0.09,-1.32,-1.51,-0.88,0.64,2.38,0.16,-1.19,-0.52,-0.63,-0.45,-0.11,-0.39,0.21,0.02,0.1
2.34,2.59,2.62,2.77,2.74,2.39,2.22,2.02,1.86,1.78,2.38,3.15,3.64,3.99,2.92,3.01,1.54,-0.8,-0.93,0.79,1.23,0.83,0.83,1.43,2.19,2.71,2.83,1.89,0.99,0.88,0.57,0.68,0.45,-1.18,-2.45,-2.93,-3.05,-3.35,-3.74,-4.05,-4,-3.94,-3.24,-2.74,-1.49,-1.33,-1.07,-1.13,-1.84,-1.21,-1.13,-0.66,-0.44,-0.69,-0.89,-0.32,-0.74,-0.07,0.74,-1.04,-0.39,-1.49,-1.7,-0.7,0.91,1.44,-0.18,-2.32,-1.29,-0.03,1.66,2.58,1.25,0.26,1.06,-0.42,-0.84,0.31,-0.26
1.67,1.81,1.87,2.1,2.09,2.09,1.88,1.96,2.01,1.84,2.73,2.99,3.02,3.37,2.89,3.27,3.52,3.52,1.2,-0.52,0.99,1.23,1.45,2.02,2.45,2.8,2.7,2.48,2,1.58,1.11,0.19,-0.07,-1.32,-1.75,-2.01,-2.87,-3.34,-3.26,-3.54,-3.64,-3.64,-3.67,-3.41,-2.56,-1.74,-1.69,-1.53,-1.15,-1.55,-1.11,-0.7,-0.76,-0.26,-0.54,-0.43,0.27,-0.15,-0.69,0.42,0.95,-0.9,-1.06,-1.55,-0.62,-1.53,-1.62,-1.27,-2.08,-1.58,-2,-0.43,1.63,1.96,1.1,0.44,-0.85,-0.89,-0.73
1.1,0.95,0.98,1.54,1.63,1.54,1.67,1.66,1.56,2.12,2.87,3.13,3.11,3.02,3.37,3.46,4.14,4.64,4.2,3.41,0.94,0.85,1.91,1.87,1.89,2.13,2.01,1.99,1.92,2.13,2.14,1.4,1.23,-0.11,-1.5,-1.82,-2.19,-2.41,-2.85,-3.52,-3.57,-3.88,-3.96,-4.54,-3.65,-2.91,-2.57,-1.85,-1.64,-1.51,-1.1,-0.17,-0.21,-0.94,-1.22,-0.77,0.39,1.09,0.41,-0.22,0.42,0.28,-0.95,-0.71,-1.38,-1.54,-1.49,-2.16,-1.39,-1.58,-1.58,-1.51,-0.29,1.49,1.31,-0.33,-1.19,-1.08,-0.88
0.13,0.34,0.5,0.65,1.02,1.42,1.57,1.9,1.69,2.28,2.8,2.94,2.75,3.04,3.44,3.05,4.01,5.04,5.61,5.48,5.22,5.38,4.53,4.09,3.73,3.01,3.6,3.53,3.17,2.39,2.46,2.6,2.67,0.81,-0.32,-0.28,-0.66,-1.51,-3.07,-3.37,-4.16,-3.86,-3.8,-4.43,-4.11,-3.49,-3.45,-2.73,-2.14,-1.85,-1.57,-1.34,-0.55,0.56,1.48,1.75,1.78,1.41,0.75,1.48,1.49,-0.1,-0.63,-1.58,-1.07,-1.75,-1.35,-1.23,-1.2,-0.86,0.14,-0.17,-1.37,-0.57,-0.72,-0.71,-1.43,-0.85,-0.99
-0.18,-0.03,0.14,0.11,0.65,1.38,1.46,1.39,2.17,2.36,1.93,2.92,2.57,3.04,3.07,3.29,3.92,4.22,4.42,4.57,5.03,5.16,4.88,4.73,5.19,5.42,4.87,4.94,4.21,2.94,2.75,2.76,2.83,0.98,1.72,2.09,-0.06,-0.59,-0.89,-2.65,-3.75,-4.55,-5.49,-4.99,-5.29,-5.36,-4.48,-3.26,-2.66,-2.04,-1.7,-1.48,-1.06,-0.64,-0.5,-0.13,0.39,-0.24,0.15,1.25,1.32,-0.99,-0.81,-0.48,-1.06,-0.29,-0.55,0.08,-0.25,-0.4,-0.23,1.31,0.84,0.46,0.86,-0.82,-1.39,-1.03,-0.91
-0.64,-0.4,-0.19,-0.15,0.3,0.78,1.44,1.9,2.11,2.47,2.55,1.67,2.22,2.5,2.19,2.36,2.79,3.26,3.75,4.24,4.57,4.62,4.43,4.38,4.34,5.07,4.53,4.27,4.63,3.43,2.05,1.86,-0.51,0.56,2.79,1.62,0.65,0.86,1.73,2.22,0.84,-0.46,-1.45,-2.87,-3.16,-3.47,-3.33,-2.69,-2.25,-1.85,-1.56,-1.22,-1.1,-0.84,-0.6,-0.27,0.71,0.47,0.67,1.22,0.81,-1.4,-0.69,-1.39,-0.24,-1.5,-0.92,-1.03,-0.75,-0.02,0.36,1.08,0.77,1.44,0.05,-0.5,-0.75,-1.33,-1.35
-0.39,-0.62,-0.3,0.06,-0.34,0.28,0.51,0.66,0.81,0.9,1.26,1.1,1.01,1.09,2.07,2.26,2.25,2.35,3.04,2.85,3.35,3.35,3.3,3.7,3.38,3.03,3.2,3.27,3.54,4.43,4.58,3.25,3.31,3.75,3.95,2.74,1.53,1.78,2.08,1.28,1.16,0.61,-1.29,-1.92,-1.74,-2.94,-3.52,-3.56,-2.81,-1.89,-1.67,-1.63,-1.37,-0.91,-0.75,-0.81,0.2,0.75,1.65,1.52,1.01,-1.53,-1.41,-1.33,0.73,-1.57,-1.75,-1.84,-1.31,-2.46,-1.79,-0.15,-0.42,0.21,0.86,0.14,2.06,2.2,2.83
0.02,-0.25,-0.4,-0.51,-0.71,-0.46,-0.26,-0.12,0.21,0.45,0.55,0.76,0.84,0.35,0.91,1.37,1.58,1.71,1.36,1.38,1.3,1.99,2.09,2.19,1.89,2.03,2.31,2.81,2.86,4.08,4.57,4.86,4.78,4.84,2.08,1.41,3.21,1.54,1.99,2.29,1.94,0.66,-0.36,-1.04,-1.48,-1.24,-1.47,-1.76,-2.31,-1.83,-1.75,-1.97,-2.03,-1.46,-0.58,-0.07,0.61,0.8,1.82,1.92,2.26,0.09,-1.15,-4.73,-8.92,-10.48,-10.22,-8.57,-7.3,-5.29,-2.98,-2.28,-1.62,0.17,1.52,2.55,4.72,5.83,4.74
-0.54,-0.45,-0.31,-0.27,-0.55,-0.55,-0.51,-0.34,-0.17,-0.19,-0.04,0.2,0.37,0.59,0.48,0.71,0.65,0.97,1.34,1.71,1.9,2.01,2.11,2.49,2.29,2.25,2.28,2.75,3.07,3.06,4.04,5.1,4.83,6.39,3.31,1.77,0.88,1.96,2.68,2.12,3.38,1.82,2.47,0.63,-1.15,-1.01,-1.69,-0.98,-0.36,-1.15,-0.64,0.65,0.73,1.21,1.22,1.15,1.06,1.14,1.03,1.65,3.85,1.75,-2.76,-3.17,-5.01,-6.51,-6.68,-6.25,-5.34,-4.02,-2.93,-1.91,-0.95,0.22,1.32,2.27,3.27,3.9,4.04
-0.84,-1.14,-1.2,-1.22,-1.13,-1.04,-1.26,-0.97,-0.79,-0.86,-0.8,-0.63,-0.74,-0.61,0.12,0.11,0.94,1.21,1.5,1.73,1.95,2.72,2.81,2.55,3.02,3,3.07,2.88,3.13,2.96,3.84,5.03,5.47,3.23,3.05,2.21,1.61,1.08,0.9,2.01,-0.29,1.75,-0.2,-0.47,0.14,-1.69,-1.37,-1.69,-1.23,0.15,0.14,0.26,0.37,0.81,1.34,1.55,1.36,1.49,2.06,3,4.01,2.74,1.7,2.46,1.02,-2.24,-3.58,-3.2,-2.39,-2.62,-2.39,-1.56,-0.37,0.87,1.77,2.2,2.18,2.07,1.11
-0.07,-1.06,-1.28,-1.9,-3.09,-2.5,-2.33,-2.39,-1.78,-1.11,-0.91,-0.53,-0.69,-0.4,0.57,0.81,0.72,0.89,1.3,1.53,1.8,1.72,1.98,2.71,2.57,2.14,2.48,1.99,3.31,1.71,3.19,1.53,2.9,0.8,1.46,1.74,1.68,0.11,1.62,1.04,1.27,0.09,-0.12,-1.33,-1.63,-1.72,-0.34,-1.32,-1.07,-0.8,-0.8,-1,1.06,0.56,1.52,1.09,0.94,1.81,2.75,4.99,7.36,6.74,4.62,5.1,3.98,1.27,-1.74,-1.45,-1.19,-1.7,-1.87,-1.77,-0.77,1.74,1.82,1.24,0.83,0.38,0.83
