static/gfs.json
{"header": {"discipline":0,"disciplineName":"Meteorological products","gribEdition":2,"gribLength":76100,"center":7,"centerName":"US National Weather Service - NCEP(WMC)","subcenter":0,"refTime":"2017-05-16T18:00:00.000Z","significanceOfRT":1,"significanceOfRTName":"Start of forecast","productStatus":0,"productStatusName":"Operational products","productType":1,"productTypeName":"Forecast products","productDefinitionTemplate":0,"productDefinitionTemplateName":"Analysis/forecast at horizontal level/layer at a point in time","parameterCategory":2,"parameterCategoryName":"Momentum","parameterNumber":2,"parameterNumberName":"U-component_of_wind","parameterUnit":"m.s-1","genProcessType":2,"genProcessTypeName":"Forecast","forecastTime":0,"surface1Type":103,"surface1TypeName":"Specified height level above ground","surface1Value":10,"surface2Type":255,"surface2TypeName":"Missing","surface2Value":0,"gridDefinitionTemplate":0,"gridDefinitionTemplateName":"Latitude_Longitude","numberPoints":65160,"shape":6,"shapeName":"Earth spherical with radius of 6,371,229.0 m","gridUnits":"degrees","resolution":48,"winds":"true","scanMode":0,"nx":360,"ny":181,"basicAngle":0,"subDivisions":0,"lo1":0,"la1":90,"lo2":359,"la2":-90,"dx":1,"dy":1,"convert-by":"Asper","site":"https://airmap.g0v.asper.tw"}, "data":
[rows 140 to 174 of 181, columns 79 to 157 of 360]
8.03,7.81,6.99,5.71,5.41,4.89,4.95,3.46,1.5,-1.16,-3.91,-10.28,2.35,6.04,5.43,5.92,6.11,5.79,5.74,6.11,6.96,7.79,7.99,7.96,8.19,7.41,7.03,7.04,7.06,7.37,7.47,5.89,3.78,2.84,3.28,4.26,6.45,8.04,7.7,7.17,8.62,9.74,10.25,10.78,11.56,12.26,12.34,12.58,12.72,13.18,13.88,14.65,14.87,14.6,13.53,13.35,14.07,14.01,13.62,13.07,12.69,12.27,11.79,10.55,11.36,11.49,10.5,8.4,6.66,4.84,4.47,5.07,5.78,6.38,6.74,7.9,9.19,9.77,9.05
6.93,7.86,7.59,6.16,5.89,5.58,4.86,4.31,1.92,-0.99,-2.28,-6.03,-9.12,-13.96,-12.53,-3.21,2.81,4.41,4.76,5.08,5.56,5.7,4.94,3.73,3.13,2.54,1.35,-0.51,-1.41,-1.71,-1.05,0.44,2.08,3.55,5.08,6.17,6.69,6.96,7.43,8.34,9.26,10.3,11.32,12.15,12.96,13.86,14.76,15.49,15.14,13.46,13.42,14.58,15.9,16.31,15.79,15.26,15.24,15.4,15.21,14.51,14.16,13.24,12.59,12.38,12.21,12.32,10.91,9.84,7.87,7.18,8.24,10.07,10.13,10.04,10.1,10.28,10.45,10.32,9.87
5.91,6.26,6.97,7.08,6.43,6.05,5.81,4.66,3.31,0.63,-1.9,-2.66,-5.52,-8.66,-9.72,-10.72,-11.47,-12.32,-12.53,-11.99,-10.94,-9.7,-8.12,-6.46,-5.14,-4.09,-2.98,-1.73,-0.49,0.6,2.06,3.46,4.64,5.6,6.71,7.56,8.26,8.91,9.97,11.27,12.23,12.77,13.42,14.2,14.94,15.36,15.74,16.67,16.66,17.27,17.79,17.92,17.69,16.74,15.81,15.56,15.72,16.01,15.78,15.21,14.99,14.53,13.33,12.41,12.02,11.53,10.85,9.79,9.84,10.93,12.04,11.65,9.53,9.47,10.94,10.91,10.76,10.91,9.55
6.71,7.01,7.13,7.46,7.2,6.44,6.24,5.68,4.05,2.25,-0.01,-2.57,-3.2,-4.04,-4.43,-4.57,-5.12,-5.61,-6.05,-6.29,-5.85,-4.64,-3.64,-2.6,-1.36,-0.18,0.72,1.48,2.17,2.98,3.76,4.5,5.38,6.58,7.85,9.39,10.76,11.84,12.93,14.16,15.17,15.56,16.04,16.94,17.61,18.11,18.17,18.17,18.8,19.2,18.92,18.13,18.12,18.21,17.44,16.69,16.56,17.53,16.58,15.72,15.9,15.35,14.12,13.33,12.91,12.48,12.01,11.27,10.89,11.92,14.24,12.95,11.05,11.82,12.95,12.46,11.73,11.42,11.15
7.72,7.85,7.9,7.94,7.78,6.8,6.32,5.94,5.12,3.83,2.14,0.96,-1.1,-3.01,-3.17,-2.93,-2.75,-2.6,-2.43,-2.01,-1.47,-1.13,-0.5,0.39,1.19,1.92,2.56,3.18,3.87,4.65,5.57,6.63,7.76,9.07,10.62,12.18,13.46,14.51,15.54,16.59,17.38,17.62,17.75,18.17,19.21,19.96,20.35,20.32,19.64,19.12,18.52,17.8,17.22,15.91,14.56,14.6,15.65,16.89,17.72,17.27,16.1,15.94,15.16,14.54,13.44,11.91,11.16,11.82,12.66,13.24,14.23,13.72,11.97,12.79,13.42,12.21,10.57,10.6,11.35
8.79,8.32,8.02,7.77,7.48,7.16,6.69,6.25,5.64,5.13,4.45,3.55,2.74,2.28,1.63,0.92,0.43,-0.01,0.23,0.63,1.06,1.21,1.66,2.23,2.84,3.58,4.63,5.47,6.28,7.04,7.97,9.11,10.26,11.58,12.95,14.12,15.33,16.25,16.75,17.75,18.17,18.71,18.8,19.09,19.71,20.49,20.56,20.63,20.85,21.3,20.55,19.2,17.88,16.93,16.5,16.55,16.96,16.89,16.18,15.74,15.83,15.78,15.45,14.86,13.82,12.28,11.43,11.1,11.16,11.72,12.73,12.97,12.32,12.65,13.12,12.47,11.62,11.75,11.36
8.73,8.4,7.82,7.42,7.31,7.25,6.82,6.35,5.96,5.7,5.57,5.28,4.94,4.47,3.98,3.46,3.61,3.85,3.51,3.18,3.29,3.42,3.79,4.44,5.27,6.18,7.1,7.88,8.5,9.23,10.01,10.92,11.86,12.99,14.35,15.53,16.4,16.92,17.44,17.56,18.36,18.74,18.86,18.99,19.2,19.45,19.2,18.56,18.02,17.91,17.35,16.82,16.61,16.88,17.14,17.46,17.85,17.64,17.8,17.53,17.09,15.91,14.84,14.12,13.34,12.4,11.69,10.94,10.38,10.47,11.46,12.22,12.55,12.57,12.32,12.15,11.63,11.56,11.65
7.74,6.97,6.72,6.86,6.88,6.76,6.54,6.3,6.28,6.27,5.92,5.71,5.95,6.2,6.08,5.76,5.59,5.46,5.52,5.72,5.93,6.14,6.21,6.51,7.2,8.11,9,9.73,10.3,10.77,11.53,12.5,13.34,14.4,15.67,16.39,16.69,17.27,17.99,18.7,19.27,19.5,19.2,18.73,18.33,17.84,17.21,17.46,17.63,18.01,18.1,18.05,18.05,18.45,18.8,18.74,18.31,17.93,17.55,17.07,16.58,15.81,14.54,13.5,12.43,11.46,10.86,9.97,9.1,8.82,9.5,10.83,10.81,10.38,11.01,11.56,11.85,11.77,11.04
6.27,6.34,6.52,6.69,6.61,6.4,6.09,5.48,4.98,4.33,4.43,5.64,5.93,5.62,5.5,5.4,5.67,5.91,6.06,6.54,7.32,8,8.77,9.43,9.71,10.14,10.75,11.1,11.78,12.19,12.58,13.36,13.81,14.04,15.13,16.07,17.36,18.82,20.14,20.99,20.99,20.48,19.78,18.75,17.72,17.42,18.08,18.66,19.37,19.47,19.03,18.3,18.01,17.94,17.64,16.99,16.7,16.4,16.17,15.72,14.79,13.4,11.81,9.79,8.03,7.06,6.62,5.75,4.98,4.87,5.21,6.1,8.16,9.02,9.64,10.75,11.46,11.41,11.8
2.38,1.72,1.38,1.27,1.92,2.92,3.82,3.97,3.81,3.64,1.65,0.14,1.11,1.13,1.37,2.21,3.27,4.2,4.99,5.67,6.21,6.78,7.31,7.76,8.54,9.34,9.77,10,10.01,10.24,10.73,12.32,11.66,9.43,9.87,11.26,12.26,13.83,15.12,15.57,15.44,14.99,14.56,14.63,15.05,15.47,15.79,16.05,15.99,14.64,12.21,9.79,9.18,8.46,3.53,-0.54,-1.31,-1.08,-2.31,-4.12,-5.61,-6.18,-6.38,-5.61,-4.14,-2.47,-0.97,0.2,1.32,2.41,3.63,4.99,6.16,7.33,8.38,9.05,9.64,10.42,11.56
-3.21,-2.82,-2.11,-0.64,1.11,2.81,4.07,4.51,4.72,4.73,4.52,4.42,4.5,4.98,5.45,5.97,6.15,6.32,6.48,5.9,5.4,5.22,5.3,5.62,6.05,6.57,7.32,8.78,10.28,8.55,3.17,1.07,4.04,4.82,3.91,2.81,1.61,0.3,-1.68,-3.27,-3.79,-3.25,-2.49,-2.1,-1.79,-1.18,-0.79,-0.45,0.7,2.69,2.38,1.94,2.6,2.93,2.66,1.87,1.22,0.78,0.41,0.37,0.65,0.61,0.53,0.74,1.63,3.14,4.62,4.84,4.45,5.31,6.49,7.68,8.72,9.44,9.91,10.37,11.17,11.41,11.39
-5.18,-5.29,-5.33,-4.83,-3.12,0.5,5.59,8.66,9.12,8.32,7.35,6.92,7.23,7.5,7.51,7.46,7.34,6.83,6.64,6.68,6.69,6.79,7.52,8.61,8.4,5.28,0.28,-3.24,-2.62,-0.25,0.79,1.06,1.45,1.6,1.88,1.63,0.9,0.12,-0.82,-1.76,-2.72,-3.57,-4.17,-4.28,-3.85,-3.3,-3.28,-2.76,-2.08,-2.09,-1.88,-1.79,-2.33,-3.32,-4.26,-5.03,-5.63,-5.84,-5.75,-5.57,-5.43,-4.99,-4.24,-3.23,-1.98,-0.25,1.39,2.8,4.24,5.5,6.52,7.19,7.65,8.07,8.57,9.18,9.87,10.85,11.88
-6.2,-6.05,-6.15,-6.19,-6.64,-6.83,-7.87,-8.64,-5.41,-0.82,2.48,4.49,5.53,6.11,6.63,6.66,6.29,5.67,4.79,2.63,-0.56,-4.38,-7.3,-7.82,-6.01,-3.84,-2.58,-1.86,-1.85,-1.81,-1.6,-1,-0.54,-0.18,0.18,0.35,0.49,0.48,0.29,-0.12,-0.49,-0.78,-0.81,-0.54,-0.11,0.52,1.21,2.09,3.23,4.22,4.72,5.21,4.4,3.14,1.88,0.73,-0.04,-0.58,-1.07,-1.3,-1.14,-0.55,0.87,2.58,3.74,4.25,4.59,5.12,5.68,6.12,6.66,7.33,8,8.66,9.4,10.13,10.82,11.54,11.42
-7.48,-7.29,-7.59,-7.93,-8.29,-8.02,-7.22,-7.76,-8.66,-9.74,-11.32,-11.44,-11.04,-10.48,-8.94,-8.77,-9.88,-9.96,-9.18,-8.6,-7.62,-6.75,-6.34,-6.05,-5.62,-4.78,-3.75,-2.72,-1.91,-1.01,-0.92,-0.66,-0.38,-0.11,0.12,0.4,0.92,1.21,1.18,1,0.63,0.13,-0.31,-0.7,-0.9,-0.74,-0.24,0.66,1.68,2.63,3.48,3.41,2.15,1.79,2.22,3.24,3.83,3.98,3.78,3.48,2.97,0.46,-4.82,-7.33,-6.38,-3.95,-1.67,0.22,1.61,2.79,3.65,3.99,4.46,5.29,6.09,6.83,7.64,8.43,9.42
-5.77,-5.96,-6.33,-6.59,-7.06,-7.8,-8.03,-8.11,-8.28,-8.47,-8.86,-8.61,-8.22,-7.45,-6.56,-5.88,-5.94,-5.99,-5.57,-5,-5.04,-5.07,-4.84,-3.87,-3.59,-2.94,-2.46,-1.94,-1.01,-0.12,0.15,0.1,-0.1,-0.2,0.03,0.28,0.3,0.57,0.96,0.97,0.73,-0.04,-1.08,-1.79,-2.16,-2.19,-2.22,-2.46,-3.04,-4,-5.47,-6.86,-7.95,-8.76,-8.89,-8.5,-8.01,-7.2,-6.57,-5.86,-5.04,-4,-2.65,-1.3,-0.4,0.54,1.98,3.63,5.29,5.53,5.09,5.44,6.93,6.47,5.35,5.57,5.63,5.28,5.38
-5.13,-5.03,-5.07,-5.36,-6.05,-6.58,-6.93,-6.81,-6.4,-6.16,-5.98,-6.26,-6.77,-6.74,-6.01,-7.28,-7.99,-6.51,-6.51,-4.83,-3.97,-4.47,-5.67,-4.75,-5.38,-5.07,-3.13,-1.69,-0.69,0.49,1.05,0.5,-0.54,-0.48,0.66,1.96,2.32,1.44,0.98,0.85,0.22,-0.42,-0.95,-1.42,-1.85,-2.48,-3.05,-3.24,-3.19,-3.31,-3.87,-4.85,-5.11,-5,-5.4,-5.41,-5.11,-4.9,-4.82,-4.68,-4.82,-4.47,-4.09,-3.43,-2.68,-1.92,-0.84,0.49,1.77,2.9,3.75,4.32,3.85,3.88,4.47,4.7,4.69,4.54,4.49
-4.71,-6.08,-5.8,-4.13,-5.01,-6.24,-7.35,-6.9,-5.2,-5.1,-5.57,-6.43,-7.27,-6.56,-6.07,-8.88,-10.32,-7.95,-8.13,-6.22,-2.59,-2.22,-2.31,-3.63,-3.72,-0.68,-0.73,-1.77,-4.85,-4.19,-1.23,1.52,1.63,3.26,2.67,0.23,-0.04,1.6,1.82,0.58,-0.56,-1.39,-2.11,-2.14,-2.56,-3.62,-5.65,-5.36,-2.56,-2.13,-2.12,-3.07,-3.3,-4.13,-7.12,-4.62,-4.29,-4.3,-5.16,-4.2,-3.37,-2.78,-2.07,-2.03,-1.57,-1.2,-0.58,0.45,1.4,1.79,2.26,2.59,2.81,2.75,2.69,2.68,2.6,2.32,2.15
-5.6,-6.91,-7.59,-6.21,-5.55,-7.42,-7.33,-7.91,-10.28,-9.19,-9.81,-11.71,-11.79,-10.72,-10.08,-9.9,-11.82,-13.04,-11.31,-8.59,-0.63,-8.76,-9.21,-6.91,-8.09,-6.07,-3.41,-2.32,-0.62,-2.58,-3.58,-8.21,-8.78,-6.98,0.12,6.54,4.51,-1.54,-4.63,-3.64,-3.61,-3.95,-2.46,-2.26,-3.84,-7.68,-10.22,-4.08,-1.79,-3.59,-2.05,-9.38,-7.56,-9.01,-5.16,-4.9,-6.64,-5.2,-5.34,-4.37,-4.35,-3.45,-3.3,-1,-1.36,2.53,2.1,2.78,2.1,1.16,1.16,1.52,1.83,2.19,2.19,2.05,1.96,1.78,1.41
-4.38,-8.44,-8.99,-9.41,-11.38,-12.46,-12,-11.89,-10.23,-10.37,-12.02,-11.41,-11.15,-11.49,-11.48,-11.46,-11.69,-12.65,-11.34,-4.35,-7.33,-9.93,-7.59,-11.31,-11.75,-10.34,-6.1,-2.72,-1.58,-1.93,-3.99,-5.23,-3.46,-3.8,-4.77,-6.06,-6.69,-6.48,-6.67,-6.93,-8.21,-9.23,-9.73,-9.19,-9.67,-10.18,-8.75,-7.71,-7.14,-7.64,-7.77,-7.59,-8.02,-10.87,-10.09,-8.01,-5.97,-5.4,-5.19,-4.37,-2.3,-0.62,0.5,-0.2,2.78,-1.58,-4.83,4.09,5.41,2.93,2.89,2.39,1.52,1.44,1.6,1.18,0.44,0.48,0.59
-14.98,-14.55,-13.28,-12.28,-11.91,-11.23,-10.39,-9.93,-9.08,-9.52,-10.27,-10.22,-10.11,-10.91,-11.56,-11.2,-10.86,-10.15,-7.46,-6.81,-7.2,-8.49,-10.15,-10.71,-9.84,-7.06,-6.31,-5.81,-5.13,-4.73,-3.97,-3.21,-3.88,-4.62,-5.34,-6.24,-7.2,-7.58,-7.99,-8.43,-8.97,-9.17,-9.94,-10.34,-10.63,-10.43,-9.53,-8.31,-8.29,-7.9,-8.32,-9.2,-10.45,-11.17,-9.55,-8.5,-2.53,-1.66,-3.58,-3.97,-2.67,-1.93,-1.45,-0.16,0.74,-0.5,0.01,-0.26,-2.81,-3.61,-2.72,-0.1,-0.11,-2.65,-2.39,-1.25,-0.01,-0.41,0.62
-13.87,-12.92,-12.5,-11.81,-11.16,-10.13,-9.28,-9.05,-9.07,-9.06,-9.12,-9.42,-9.32,-10.15,-10,-9.75,-8.64,-6.58,-6.23,-7.45,-7.82,-8.12,-8.84,-8.9,-8.7,-8.45,-8.1,-6.78,-5.01,-4.48,-4.34,-4.32,-4.63,-4.96,-5.91,-6.44,-7.44,-8.31,-8.72,-9,-9.23,-9.62,-9.91,-9.62,-9.65,-9.94,-9.65,-9.39,-8.33,-7.06,-7.36,-8.77,-8.86,-7.91,-8.03,-4.8,-2.67,-3.55,-4.24,-4.22,-2.2,-0.21,1.12,2.38,1.84,0.6,-0.75,-2.31,-3.05,-2.22,-1.84,-2.91,-3.14,-2.61,-4.37,-5.16,-4.2,-3.35,-2.08
-11.9,-11.88,-10.9,-9.82,-9.49,-9.14,-8.59,-8.11,-8.19,-8.31,-8.15,-7.88,-7.93,-8.23,-8.36,-8.18,-7,-6.27,-6.71,-7.3,-7.34,-7.17,-7.41,-7.6,-7.44,-7.29,-6.9,-5.21,-3.56,-3.59,-4.17,-4.7,-5.04,-5.58,-6.76,-7.48,-7.95,-8.35,-8.63,-8.77,-9,-9.31,-9.43,-9.58,-9.73,-9.92,-9.65,-9.22,-8.64,-7.79,-7.18,-6.76,-6.63,-5.85,-4.49,-3.2,-3.24,-3.53,-2.23,-0.9,0.13,1.41,1.48,1.4,0.58,-0.18,-1.75,-2.47,-2.34,-2.42,-3,-3.48,-3.39,-3.64,-3.97,-4.04,-4.19,-4.18,-3.96
-11.26,-10.26,-9.67,-9.37,-8.57,-7.8,-7.46,-7.59,-7.55,-7.23,-6.98,-7.07,-7.79,-8.46,-8,-7.04,-6.41,-5.96,-5.71,-5.5,-5.34,-5.25,-5.28,-5.26,-4.99,-4.43,-3.7,-3.29,-3.8,-4.43,-5.08,-6.02,-6.55,-6.92,-7.48,-7.2,-6.88,-7.48,-8.06,-8.28,-8.4,-8.72,-9.14,-9.29,-9.63,-9.69,-9,-7.86,-6.63,-6.53,-6.83,-5.94,-4.63,-3.88,-2.48,-1.81,-1.45,-0.37,0.5,0.55,0.04,-1.22,-1.07,-0.34,-0.37,-1.01,-1.28,-1.26,-1.58,-1.86,-2.14,-2.45,-2.73,-3.31,-3.58,-3.41,-3.53,-3.89,-3.99
-9.52,-8.9,-8.63,-8.4,-7.92,-7.65,-7.42,-7.14,-6.94,-6.78,-6.69,-6.98,-7.33,-7.04,-6.28,-5.83,-5.64,-5.29,-4.69,-4.11,-3.65,-3.37,-3.22,-3.05,-2.9,-2.86,-3.36,-3.92,-4.46,-5.42,-6.46,-6.58,-6.56,-6.52,-6.62,-7.15,-7.34,-7.16,-7.12,-7.32,-7.27,-6.92,-7.07,-7.47,-7.75,-7.72,-7.3,-6.85,-6.59,-6.47,-5.64,-3.98,-2.93,-2.08,-2.25,-2.1,-1.38,-0.93,-0.23,-0.29,-1.04,-1.12,-0.57,-0.66,-0.84,-0.94,-1.08,-1.16,-1.22,-1.32,-1.66,-2.15,-2.73,-3.02,-2.97,-2.84,-2.64,-2.57,-2.21
-8.06,-7.97,-8.25,-8.07,-7.65,-7.45,-7.04,-6.68,-6.35,-6.01,-5.91,-5.97,-5.9,-5.62,-5.19,-4.71,-4.13,-3.59,-3.21,-2.99,-2.8,-2.5,-2.25,-2.15,-2.06,-2.4,-3.16,-3.73,-4.03,-4.32,-4.49,-4.74,-4.87,-5.05,-5.31,-5.48,-5.48,-5.45,-5.59,-5.54,-5.16,-5.16,-5.93,-6.71,-6.98,-6.71,-6.23,-5.83,-5.64,-5.58,-4.83,-4.35,-3.96,-2.88,-2.59,-2.54,-2.26,-2.21,-1.86,-1.96,-2.45,-2.36,-2.17,-2.2,-2.38,-2.45,-2.55,-2.57,-2.58,-2.67,-2.78,-2.71,-2.51,-2.26,-2.04,-1.81,-1.48,-1.08,-0.61
-7.2,-7.16,-7.16,-7.27,-7.5,-7.15,-6.64,-6.33,-6.09,-5.62,-5.19,-5.35,-5.46,-5.25,-4.95,-4.32,-3.37,-2.64,-2.44,-2.41,-2.26,-2.14,-2.06,-1.95,-1.85,-1.93,-2.4,-3.06,-3.52,-3.76,-3.87,-3.94,-4.1,-4.29,-4.55,-4.92,-5.24,-5.17,-5.03,-5.22,-5.61,-5.92,-5.99,-5.76,-5.2,-4.58,-4.28,-4.35,-4.46,-4.23,-3.75,-3.48,-3.33,-3.15,-2.94,-2.75,-2.85,-2.99,-3.06,-3.53,-3.78,-3.44,-3.79,-5.06,-5.69,-5.64,-5.62,-5.74,-6.03,-6.2,-6.29,-6.27,-6.02,-5.64,-5.01,-3.9,-2.48,-1.07,0.16
-6.42,-7.15,-7.18,-6.7,-6.42,-6.38,-6.41,-6.17,-5.8,-5.37,-5.07,-5.07,-4.99,-4.72,-4.43,-4.01,-3.27,-2.62,-2.08,-1.6,-1.47,-1.45,-1.26,-1.24,-1.47,-1.78,-2.03,-2.29,-2.47,-2.63,-2.9,-3.19,-3.46,-3.74,-3.92,-3.89,-3.82,-3.73,-3.59,-3.55,-3.52,-3.28,-2.95,-2.59,-2.19,-2.01,-2.25,-2.59,-2.68,-2.42,-1.94,-1.75,-1.82,-1.86,-1.91,-2.04,-2.37,-2.51,-2.31,-2.1,-2.18,-2.58,-2.81,-2.61,-2.78,-3.89,-5.31,-6.14,-6.56,-7.18,-7.92,-8.3,-8.24,-7.97,-7.56,-6.96,-6.05,-5.42,-6.29
-6.18,-6.31,-6.17,-5.99,-5.74,-5.48,-5.42,-5.49,-5.47,-5.3,-5.09,-4.63,-4.23,-4.14,-3.92,-3.48,-2.76,-1.94,-1.28,-0.9,-0.84,-0.75,-0.55,-0.5,-0.64,-0.7,-0.74,-0.82,-0.92,-1.14,-1.14,-1.14,-1.22,-1.37,-1.49,-1.5,-1.52,-1.56,-1.61,-1.68,-1.7,-1.55,-1.43,-1.35,-1.23,-1.06,-0.95,-1.02,-0.89,-0.45,-0.05,0.22,0.15,0.02,-0.01,-0.01,0,0.05,0,-0.26,-0.51,-0.57,-0.48,-0.29,-0.25,-0.43,-0.59,-0.89,-2.07,-4.11,-5.99,-6.98,-7.2,-7.15,-7.08,-6.88,-6.24,-5.26,-4.65
-5.02,-5.1,-4.87,-4.55,-4.31,-4.21,-4.26,-4.31,-4.13,-3.81,-3.72,-3.64,-3.38,-3.27,-3.15,-2.64,-1.76,-0.92,-0.4,-0.13,0.15,0.59,0.9,0.94,0.88,0.84,0.64,0.49,0.85,1.26,1.28,1.27,1.3,1.18,0.96,0.75,0.46,0.15,-0.08,-0.23,-0.25,-0.16,-0.15,-0.13,0.14,0.56,0.96,1.37,1.85,2.3,2.61,2.8,2.8,2.63,2.36,2.05,1.76,1.61,1.54,1.45,1.4,1.46,1.46,1.43,1.46,1.36,1.14,1.01,0.95,0.7,-0.03,-1.66,-4.13,-6.56,-7.95,-8.02,-7.34,-6.41,-6.1
-3.52,-3.29,-2.79,-2.16,-1.62,-1.18,-0.86,-0.71,-0.78,-0.96,-1.09,-1.03,-0.83,-0.57,-0.26,0.12,0.52,0.98,1.6,2.26,2.61,2.72,2.81,2.83,2.74,2.65,2.6,2.47,2.38,2.42,2.48,2.55,2.67,2.7,2.62,2.56,2.53,2.44,2.34,2.31,2.3,2.24,2.17,2.09,2.01,2.1,2.4,2.81,3.21,3.49,3.57,3.47,3.31,3.08,2.8,2.66,2.68,2.7,2.68,2.66,2.69,2.77,2.82,2.79,2.81,2.96,3.19,3.36,3.43,3.34,3.05,2.71,2.47,2.06,0.87,-1.3,-3.45,-4.53,-4.93
1.8,2.16,2.49,2.92,3.34,3.54,3.54,3.51,3.5,3.41,3.28,3.15,3.13,3.2,3.32,3.4,3.4,3.39,3.48,3.69,3.98,4.27,4.46,4.49,4.4,4.28,4.17,4.02,3.79,3.48,3.2,3.07,3.16,3.32,3.55,3.83,4.01,4.06,4.06,4.03,3.95,3.84,3.7,3.47,3.22,3.08,3.07,3.09,3.17,3.44,3.75,3.92,4.18,4.66,5.08,5.15,4.98,4.86,4.84,4.82,4.66,4.47,4.29,4.17,4.17,4.14,4.04,4.05,4.27,4.56,4.58,4.34,4.33,4.72,4.92,4.29,3.06,1.72,-0.41
4.13,4.14,4.21,4.31,4.42,4.58,4.82,5.11,5.35,5.46,5.39,5.22,5.04,4.91,4.85,4.84,4.88,4.94,4.97,4.97,4.97,5,4.96,4.89,4.91,5.06,5.22,5.3,5.43,5.5,5.39,5.16,4.99,4.95,4.95,4.98,5.1,5.32,5.55,5.74,5.84,5.91,5.98,6,5.87,5.57,5.24,5.16,5.49,6.09,6.66,7.03,7.22,7.25,7.11,6.76,6.34,5.84,5.3,4.82,4.47,4.25,4.05,3.87,3.74,3.65,3.48,3.28,3.24,3.42,3.68,3.8,3.7,3.25,2.36,1.61,1.08,0.23,-1.41
5.41,5.23,5.03,4.95,4.99,5.13,5.32,5.49,5.6,5.64,5.64,5.62,5.62,5.67,5.77,5.9,6.02,6.07,6.08,6.1,6.16,6.23,6.24,6.11,5.83,5.5,5.27,5.23,5.35,5.58,5.94,6.25,6.37,6.14,5.71,5.28,5.09,5.17,5.45,5.85,6.22,6.47,6.56,6.6,6.63,6.55,6.31,5.93,5.49,5.07,4.72,4.55,4.57,4.7,4.83,4.95,5.09,5.23,5.26,5.04,4.5,3.86,3.3,2.89,2.54,2.18,1.85,1.64,1.57,1.56,1.41,0.99,0.28,-0.44,-0.88,-0.83,-0.37,0.41,1.3
5.29,5.23,5.18,5.14,5.15,5.24,5.36,5.5,5.63,5.73,5.8,5.86,5.94,6.05,6.21,6.39,6.54,6.59,6.53,6.38,6.24,6.15,6.12,6.12,6.1,6.01,5.87,5.7,5.57,5.55,5.71,6.06,6.49,6.82,6.85,6.58,6.15,5.77,5.54,5.45,5.41,5.34,5.19,5.02,4.87,4.78,4.73,4.72,4.77,4.86,4.98,5.09,5.12,5.04,4.87,4.68,4.51,4.35,4.21,4.08,3.97,3.85,3.7,3.52,3.34,3.15,2.9,2.52,2.04,1.54,1.2,1.12,1.34,1.61,1.7,1.68,1.92,2.69,3.31
4.94,5.01,5.09,5.17,5.26,5.36,5.49,5.65,5.84,6.05,6.23,6.35,6.35,6.25,6.11,5.95,5.81,5.73,5.71,5.75,5.82,5.92,6.02,6.09,6.14,6.12,6.06,5.95,5.83,5.74,5.7,5.7,5.73,5.75,5.78,5.78,5.76,5.74,5.76,5.83,5.95,6.04,6.05,5.97,5.83,5.69,5.57,5.46,5.36,5.25,5.15,5.06,5.01,4.98,4.95,4.91,4.83,4.7,4.52,4.3,4.06,3.83,3.62,3.41,3.17,2.92,2.67,2.45,2.28,2.16,2.05,1.94,1.83,1.72,1.6,1.34,0.78,-0.07,-0.97
