static/gfs.json
{"header": {"discipline":0,"disciplineName":"Meteorological products","gribEdition":2,"gribLength":75959,"center":7,"centerName":"US National Weather Service - NCEP(WMC)","subcenter":0,"refTime":"2017-05-22T06:00:00.000Z","significanceOfRT":1,"significanceOfRTName":"Start of forecast","productStatus":0,"productStatusName":"Operational products","productType":1,"productTypeName":"Forecast products","productDefinitionTemplate":0,"productDefinitionTemplateName":"Analysis/forecast at horizontal level/layer at a point in time","parameterCategory":2,"parameterCategoryName":"Momentum","parameterNumber":3,"parameterNumberName":"V-component_of_wind","parameterUnit":"m.s-1","genProcessType":2,"genProcessTypeName":"Forecast","forecastTime":0,"surface1Type":103,"surface1TypeName":"Specified height level above ground","surface1Value":10,"surface2Type":255,"surface2TypeName":"Missing","surface2Value":0,"gridDefinitionTemplate":0,"gridDefinitionTemplateName":"Latitude_Longitude","numberPoints":65160,"shape":6,"shapeName":"Earth spherical with radius of 6,371,229.0 m","gridUnits":"degrees","resolution":48,"winds":"true","scanMode":0,"nx":360,"ny":181,"basicAngle":0,"subDivisions":0,"lo1":0,"la1":90,"lo2":359,"la2":-90,"dx":1,"dy":1,"convert-by":"Asper","site":"https://airmap.g0v.asper.tw"}, "data":
[rows 74 to 110 of 181, columns 249 to 331 of 360]
-3.06,-2.81,-2.42,-2.23,-2.11,-2.15,-2.41,-2.82,-2.49,-2.11,-1.46,-1.14,-1.21,-1.49,0.51,-0.28,0.95,2.86,1,-1.78,-0.33,0.56,-1.48,0.01,0.92,1.66,2.98,1.35,-0.45,-1.37,-1.14,-1.42,-1.58,-2.12,-2.51,-2.23,-1.54,-1.17,-0.95,-1.28,-1.92,-2.14,-1.79,-1.43,-1.21,-1.38,-1.35,-0.5,-0.09,-0.35,-0.56,-0.54,-0.41,-0.4,0.18,-0.03,-0.29,-0.17,-0.17,-0.39,-0.86,-1.09,-1.31,-1.38,-1.19,-1.07,-1.02,-1.07,-1.05,-1.2,-1.23,-1.38,-1.65,-1.93,-2.4,-2.9,-3.43,-3.84,-3.93,-4.07,-4.33,-4.41,-4.6
-3.15,-2.86,-2.43,-1.76,-1.66,-1.89,-2.29,-2.2,-2.05,-1.88,-1.64,-1.11,-1.19,-1.42,2.38,3.36,4.34,4.15,4.67,-1.09,-0.29,-0.65,-0.28,0.52,1.04,0.31,-0.55,-0.39,-0.44,-1.41,-1.8,-1.98,-2.25,-2.67,-2.65,-2.19,-1.66,-1.19,-0.93,-1.07,-1.42,-1.5,-0.95,-0.65,-1.01,-1.15,-1.25,-0.96,-1.07,-0.78,-0.38,-0.89,-1.04,-0.93,-0.58,-0.54,-0.37,-0.37,-0.83,-1.26,-1.5,-1.72,-1.67,-1.58,-1.47,-1.19,-1.09,-1.23,-1.2,-1.27,-1.44,-1.61,-1.82,-2.15,-2.63,-3.02,-3.39,-3.58,-3.83,-4.01,-4.09,-4.35,-4.7
-3.26,-3.13,-2.65,-2.19,-1.96,-1.75,-2.13,-2.18,-1.85,-1.95,-1.77,-1.78,-1.87,-1.61,2.84,3.83,3.72,4.26,4.56,4.1,0.84,-0.99,0.06,-1.05,-1.95,-0.89,-0.62,-0.91,1.4,0.25,-1.26,-2.29,-2.71,-2.36,-2.3,-1.98,-1.37,-0.83,-0.71,-0.66,-0.7,-0.61,-0.47,-0.78,-1.06,-1.37,-1.48,-1.31,-1.24,-1.27,-1.24,-1.67,-1.66,-1.01,-0.48,-0.19,-0.25,-0.59,-1.09,-1.48,-1.79,-1.98,-1.97,-1.82,-1.39,-1.17,-1.13,-1.27,-1.5,-1.61,-1.74,-1.88,-2.02,-2.22,-2.54,-3,-3.29,-3.64,-3.76,-3.66,-3.99,-4.21,-4.01
-2.95,-2.96,-2.74,-2.44,-1.96,-2.07,-2.12,-1.96,-1.56,-1.63,-1.4,-1.67,-2.56,-1.48,1.93,3.63,4.2,5.13,4.9,4.23,4.91,3.97,1.95,1.8,-0.8,-1.26,-1.01,-0.63,2.5,1.06,-0.51,-1.59,-2.33,-2.72,-2.75,-2.76,-2.44,-1.47,-1.16,-0.81,-0.94,-0.63,-0.74,-1.18,-1.51,-1.4,-1.2,-0.86,-0.76,-1.14,-2.07,-1.66,-1.57,-1.06,-0.86,-0.16,-0.32,-0.71,-1.28,-1.83,-2.19,-2.23,-2.42,-2.36,-1.98,-1.85,-1.84,-1.85,-1.82,-1.78,-1.8,-1.94,-2.21,-2.5,-2.77,-3.08,-3.3,-3.36,-3.45,-3.65,-3.73,-3.6,-3.79
-2.58,-2.35,-2.25,-2.33,-2.09,-1.64,-1.86,-2.53,-2.18,-2.42,-1.81,-2.13,-2.35,-1.19,1.59,3.09,4.3,4.66,4.12,4.36,3.37,4.08,3.67,1.59,-0.02,0.46,-1.52,-1.03,-0.93,-0.51,-0.85,-2.49,-2.97,-3.14,-3.14,-3.72,-3.3,-2.22,-1.43,-0.78,-1.36,0.24,-0.39,-1.51,-1.86,-1.85,-1.04,-0.82,-0.73,-1.25,-1.75,-1.68,-1.58,-1.53,-0.75,-0.67,-1.12,-1.89,-2.1,-2.28,-2.2,-2.21,-2.35,-2.4,-2.34,-2.41,-2.56,-2.5,-2.48,-2.57,-2.6,-2.72,-2.94,-3.2,-3.26,-3.31,-3.4,-3.43,-3.32,-3.27,-3.49,-3.65,-3.63
-2.83,-2.56,-2.1,-2.03,-1.98,-1.86,-2.22,-1.92,-0.7,-0.47,-1.25,-1.16,0.23,-0.58,1.12,3.32,4.08,4.06,3.19,2.77,0.61,0.28,2.95,1.73,-0.61,-2.54,0.88,-0.07,0.77,0.75,-0.87,-1.46,-2.79,-3.56,-3.86,-4.72,-4.44,0.4,-0.19,-1.46,-0.96,0.55,-0.13,-2.81,-2.14,-2.88,-2.13,-0.03,-0.73,-1.05,-0.93,-1.77,-1.95,-1.91,-1.74,-1.6,-1.59,-1.9,-2.39,-2.1,-2.28,-2.69,-2.69,-2.6,-2.74,-2.89,-2.9,-2.99,-3.15,-3.27,-3.38,-3.74,-4.59,-4.77,-4.26,-4.3,-4.34,-4.15,-4.03,-3.83,-3.52,-4.03,-3.66
-3.25,-2.64,-2.33,-2.43,-3.12,-2.68,-1.59,1.28,2.8,3.22,2.41,1.74,1.98,2.07,2.28,3.19,3.66,3.67,2.88,2.55,2.46,0.95,0.17,3.21,3.98,3.83,1.09,-0.01,1.25,-0.84,-1.2,-1.1,-1.88,-2.93,-1.25,-1.2,-0.01,-0.1,-0.06,-4.32,-0.13,-0.28,-2.29,-2.42,-1.85,-2,-0.46,0.04,-1.36,-0.95,-1.96,-2.33,-2.48,-2.54,-2.8,-2.56,-2.43,-2.15,-2.05,-2.22,-2.78,-2.6,-2.97,-3.24,-3.29,-3.02,-2.98,-3.09,-3.41,-3.51,-4,-4.18,-4.42,-4.69,-5.31,-5.63,-5.32,-5.67,-6.01,-5.85,-5.49,-4.8,-4.4
-3.49,-3.41,-2.66,-2.1,-1.52,-3.07,2.63,3.39,4.12,4.51,4.48,3.36,3.22,3.18,2.95,2.34,2.99,3.5,3.07,4.37,2.04,1.29,0.35,0.01,0.57,-0.05,-1.36,0.79,-0.36,1.82,0.85,0.11,-0.96,-0.07,-1.48,-0.04,-0.42,-0.22,0.3,-0.36,0.82,-1.01,-1.41,-1.3,-2.51,-2.26,-0.97,-1.79,-1.59,-0.93,-0.55,-2.04,-2.71,-3.16,-3.2,-3.2,-3.11,-2.65,-3.03,-3.2,-3.21,-3.28,-3.21,-3.46,-3.67,-3.91,-4.33,-4.15,-3.8,-3.47,-4.15,-4.39,-4.24,-4.26,-4.47,-4.72,-5.06,-5.04,-4.8,-5.01,-4.82,-5.28,-6.04
-4.58,-3.93,-2.11,-0.14,2.23,1.44,5.63,4.91,4.81,4.9,5,4.58,4.82,3.84,3.54,3.09,3.68,4.24,5.08,3.7,2.98,3.01,3.77,0.22,1.25,-1.05,-0.04,0.71,0.71,0.44,0.36,-3.35,-1.52,0.53,1.03,0.63,-0.32,-0.76,0.89,0.18,-1.06,-1.47,-2.14,-1.79,-2.14,-1.96,-0.8,-1.46,-0.97,-0.3,0.52,-0.26,-1.89,-2.75,-3.07,-3.9,-3.65,-4.48,-4.49,-4.48,-4.7,-4.51,-4.58,-4.98,-5.22,-4.55,-3.29,-2.41,-2.24,-2.41,-2.37,-2.57,-2.71,-2.51,-2.6,-2.73,-3.01,-3.86,-3.95,-4.75,-5.57,-5.97,-6.36
3.04,0.58,2.24,3.2,4.64,4.55,4.61,6.56,7.39,5.96,5.06,4.71,4.29,4.25,4.67,4.47,3.4,4.15,4.34,4.24,4.88,4.59,3.61,4.19,2.96,3.01,2.05,0.92,-0.92,-1.44,-2.67,-2.19,-1.04,0.61,0.64,-0.92,-0.09,0.51,-0.21,0.39,0.51,-0.35,-0.09,-2.38,-1.14,1.27,1.03,-0.17,-0.87,-0.39,-0.27,-0.33,-0.99,-1.52,-2.27,-1.34,-3.09,-3.23,-3.13,-3.13,-3.38,-4.53,-5.01,-2.92,-1.48,-0.98,-1.31,-1.38,-1.2,-1.16,-1.44,-1.29,-1.58,-1.78,-1.78,-1.65,-1.97,-2.07,-2.32,-2.23,-2.37,-2.82,-2.94
3.8,3.71,5.25,5.75,5.73,6.23,6.51,6.42,6.69,6.57,6.3,5.78,5.65,5.69,5.59,5.38,5.99,5.53,4.79,4.44,4.16,4.39,4.18,4.17,5.18,2.72,2.87,1.69,-0.34,0.49,1.1,-1.04,0.15,1.35,0.03,0.04,-0.15,0.29,0.96,-1.58,-1.62,-2.24,-2.05,-0.71,0.68,0.59,-0.45,-0.75,-1.24,-0.87,-0.15,-0.22,-0.51,-0.71,-0.9,-0.13,0.51,0.6,-0.05,-1.73,-2.24,-2.57,-2.31,-1.31,-0.35,-0.25,-0.25,-0.41,-0.12,-0.03,-0.06,-0.11,-0.24,-0.58,-0.98,-0.89,-0.46,-0.64,-0.47,-0.21,-0.85,-0.32,0.78
3.37,4.14,5.97,6.02,5.4,5.57,5.81,6.53,6.84,6.83,6.64,6.44,6.23,5.99,5.87,5.96,5.1,5.11,5.03,4.75,5.28,5.5,5.68,4.71,4.15,5.45,5.29,3.97,2.83,2.66,0.79,0.65,1.29,1.19,1.04,-0.13,-0.11,0.19,-1.76,-1.69,-1.54,-1.18,0.74,1.28,0.15,-0.74,-0.86,-0.2,0.27,-1.57,-1.27,-2.09,-1.26,-1.28,-0.55,-0.42,-0.46,0.11,0.34,-0.12,-2.07,-1.59,-1.03,-0.47,0.55,0.25,0.19,0.26,0.41,1.02,1.28,1.35,1.16,1.16,1.24,0.92,0.89,1.21,1.36,1.61,1.93,2.47,2.85
5.81,5.37,5.3,5.35,5.45,5.56,6.03,6.47,6.72,6.72,6.53,6.17,6.05,5.99,5.9,5.63,5.6,5.52,5.16,4.33,5.23,5.58,5.29,5.22,5.23,5.17,4.35,3.85,4.21,4.01,3.12,2.06,-0.05,-0.72,0.75,1.26,0.45,-0.37,-1.64,-0.57,-0.97,-1.16,-1,-0.59,-1.29,-0.8,-1.43,0.19,-0.38,-1.11,-1.23,-1.91,-2.36,-0.72,-0.4,-0.43,-0.15,-0.15,0.16,0.14,-0.36,0.03,0.11,0.76,0.8,0.86,0.74,0.85,0.47,0.32,0.19,0.28,0.56,0.96,1.59,2.23,2.57,2.66,2.74,2.6,2.29,1.8,1.73
4.8,4.69,4.53,4.6,4.89,5.42,5.58,5.7,5.82,5.74,5.69,5.56,5.45,5.26,5.4,5.78,5.84,5.45,5.02,4.52,5.39,5.25,4.36,4.06,4.15,3.24,3.39,3.35,4.3,4.21,4,2.74,1.61,3.14,0.07,-0.53,0.22,-0.53,-0.35,-0.34,-0.92,-0.86,-0.1,-1.12,0.7,-0.31,-1.07,0.36,0.31,0.15,-0.45,-1.41,-1.53,-0.73,-0.42,-0.29,-0.19,-0.21,-0.31,-0.07,0.6,1.62,2.18,1.55,1.39,1.06,0.98,0.63,0.74,0.66,0.74,0.55,0.52,0.7,0.84,1.27,1.56,1.65,1.72,1.78,1.76,1.87,2.28
3.7,3.64,3.66,3.85,3.92,4.23,4.81,5.05,5.15,5.11,4.83,4.77,4.97,5.05,4.95,5.06,5.33,5.33,5.02,3.72,3.94,4.43,4.42,4.16,3.66,2.99,2.51,2.71,2.71,2.17,1.49,1.05,0.91,0.55,0.33,-0.27,-0.43,-1.14,-1.08,-0.48,-0.39,-0.41,-0.87,-0.18,-0.53,0.68,0.74,0.06,-0.92,0.07,-0.48,-0.89,-0.16,-0.45,-0.78,-1.05,-0.67,-0.6,-0.1,-0.5,0.28,0.74,0.88,1.02,0.91,1.04,1.13,1.12,0.85,0.65,0.29,0.47,0.78,1.09,1.27,1.24,1.41,1.48,1.45,1.57,1.82,2.02,2.22
3.01,2.7,2.82,2.72,2.72,3.25,3.85,4.03,4.2,4.07,3.85,3.89,3.88,4.15,4.08,4.31,4.68,4.62,4.2,1.72,2.3,3.81,4.18,4.33,4.41,4.2,3.7,3.32,2.83,2.22,1.09,1.25,-0.34,1.24,-0.2,-1.41,-0.08,-0.96,0.32,0.92,0.91,0.1,0.58,0.49,0.62,0.43,-0.1,-0.25,-0.17,-1.03,-0.47,-0.19,-0.79,-0.85,-0.61,-0.75,-0.33,-0.22,-0.36,-0.48,-0.85,-0.53,0.14,0.71,0.75,0.66,0.59,0.92,0.9,1.21,1.38,0.75,0.29,0.53,0.61,0.72,0.8,1.22,1.28,1.45,1.59,1.82,1.95
2.06,1.99,1.83,1.7,2.26,2.85,3.22,3.6,3.55,3.07,2.82,2.66,3.09,3.07,3.25,3.55,3.48,3.51,3.32,2.25,3.99,3.96,3.84,3.94,4.26,4.75,4.58,4.39,3.81,2.65,1.32,-0.12,-0.73,0.97,-0.76,0.59,0.45,0.7,0.1,0.23,0.08,0.65,0.36,0.09,0.48,-0.04,-0.54,-0.06,-0.16,-0.72,-0.79,-0.66,-0.89,-0.31,-0.13,-0.02,-0.06,-0.41,-0.07,-0.66,-2.49,-0.64,-0.36,-0.31,0.03,-0.03,-0.37,-0.17,0.72,0.89,1.01,1.3,1.1,1.34,0.76,0.7,0.46,0.6,0.92,1.3,1.57,1.64,1.71
1.57,1.69,1.82,2.46,2.73,3.13,3.12,3.14,3.19,2.81,2.44,2.37,2.87,3.43,3.35,2.98,2.72,3.22,3.12,3.11,1.45,2.98,3.45,4.04,4.5,4.8,5.07,4.7,4.74,4.44,3.27,-0.57,0.78,-0.42,0.65,0.72,0.99,1.08,0.94,-0.75,-0.57,-0.55,0.25,0.43,0.82,0.5,-0.22,-0.18,0,-0.4,0.13,0.06,0.03,-0.17,-0.6,-0.58,-0.77,-0.52,-0.92,-1.16,-0.82,-0.63,-0.22,0.09,0.17,0,-0.84,-0.76,0.19,0.48,1.14,2.06,2.06,2.23,2.2,2.25,1.32,0.73,0.87,1.19,1.23,1.35,1.3
1.52,1.75,2.25,2.56,3.12,3.12,3.12,3.31,3.49,3.33,3.07,2.91,3.02,2.9,3.13,3.59,3.73,3.74,3.41,3.28,3.09,3.54,4.12,4.78,4.56,4.91,5.3,5.53,5.67,5.07,2.05,1.56,-0.8,-0.23,0.6,-0.3,0.76,0.87,0.71,0.85,-0.08,-0.54,0.21,0.99,0.92,0.47,-0.24,-0.44,-0.68,-0.34,0.22,0.24,0.16,0.03,-0.22,-0.51,-1.57,-1.76,-0.98,-1.13,-0.94,-0.91,-0.39,-0.4,-0.29,-0.25,-0.06,-1.48,-1.43,0.59,1.18,2.45,2.96,3.19,3.43,3.45,2.87,2.27,1.59,1.39,1.06,0.92,1.31
1.71,2.35,2.69,2.85,2.91,3.17,3.2,3.32,3.48,3.78,3.79,3.54,3.22,3.2,3.17,3.55,3.99,4,3.66,3.69,3.92,3.88,3.43,4,4.33,4.8,5.45,5.85,6.14,6.05,3.22,-1.48,-1.43,0.23,-0.37,-0.34,-0.17,0.32,0.56,0.46,0.57,0.84,0.51,0.57,0.86,1.03,0.67,-0.19,-0.4,-0.14,0.27,0.39,-0.12,-0.26,-0.21,-0.63,-0.53,-0.41,-0.71,-0.72,-0.71,-0.69,-0.77,-0.62,-0.67,-0.92,-1.21,-0.48,0.11,-0.34,3.28,2.18,3.33,3.67,3.19,3.31,3.63,3.54,3.07,2.59,1.48,0.85,0.76
2.71,3.02,3.32,3.24,3.01,3.02,3.02,2.96,3.06,3.27,3.56,3.8,3.81,4,3.43,3.29,3.71,4.05,4.07,4.6,4.5,4.52,4.12,4.23,4.6,5.07,5.52,5.77,5.31,7.11,2.97,0.43,0.06,0.43,-0.14,-0.8,-0.67,-0.53,0.21,0.38,0.45,0.28,0.41,0.43,0.39,0.39,0.59,0.48,0.19,0.15,0.34,0.43,-0.17,-0.14,-0.53,-0.87,-0.41,-0.4,-0.63,-0.76,-0.76,-0.61,-0.53,-0.34,-0.73,-0.69,-1.07,-1.28,-1.28,-0.26,0.16,1.21,2.46,4.7,4.46,4.05,3.73,3.71,3.86,3.86,3.3,3.05,1.97
3.47,3.37,3.31,3.12,2.72,2.27,2.1,2.2,2.53,2.85,3.29,3.67,3.93,3.93,4.41,4.11,3.97,4.5,4.25,4.02,4.15,4.05,4.52,4.54,5.06,5.38,5.81,6.06,5.42,5.53,3.72,0.17,-0.24,1.12,0.39,-0.63,-0.86,-0.6,0.43,0.66,0.77,0.19,0.31,0.63,0.62,0.59,0.61,0.32,0.5,0.43,0.44,0.36,0.43,0.3,0.5,0.87,-0.53,-0.43,-0.62,-0.34,-0.2,0.09,-0.74,-0.76,-0.64,-1.02,-1.38,-1.51,-0.43,0.27,-0.91,0.63,0.73,1.9,3.35,4.37,4.17,3.68,3.61,3.64,3.85,3.87,3.39
3.11,3.07,2.89,2.56,2.34,2.11,2.18,2.59,2.92,3.18,3.48,3.79,3.75,3.56,3.5,4.18,4.5,4.49,4.51,4.31,4.36,4.9,5.22,5.65,5.34,5.54,5.81,6.11,5.62,5.1,4.63,3.23,0.25,0.82,0.39,-0.01,-0.93,-0.55,-0.31,0.42,1.05,1.04,0.11,0.38,0.43,0.15,0.19,-0.03,0.11,-0.18,-0.15,-0.15,0.23,-0.28,-0.3,0.21,0.78,-0.27,-0.02,-0.15,-0.54,0.05,0.03,0.14,-0.14,1.06,1.7,2.1,-0.05,0.53,-0.65,-0.65,0.37,2.5,1.51,3.48,4.05,3.22,2.89,2.67,2.7,3.03,3.5
3.27,3.01,2.7,2.62,2.45,2.1,2.18,3.1,3.6,3.82,4.01,3.98,3.96,3.84,3.51,3.73,4.35,5.04,5.42,5.41,5.18,5.22,5.68,5.87,5.9,5.87,5.63,5.42,5.05,5.4,4.37,4.13,-0.16,-0.45,-0.89,-0.27,-0.86,-0.63,-0.81,0.01,0.29,0.74,0.69,0.29,-0.05,-0.31,-0.46,-0.15,-0.51,-0.59,-0.79,-0.74,-0.45,-0.31,-0.59,0.24,0.46,0.98,0.39,0.61,0.93,0.42,-0.15,-0.08,0.48,0.67,0.36,1.3,2.19,1.67,0.37,1.72,2.28,1.33,3.97,2.6,1.68,2.53,2.41,2.25,2.14,2.08,2.56
2.79,2.6,2.61,2.68,2.74,2.92,3.44,3.7,4.33,4.17,3.93,4.16,4.15,4.19,4.17,4.46,4.76,4.96,5.04,5.03,5.51,5.94,5.84,6.09,6.19,6.25,5.95,5.8,5.36,5.79,6.08,4.18,1.55,-0.16,0.44,0.72,-0.41,-0.53,-0.92,-0.75,-0.23,0.42,0.45,0.03,-0.19,-0.36,-0.55,-0.38,-0.38,-0.46,-0.39,-0.45,-0.74,-0.46,0.16,0.54,0.65,0.39,0.27,0.35,0.36,-0.07,0.03,0.13,0.88,1.59,1.67,1.39,1.17,2.12,3.05,1.96,2.48,1.24,1.39,1.8,1.31,1.4,1.63,2.1,2.22,2.09,2.24
2.6,2.9,3.07,3.1,3.16,3.77,4.04,4.06,3.78,3.9,3.85,4.04,4.12,4.32,4.68,4.6,4.65,4.72,5.12,5.27,5.65,6.12,6.53,6.46,6.4,6.46,6.39,5.99,5.91,5.78,6.2,5.64,5.03,-1.94,-1.05,0.84,-0.04,-0.02,-0.86,-0.55,-0.31,0.17,0.18,0.34,0.15,-0.09,0.6,-0.08,0.23,0.45,-0.28,-0.18,-0.01,0.47,0.34,0.22,0.2,0.93,0.51,0.12,0.35,0.47,0.15,-0.04,0.14,0.5,1.4,1.4,1.76,1.42,1.39,1.47,2.49,1.78,1.84,1.06,1.52,0.44,0.97,1.59,2.16,2.33,2.35
2.86,3.49,3.58,3.76,3.85,3.97,4.12,3.45,3.42,3.8,3.97,4.22,4.26,4.23,4.39,4.49,4.66,4.93,5.14,5.5,5.87,6.16,6.41,6.72,6.79,6.66,6.53,6.44,6,6.01,6.04,6.26,5.57,0.6,-1.71,0.88,0.06,0.56,-0.62,-0.77,-0.81,-0.66,-0.46,-0.29,0.31,0.57,0.77,0.54,0.61,0.3,0.6,0.19,0.27,0.19,0.79,0.92,0.22,0.6,0.65,0.65,0.67,0.59,0.98,0.77,0.5,1.22,1.04,0.96,1.74,0.83,3.32,3.21,2.36,2.36,1.17,3.21,4.89,3.65,1.65,0.86,1.57,2.1,2.43
3.53,3.96,4.13,4.14,4.09,3.61,3.58,3.69,3.65,3.79,3.97,4.18,4.31,4.5,4.6,4.86,5.11,5.22,5.27,5.57,5.99,6.39,6.63,6.87,6.86,7,6.63,6.17,6.1,5.86,6.01,6.12,5.9,5.11,-0.67,-1.88,1.05,0.51,-0.19,-0.7,-0.97,-0.96,-0.91,-0.8,-0.41,0.33,0.57,0.33,0.98,0.84,0.31,0.7,0.48,0.48,0.51,0.75,0.57,0.52,0.68,0.87,1.58,0.83,1.09,-0.16,0.04,0.49,0.62,-0.25,0.16,2.77,2.63,1.49,1.51,1.46,2.8,4.58,5.58,5.75,5.1,2.68,1.23,1.52,2.19
3.65,3.83,3.82,3.74,3.55,3.5,3.35,3.66,4.08,4.01,4,4,4.28,4.53,4.82,5.07,5.26,5.5,5.59,5.79,6.16,6.25,6.4,6.42,6.45,6.65,6.66,6.11,5.63,5.69,6.09,5.84,5.81,5.55,1.09,-2.26,-0.63,2.31,0.92,-0.13,-0.5,-0.9,-1.06,-0.96,-0.75,-0.23,0.23,0.52,0.73,0.26,0.78,0.69,0.24,0.51,0.41,0.54,0.52,0.51,0.53,0.69,1.72,1.89,1.49,1.1,0.27,0.04,0.2,1.27,1.55,2.06,0.73,0.99,0.75,0.45,2.56,3.51,4.42,5.23,5.86,5.7,5.17,3.82,2.87
2.8,2.8,2.72,2.82,2.87,3.11,3.54,3.79,4.18,4.51,4.6,4.54,4.31,4.28,4.35,4.67,4.97,5.09,5.35,5.55,5.96,6.56,6.37,6.47,6.43,6.18,6.33,6.07,5.55,5.3,5.87,5.66,5.62,6.38,4.14,-0.65,-2.33,0.04,1.35,-0.4,1.27,0.78,-0.04,-1.01,-1.47,-0.28,1.03,1.43,1.3,1,0.09,0.36,0.6,0.59,0.28,0.46,0.55,0.58,0.68,1.06,1.73,1.14,1.87,1.61,1.16,0.53,0.4,-0.15,-0.06,-0.66,1.4,1.11,0.42,1.7,2.75,3.6,3.88,4.2,4.79,5.83,6.15,5.96,5.89
2.11,1.98,2.13,2.4,2.75,3.04,3.33,3.81,4.14,4.37,4.74,4.82,4.62,4.47,4.44,4.68,4.93,4.89,4.91,5.21,5.41,5.53,5.8,5.95,6.26,6.19,6.02,5.95,5.38,4.72,4.84,5.23,5.43,6.18,7.17,1.95,1.3,-1.54,-0.22,-0.97,-2.85,-2.12,-0.08,-0.33,0.68,1.29,1.49,1.18,1.1,0.94,0.32,-0.12,0.73,0.39,-0.12,-0.16,0.49,0.71,1.23,1.13,1.28,0.68,1.04,0.93,1.4,-0.03,1.25,0.97,0.78,0.58,-0.28,1.29,0.98,2.35,2.83,3.26,3.75,4.28,4.87,5.21,5.62,6.17,6.35
1.71,1.72,1.97,2.18,2.48,3.04,3.53,3.84,4.05,4.05,3.96,3.94,4.19,4.46,4.83,5.14,5.19,5.2,5.24,5.36,5.49,5.5,5.64,5.76,5.72,6.03,5.81,5.68,5.7,5.13,4.38,4.97,4.99,5.6,6.02,6.06,1.08,-0.4,-1.6,-2.95,-0.22,-0.95,-2.01,-0.37,0.84,1.46,2.05,1.66,1.23,0.89,0.78,0.86,-0.2,0.72,0.49,0.29,0.91,-0.13,-0.26,0.84,1.26,1.03,1.22,-0.17,0.98,-0.23,-0.85,0.87,0.01,0.65,0.88,0.6,0.74,1.3,2.01,2.24,2.81,3.38,4.07,4.78,5.61,6.3,6.77
1.19,1.43,1.77,2.11,2.5,2.74,3.05,3.23,3.19,3.34,3.49,3.93,4.31,4.32,4.31,4.3,4.4,4.58,4.92,5.19,5.39,5.48,5.4,5.08,5.1,5.32,5.53,5.42,5.64,5.68,4.98,4.61,5.1,4.97,5.42,5.79,3.91,2.62,-1.54,0.07,1.05,-0.07,0.02,-0.58,-0.16,0.1,0.97,1.12,1.54,1.48,0.89,1.12,0.95,1.14,1.47,1.66,0.38,-0.31,0.02,1.19,1.28,0.72,0.5,-1.65,-1.08,0.12,-0.7,1.21,0.32,-0.72,0.71,0.6,0.33,0.4,1.09,1.92,2.8,3.57,4.08,4.69,5.44,6.13,7.18
1.87,1.77,1.82,2.08,2.04,2.3,2.7,2.97,2.96,2.85,2.84,3.22,3.69,3.99,4.3,4.44,4.47,4.42,4.35,4.75,5,5.31,5.62,5.6,5.27,5.3,5.22,4.96,5.17,5.69,6.05,5.22,4.78,5.09,5.17,5.21,4.5,4.37,4.46,1.56,0.18,2.14,-1.84,-0.27,1.02,-1.04,-0.55,0.3,0.87,1.15,1.02,0.19,1.19,1.41,1.65,1.66,1.14,0.39,1.2,1.51,1.34,1.33,0.56,-1.03,-1.41,-0.33,-0.11,-0.78,-0.13,-1.07,0.46,-1.02,-1.64,-0.15,1.21,1.87,2.44,3.36,4.27,4.97,5.52,5.99,6.46
1.13,1.26,1.78,1.47,1.64,2.03,2.53,2.45,2.26,1.99,2.39,3,3.47,3.92,4.31,4.33,4.46,4.41,4.35,4.18,4.74,5.06,5.35,5.75,5.66,5.24,5.15,5.12,4.93,4.96,5.75,5.48,5.38,4.44,4.58,5.16,4.4,3.43,3.22,3.39,0.42,0.51,1.08,-1.44,-1.01,-0.97,0.03,-1.66,1.16,0.95,1.17,1.51,0.54,1.4,1.77,1.82,1.39,0.7,0.17,0.42,0.7,0.62,0.17,-1.23,-0.23,-0.65,-1.27,-2.06,-0.69,-1.17,-1.2,-0.86,-2.75,-0.49,0.57,1.53,2.08,2.75,3.39,3.99,4.78,5.29,5.86
0.42,0.7,0.83,1.14,1.11,1.58,2.27,3.1,3.39,3.54,3.63,3.64,3.55,3.85,4.39,4.74,5.03,4.89,4.36,4.16,4.44,4.77,4.99,5.2,5.47,5.41,5.11,5.04,5.04,4.91,4.86,5.1,5.15,4.79,3.97,4.14,4.41,2.96,2.9,2.85,1.88,0.59,-0.41,-0.3,-0.97,-0.92,-0.75,-0.53,-0.25,0.12,0.29,-0.35,0.77,0.34,1.71,1.76,0.42,1.49,1.14,1.34,1.62,0.55,0.41,-0.37,-0.49,-1.05,-1,-0.82,-0.32,-0.42,-2.52,-1.42,-3.43,-1.69,-0.55,0.85,1.88,2.83,3.61,4.12,4.54,4.97,5.5
-0.43,-0.02,0.04,0.53,0.65,1.11,2.14,2.77,3.16,3.42,3.49,3.29,3.07,3.29,3.83,4.39,4.86,5.3,5.08,4.31,4.42,4.37,4.49,4.56,4.83,5.11,4.95,4.66,4.81,4.68,5.11,4.7,5.05,5,5.37,4.42,3.9,3.4,2.92,2.39,1.47,-0.2,-2.35,0.13,-0.4,0.09,-0.28,-1.56,-0.57,-0.79,-0.33,-0.18,0.38,0.92,1.32,1.99,0.02,0.17,1.22,1.28,1.45,1.04,-0.76,-0.96,-0.74,-1.26,-0.89,-0.55,-1.39,-0.63,-2.18,-5.71,-3.79,-2.49,-0.78,0.42,1.2,1.9,2.29,2.97,3.16,3.65,4
