static/gfs.json
{"header": {"discipline":0,"disciplineName":"Meteorological products","gribEdition":2,"gribLength":76442,"center":7,"centerName":"US National Weather Service - NCEP(WMC)","subcenter":0,"refTime":"2017-05-16T18:00:00.000Z","significanceOfRT":1,"significanceOfRTName":"Start of forecast","productStatus":0,"productStatusName":"Operational products","productType":1,"productTypeName":"Forecast products","productDefinitionTemplate":0,"productDefinitionTemplateName":"Analysis/forecast at horizontal level/layer at a point in time","parameterCategory":2,"parameterCategoryName":"Momentum","parameterNumber":3,"parameterNumberName":"V-component_of_wind","parameterUnit":"m.s-1","genProcessType":2,"genProcessTypeName":"Forecast","forecastTime":0,"surface1Type":103,"surface1TypeName":"Specified height level above ground","surface1Value":10,"surface2Type":255,"surface2TypeName":"Missing","surface2Value":0,"gridDefinitionTemplate":0,"gridDefinitionTemplateName":"Latitude_Longitude","numberPoints":65160,"shape":6,"shapeName":"Earth spherical with radius of 6,371,229.0 m","gridUnits":"degrees","resolution":48,"winds":"true","scanMode":0,"nx":360,"ny":181,"basicAngle":0,"subDivisions":0,"lo1":0,"la1":90,"lo2":359,"la2":-90,"dx":1,"dy":1,"convert-by":"Asper","site":"https://airmap.g0v.asper.tw"}, "data":
[rows 0 to 36 of 181, columns 0 to 82 of 360]
-0.78,-0.85,-0.91,-0.97,-1.04,-1.1,-1.17,-1.23,-1.29,-1.36,-1.42,-1.48,-1.54,-1.6,-1.66,-1.72,-1.78,-1.84,-1.9,-1.95,-2.01,-2.07,-2.12,-2.18,-2.23,-2.29,-2.34,-2.39,-2.44,-2.49,-2.54,-2.59,-2.64,-2.69,-2.74,-2.78,-2.83,-2.87,-2.92,-2.96,-3,-3.04,-3.08,-3.12,-3.16,-3.19,-3.23,-3.26,-3.3,-3.33,-3.36,-3.39,-3.42,-3.45,-3.48,-3.51,-3.53,-3.56,-3.58,-3.6,-3.63,-3.65,-3.67,-3.68,-3.7,-3.72,-3.73,-3.74,-3.76,-3.77,-3.78,-3.79,-3.79,-3.8,-3.81,-3.81,-3.81,-3.82,-3.82,-3.82,-3.82,-3.81,-3.81
-1.15,-1.21,-1.26,-1.31,-1.37,-1.42,-1.48,-1.53,-1.58,-1.64,-1.69,-1.74,-1.79,-1.85,-1.9,-1.95,-2,-2.05,-2.1,-2.15,-2.2,-2.25,-2.3,-2.35,-2.4,-2.45,-2.49,-2.54,-2.59,-2.64,-2.68,-2.73,-2.78,-2.82,-2.87,-2.92,-2.96,-3.01,-3.05,-3.1,-3.14,-3.18,-3.23,-3.27,-3.31,-3.36,-3.39,-3.44,-3.47,-3.52,-3.55,-3.59,-3.63,-3.66,-3.7,-3.73,-3.76,-3.8,-3.83,-3.86,-3.89,-3.92,-3.95,-3.98,-4.01,-4.03,-4.06,-4.09,-4.11,-4.13,-4.16,-4.18,-4.2,-4.22,-4.23,-4.25,-4.26,-4.27,-4.28,-4.29,-4.3,-4.31,-4.31
-1.5,-1.55,-1.6,-1.65,-1.69,-1.74,-1.79,-1.84,-1.89,-1.93,-1.98,-2.03,-2.08,-2.12,-2.17,-2.21,-2.26,-2.31,-2.35,-2.4,-2.44,-2.49,-2.53,-2.58,-2.62,-2.67,-2.72,-2.76,-2.8,-2.84,-2.89,-2.93,-2.98,-3.02,-3.06,-3.11,-3.15,-3.19,-3.23,-3.27,-3.32,-3.36,-3.4,-3.44,-3.48,-3.52,-3.56,-3.6,-3.64,-3.67,-3.71,-3.75,-3.79,-3.82,-3.86,-3.89,-3.93,-3.97,-4,-4.05,-4.09,-4.12,-4.16,-4.19,-4.23,-4.26,-4.3,-4.33,-4.37,-4.41,-4.45,-4.5,-4.54,-4.58,-4.61,-4.65,-4.67,-4.71,-4.73,-4.76,-4.78,-4.79,-4.81
-1.47,-1.53,-1.59,-1.65,-1.71,-1.77,-1.83,-1.88,-1.93,-1.98,-2.04,-2.09,-2.14,-2.19,-2.23,-2.28,-2.32,-2.36,-2.41,-2.45,-2.5,-2.54,-2.58,-2.63,-2.67,-2.72,-2.76,-2.81,-2.85,-2.9,-2.95,-2.99,-3.04,-3.09,-3.13,-3.18,-3.22,-3.27,-3.31,-3.35,-3.39,-3.44,-3.48,-3.52,-3.56,-3.6,-3.64,-3.68,-3.72,-3.76,-3.8,-3.84,-3.88,-3.92,-3.96,-3.99,-4.04,-4.08,-4.12,-4.16,-4.2,-4.25,-4.3,-4.34,-4.38,-4.42,-4.47,-4.52,-4.57,-4.62,-4.69,-4.76,-4.81,-4.87,-4.91,-4.96,-5,-5.04,-5.07,-5.1,-5.13,-5.16,-5.18
-1.63,-1.73,-1.83,-1.93,-2.02,-2.1,-2.17,-2.24,-2.3,-2.35,-2.41,-2.45,-2.5,-2.54,-2.58,-2.62,-2.66,-2.69,-2.73,-2.76,-2.79,-2.81,-2.84,-2.87,-2.89,-2.92,-2.94,-2.96,-2.99,-3.01,-3.04,-3.06,-3.08,-3.11,-3.13,-3.16,-3.19,-3.22,-3.26,-3.3,-3.33,-3.37,-3.41,-3.45,-3.49,-3.52,-3.57,-3.61,-3.65,-3.7,-3.74,-3.79,-3.84,-3.88,-3.93,-3.97,-4.02,-4.07,-4.12,-4.16,-4.21,-4.25,-4.31,-4.36,-4.42,-4.46,-4.52,-4.57,-4.63,-4.68,-4.75,-4.8,-4.87,-4.96,-5.02,-5.08,-5.13,-5.19,-5.23,-5.28,-5.33,-5.37,-5.41
-1.71,-1.86,-2.01,-2.15,-2.29,-2.42,-2.54,-2.65,-2.76,-2.87,-2.96,-3.03,-3.11,-3.17,-3.23,-3.28,-3.33,-3.36,-3.4,-3.43,-3.46,-3.48,-3.51,-3.53,-3.54,-3.55,-3.56,-3.56,-3.56,-3.55,-3.54,-3.53,-3.51,-3.5,-3.48,-3.46,-3.45,-3.43,-3.42,-3.4,-3.39,-3.38,-3.37,-3.37,-3.36,-3.37,-3.38,-3.39,-3.4,-3.42,-3.45,-3.48,-3.51,-3.55,-3.59,-3.64,-3.68,-3.74,-3.79,-3.84,-3.9,-3.96,-4.01,-4.08,-4.13,-4.2,-4.26,-4.32,-4.38,-4.43,-4.5,-4.56,-4.62,-4.69,-4.76,-4.82,-4.88,-4.94,-4.99,-5.07,-5.16,-5.22,-5.29
-1.45,-1.65,-1.88,-2.1,-2.31,-2.51,-2.71,-2.9,-3.08,-3.26,-3.41,-3.54,-3.66,-3.8,-3.98,-4.11,-4.25,-4.39,-4.54,-4.62,-4.67,-4.72,-4.75,-4.77,-4.78,-4.78,-4.77,-4.74,-4.68,-4.62,-4.58,-4.52,-4.46,-4.39,-4.34,-4.28,-4.21,-4.12,-4.06,-3.99,-3.92,-3.87,-3.81,-3.74,-3.68,-3.62,-3.55,-3.48,-3.42,-3.36,-3.32,-3.28,-3.24,-3.21,-3.19,-3.19,-3.18,-3.19,-3.21,-3.24,-3.28,-3.32,-3.37,-3.43,-3.49,-3.56,-3.64,-3.72,-3.8,-3.89,-3.97,-4.06,-4.15,-4.25,-4.33,-4.42,-4.49,-4.58,-4.66,-4.74,-4.82,-4.9,-4.97
-1.92,-1.95,-2,-2.12,-2.31,-2.52,-2.72,-2.92,-3.12,-3.3,-3.46,-3.6,-3.7,-3.81,-3.94,-4.15,-4.48,-4.93,-5.21,-5.46,-5.65,-5.76,-5.81,-5.84,-5.94,-5.88,-5.87,-5.89,-5.81,-5.71,-5.54,-5.46,-5.42,-5.36,-5.29,-5.26,-5.18,-5.09,-5.01,-4.9,-4.8,-4.69,-4.62,-4.56,-4.5,-4.42,-4.34,-4.23,-4.11,-3.99,-3.86,-3.72,-3.57,-3.42,-3.28,-3.16,-3.04,-2.94,-2.83,-2.75,-2.66,-2.58,-2.54,-2.51,-2.51,-2.52,-2.57,-2.64,-2.73,-2.85,-2.98,-3.12,-3.27,-3.42,-3.57,-3.73,-3.88,-4.02,-4.16,-4.29,-4.41,-4.52,-4.63
-2.44,-2.57,-2.61,-2.65,-2.69,-2.65,-2.64,-2.72,-2.84,-2.99,-3.15,-3.29,-3.41,-3.51,-3.6,-3.67,-3.73,-3.79,-3.88,-3.96,-4.07,-4.2,-4.36,-4.6,-4.96,-5.37,-5.75,-6.1,-6.3,-6.46,-6.56,-6.79,-7.17,-7.47,-7.6,-7.53,-7.3,-6.98,-6.71,-6.42,-6.16,-5.91,-5.67,-5.49,-5.34,-5.26,-5.18,-5.09,-4.98,-4.85,-4.69,-4.52,-4.33,-4.12,-3.89,-3.6,-3.25,-2.87,-2.57,-2.38,-2.3,-2.19,-2.03,-1.84,-1.72,-1.66,-1.62,-1.58,-1.54,-1.53,-1.55,-1.62,-1.74,-1.91,-2.14,-2.4,-2.69,-2.98,-3.25,-3.5,-3.71,-3.91,-4.08
-2.74,-2.89,-3,-3.1,-3.17,-3.22,-3.27,-3.3,-3.32,-3.34,-3.41,-3.43,-3.49,-3.46,-3.45,-3.44,-3.47,-3.54,-3.58,-3.58,-3.54,-3.53,-3.62,-3.85,-4.23,-4.64,-5.04,-5.42,-5.92,-6.51,-7.08,-7.55,-8.04,-8.61,-9.21,-9.39,-8.86,-7.68,-6.42,-5.61,-5.24,-5.09,-4.95,-4.8,-4.73,-4.7,-4.88,-5.04,-5.15,-5.15,-4.99,-4.71,-4.42,-4.12,-3.89,-3.81,-3.74,-3.9,-3.86,-3.45,-2.85,-2.27,-1.85,-1.45,-1.09,-0.92,-0.87,-0.74,-0.61,-0.52,-0.48,-0.44,-0.38,-0.34,-0.38,-0.52,-0.78,-1.09,-1.46,-1.86,-2.33,-2.84,-3.28
-2.04,-2.36,-2.65,-2.81,-2.96,-3.1,-3.27,-3.43,-3.63,-3.57,-3.41,-3.18,-2.79,-2.48,-2.01,-1.56,-1.54,-2.08,-2.77,-3.77,-4.64,-4.65,-4,-4.28,-5.55,-6.76,-7.7,-8.15,-8.6,-8.29,-7.98,-7.81,-7.67,-7.74,-7.76,-7.54,-7.24,-6.89,-6.51,-6.07,-5.58,-5.11,-4.68,-4.33,-4.25,-4.88,-5.2,-5.29,-4.87,-3.78,-3.05,-2.79,-2.79,-2.71,-2.64,-2.54,-2.34,-2.12,-1.69,-1.07,-0.66,-0.46,-0.33,-0.07,0.25,0.47,0.42,0.15,-0.01,0.18,0.56,0.81,0.83,0.73,0.63,0.59,0.61,0.59,0.42,0.03,-0.54,-1.24,-1.94
-2.24,-2.59,-2.81,-3.01,-3.23,-3.4,-3.56,-3.81,-4.25,-4.71,-4.82,-4.26,-2.9,-1.83,-1.85,-2.22,-1.95,-1.06,-0.65,-0.97,-1.53,-2.32,-3.34,-3.52,-2.91,-2.31,-2.08,-2.23,-2.62,-3.06,-3.64,-4.23,-4.64,-4.81,-4.85,-4.95,-5.25,-5.64,-5.83,-5.88,-5.74,-5.48,-5.24,-4.95,-4.67,-4.36,-3.96,-3.43,-2.84,-2.24,-1.75,-1.52,-1.57,-1.77,-1.97,-2.03,-2,-2.04,-2.06,-1.87,-1.48,-1.11,-0.97,-1.12,-1.74,-2.65,-2.68,-0.81,2.05,3.88,4.35,4.1,3.57,2.96,2.42,2.07,1.85,1.58,1.28,1.05,0.95,0.66,0.03
-3.09,-3.26,-3.81,-4.92,-5.82,-5.41,-3.9,-2.8,-2.96,-3.8,-4.55,-4.94,-4.9,-4.38,-3.27,-2.09,-1.68,-1.51,-1.33,-1.45,-1.72,-1.83,-1.94,-2.77,-3.05,-3.08,-2.92,-2.72,-2.5,-2.36,-2.37,-2.51,-2.82,-3.07,-3.12,-3.06,-3.27,-3.77,-4.26,-4.38,-4.13,-3.75,-3.43,-3.09,-2.46,-1.73,-1.25,-1.07,-1.01,-1.2,-1.62,-2.09,-2.5,-2.85,-3.29,-3.49,-3.7,-3.86,-4.01,-3.91,-3.73,-3.54,-3.32,-3.2,-3.8,-4.72,-4.64,-2.38,0.92,3.06,3.75,3.9,3.93,3.73,3.47,3.07,2.41,1.75,1.34,1.37,1.49,1.35,1.08
-2.62,-3.79,-4.44,-3.13,0.16,3.05,3.87,3.25,1.74,-0.44,-2.6,-4.15,-5.22,-6.01,-6.25,-5.24,-2.6,-0.72,-0.6,-0.99,-1.1,-0.83,-0.51,-0.64,-1.15,-1.64,-2.41,-2.9,-3.32,-3.65,-3.84,-3.92,-4.05,-4.07,-3.86,-3.88,-3.98,-3.99,-3.92,-3.98,-4.12,-4.25,-4.36,-4.43,-4.55,-4.83,-5.1,-5.33,-5.55,-6.01,-6.79,-6.94,-6.95,-6.82,-6.52,-6.22,-6.1,-6.09,-5.98,-5.76,-5.55,-5.38,-5.35,-5.61,-5.48,-3.5,0.01,1.67,0.44,-0.25,1.09,2.95,3.84,3.85,3.84,3.56,3.12,2.59,1.94,1.09,0.3,0.08,0.59
-2.08,-2.06,-2.05,-1.92,-1.66,-1.42,-1.13,-0.56,0.21,0.64,0.16,-1.28,-3.13,-4.67,-5.52,-5.57,-4.83,-3.73,-2.82,-2.31,-1.96,-1.59,-1.34,-1.33,-1.53,-1.99,-2.72,-3.56,-4.35,-4.99,-5.41,-5.52,-5.38,-5.12,-4.96,-4.97,-5.09,-5.23,-5.33,-5.38,-5.44,-5.56,-5.76,-5.99,-6.24,-6.47,-6.71,-6.92,-7.09,-7.18,-7.2,-7.2,-7.15,-6.99,-6.66,-6.26,-6.03,-5.9,-5.25,-3.98,-2.24,-1.77,-2.79,-3.79,-4.1,-3.7,-3.19,-2.03,0.36,2.76,3.86,4.07,4.07,3.98,3.69,3.24,2.76,2.28,1.75,1.23,0.75,0.15,-0.57
-3.25,-3.26,-2.95,-2.59,-2.3,-1.87,-1.27,-0.94,-1.01,-1.18,-1.27,-1.26,-1.21,-1.21,-1.3,-1.55,-1.98,-2.35,-2.51,-2.61,-2.93,-3.26,-3.27,-3.01,-2.68,-2.5,-2.6,-3.06,-3.4,-2.47,-0.09,1.52,0.97,-0.64,-1.96,-2.77,-3.44,-4.09,-4.6,-4.99,-5.32,-5.65,-5.98,-6.31,-6.59,-6.85,-7.06,-7.2,-7.27,-7.26,-7.17,-7.06,-6.9,-6.66,-6.56,-6.17,-4.01,-1.82,-1.89,-1.97,-1.5,-1.75,-2.2,-2.45,-1.79,-0.11,1.83,3.26,4.42,5.17,5.33,5.01,4.51,4.15,3.74,3.17,2.6,2.01,1.47,0.9,0.33,-0.07,-0.42
-2.23,-2.17,-2.05,-1.87,-1.74,-1.6,-1.4,-1.1,-0.88,-0.81,-0.79,-0.79,-0.83,-0.9,-0.93,-0.79,-0.59,-0.63,-0.99,-1.46,-1.73,-1.78,-1.94,-2.22,-2.51,-2.71,-2.76,-2.66,-2.54,-2.55,-2.73,-2.86,-2.58,-1.81,-1.1,-1.31,-2.52,-3.83,-4.6,-5.04,-5.5,-5.96,-6.23,-6.37,-6.56,-6.78,-6.9,-7.06,-7.27,-7.26,-7.08,-6.7,-6.09,-6.13,-6.48,-4.16,-1.4,-0.39,0.78,3.01,4.72,5.08,4.73,4.44,4.31,4.2,4.24,4.56,4.89,4.98,4.86,4.65,4.34,3.72,3.19,2.8,2.23,1.54,1.06,0.44,-0.61,-1.23,-1.94
-1.25,-1.38,-1.46,-1.47,-1.37,-1.13,-0.9,-0.63,-0.31,0,0.24,0.47,0.64,0.9,1.27,1.68,2.08,2.38,2.48,2.35,2.1,1.73,1.12,0.5,-0.15,-0.8,-1.35,-1.51,-1.08,-0.51,-0.38,-0.82,-1.51,-2.35,-3.28,-3.71,-3.18,-2.45,-2.81,-4.12,-5.22,-5.82,-6.2,-6.46,-6.62,-6.7,-6.71,-6.8,-6.97,-6.48,-4.29,-0.99,2.95,6.26,6.06,3.63,2.36,4.28,5.96,5.93,5.36,5.14,4.94,4.57,4.23,4.04,3.86,3.76,3.94,4.27,4.38,4.15,3.96,3.42,2.66,2.16,1.85,1.32,0.21,-0.23,-0.36,-0.61,-1.71
-0.48,-0.35,-0.17,0.03,0.14,0.14,0.13,0.18,0.27,0.36,0.45,0.51,0.64,1.05,2.03,3.67,5.03,5.64,5.69,5.09,4.04,3.15,2.67,2.28,1.65,1.06,0.63,0.34,0.14,-0.08,-0.51,-0.97,-1.14,-1.32,-1.75,-2.62,-3.46,-3.81,-3.92,-4.33,-4.79,-5.06,-5.24,-5.14,-3.78,-1.83,0.47,2.46,3.63,4.05,4.22,4.53,3.88,3.06,2.4,2.93,4.22,4.76,4.94,5.11,4.97,4.55,4.1,3.64,3.24,2.86,2.54,2.57,2.88,3,3.2,3.04,2.86,3.02,2.52,1.78,1.49,0.91,0.25,-0.29,-0.82,-1.79,-2.66
1.93,2.2,2.54,2.79,2.85,2.76,2.64,2.5,2.45,2.46,2.47,2.61,3.27,4.36,5.28,5.87,6.03,5.66,5.12,4.68,4.13,3.45,1.98,0.11,0.28,1.34,1.89,2.06,1.46,2.24,1.66,0.58,0.34,0.55,0.78,0.75,0.47,0.29,0.2,0.15,0.36,0.77,0.96,0.9,0.93,1.36,2.26,3.26,3.96,4.18,4.06,3.96,3.87,3.46,2.68,2.47,3.05,4.07,4.76,4.81,4.31,3.69,3.24,2.45,1.28,0.88,1.11,1.91,2.73,2.98,2.84,2.63,2.4,2.08,1.53,1.16,0.66,-0.02,-1.01,-1.27,-1.75,-2.35,-2.9
6.05,5.45,4.75,4.36,4.13,4.14,4.4,4.74,5.04,5.18,5.16,5.1,4.92,4.82,4.27,3.76,4.32,4.49,3.92,2.76,2.73,1.39,0.8,2.38,2.43,2.15,1.27,0.61,1.31,1.25,1.9,2.46,1.95,1.24,1.39,1.29,0.94,0.47,0.06,-0.17,-0.16,0.01,0.45,1.15,2.04,3.06,4.34,5.17,5.2,4.95,4.62,4.26,3.84,3.54,3.36,3.44,3.82,3.73,3.13,2.12,2.34,2.93,2.68,2.14,0.55,-0.94,0,1.98,1.97,2.07,2.49,2.39,1.8,1.42,0.94,0.22,-0.37,-0.98,-1.53,-1.79,-3.03,-2.93,-2.97
9.27,9.67,9.05,7.56,6.44,6.15,6.18,6.1,6.01,5.93,5.76,5.29,4.38,3.13,1.4,0.34,1.34,1.26,0.75,2.33,1.79,0.78,1.54,2.64,2.74,2.03,2.21,2.95,4.69,4.33,3.15,3.29,2.95,2.96,3.45,3.29,3.07,2.87,1.96,1.76,2.28,2.77,3.13,3.68,4.47,4.91,4.92,4.85,4.23,2.68,3.23,4.12,4.12,4.52,4.86,4.87,4.04,3.19,3.19,3.11,2.92,2.27,1.71,1.14,0.95,0.36,0.81,2.19,1.71,1.17,1.99,2.55,1.75,0.75,-0.17,-0.64,-1.16,-1.74,-1.91,-2.15,-3,-3.89,-3.71
9.4,9.31,9.03,8.66,8.16,7.61,7.46,7.37,6.84,6.16,5.23,4.19,4.1,3.57,1.28,-0.46,1.37,1.89,1.08,0.2,0.95,2.03,3.16,3.38,4.06,4.73,5.08,5.04,5.11,4.13,2.71,2.48,2.11,2.36,1.34,1.76,2.75,2.91,2.95,3.19,2.89,2.15,2.71,3.32,3.49,2.53,2.52,3.17,2.77,2.81,3.07,3.09,3.27,3.2,3.11,2.81,2.35,2.16,1.87,1.84,2.12,1.89,1.47,1.14,1.51,4.32,2.2,0.25,1.39,2.39,2.08,1.4,0.54,-0.32,-0.94,-1.2,-1.49,-1.97,-2.18,-1.9,-2.13,-2.68,-4.04
9.2,9.73,9.82,9.47,8.46,7.12,5.88,5.22,5.89,7.18,6.7,5.72,3.88,2.6,2.99,3.42,3.07,2.73,0.56,1.6,3.45,3.52,3.01,3.96,3.68,3.43,3.41,2.93,2.7,2.69,2.06,1.72,1.89,2.2,2.07,2.42,2.87,3.27,3.15,2.57,1.94,1.97,4.22,3.69,2.47,1.94,2.58,2.42,1.27,1.47,2.49,2.3,1.63,1.48,1.87,2.07,1.88,1.14,1.17,0.65,0.03,0.96,1.54,1.4,1.37,-0.75,-2.8,-1.45,1,1.98,1.86,0.9,-0.32,-0.87,-0.7,-0.84,-1.29,-1.64,-1.64,-1.82,-2.15,-2.57,-3.18
8.06,8.5,9.22,10.21,10.5,9.64,8.27,6.48,5.24,5.25,6.96,4.98,3.25,1.22,1.8,2.75,1.9,3.09,3.8,2.9,2.77,2.8,3.61,4.27,3.87,3.37,2.99,3.31,4.38,3.28,2.14,2.51,2.19,2.39,2.2,6.06,7.67,5.37,3.22,2.19,2.21,2.41,1.34,1.32,1.48,0.85,0.51,0.74,1.5,1.4,0.13,-0.34,0.97,2.19,2.72,1.91,0.26,-0.59,-1.3,-0.76,1.51,1.65,1,-0.7,-1.55,-1.88,-1.05,-0.23,-0.14,0.77,1.19,0.07,-0.9,-1.25,-1.43,-1.6,-1.79,-2.13,-1.94,-2.38,-2.62,-2.73,-3.15
8.67,9.03,9.43,10.71,11.59,10.51,8.92,6.94,5.37,2.67,2.68,5.63,1.63,0.34,4.41,5.16,5.04,4.05,3.29,3.94,3.68,4.17,10.1,9.47,7.33,2.31,0.68,2.79,2.54,2.63,2.35,2.56,2.14,1.81,1.63,4.98,4.27,1.48,3.57,1.62,-1.07,-0.74,-0.65,-0.88,0.68,0.88,0.18,-0.15,-1.23,-1.55,0.56,2,0.71,0.06,0.62,0.22,-0.88,-1.48,-1.64,-1.71,-1.77,-1.68,0,0.98,-0.47,-1.61,-0.92,0.63,1.65,1.3,-0.24,-1.14,-1.57,-1.95,-2.18,-2.33,-2.39,-2.35,-2.94,-2.93,-2.71,-2.57,-2.51
9.29,9.48,10.34,11.52,12.16,9.92,7.41,6.04,2.46,-0.14,2.83,3.05,2.09,4.42,8.02,7.96,6.09,5.31,5.08,4.76,4.11,6.62,6.72,2.83,0.45,1.32,2.39,2.81,2.53,2.51,2.38,2.26,1.54,1.24,0.86,0.6,-0.05,-1.48,-0.32,-1.28,-1.8,-1.85,-1.07,0.57,-0.54,-1.83,-1.92,-1.8,-0.99,-0.18,-0.16,-0.67,-0.41,-0.78,-1.52,-1.31,-1.54,-1.83,-1.64,-0.57,0.25,1.79,1.51,1.41,1.65,1.44,1.08,0.3,-0.64,-1.03,-1.34,-1.73,-1.78,-2.13,-2.45,-2.58,-2.56,-2.75,-2.71,-2.88,-2.84,-2.71,-2.44
9.6,10.37,12.07,13.94,16.3,11.04,6.1,3.46,3.62,2.8,4.9,7.86,7.13,6.61,9.16,6.19,5.12,4.83,4.46,8.25,7.39,6.13,2.39,0.62,1.16,1.57,2.28,2.1,2.14,1.5,1.53,0.86,0.1,-0.04,-0.74,-1.59,-1.37,-1.64,-1.56,-1.65,-1.73,-1.23,-1.22,-1.96,-2.22,-2.42,-2.15,-1.93,-1.64,-1.11,-0.91,-1.3,-1.43,-1.28,-1.36,-1.23,-1.62,-1.81,-1.88,-1.03,0.11,1.16,0.62,0.73,0.41,-0.11,-0.82,-1.09,-0.9,-1.01,-0.86,-1.48,-1.97,-1.96,-2.08,-2.33,-2.84,-3.41,-3.57,-3.27,-3.36,-3.2,-2.78
9.35,10.66,12.85,15.15,16.9,9.07,3.21,4.83,3.18,3.24,5.63,8.32,8.21,5.85,6.55,4.79,3.69,2.58,9.63,9.01,7.97,6.22,1.25,0.03,2.24,1.84,1.87,0.82,1.08,0.02,-0.71,-1.25,-1.07,-1.49,-1.5,-3.68,-2.14,-2,-2.09,-2.16,-2.17,-2.23,-2.44,-2.43,-2.28,-2.08,-1.98,-1.99,-1.89,-1.28,-1.23,-1.57,-1.67,-1.63,-1.76,-1.49,-1.36,-1.49,-1.61,-0.64,-0.35,-0.42,-0.42,0.07,0.06,-0.51,-1.52,-1.79,0.1,-0.14,-0.66,-1.32,-1.92,-3.98,-3.3,-3.68,-3.8,-3.8,-3.94,-3.87,-3.76,-3.69,-4.1
7.35,10.14,12.26,13.77,15.88,5.93,1.74,2.46,3.15,2.37,2.84,2.54,3.06,3.81,3.29,2.98,3.64,3.06,8.99,9.28,7.05,5.73,2.2,2.3,2.34,2.34,2.44,2.14,-0.07,-1.76,-0.08,-3.69,-2.38,-1.16,-1.88,-2.14,-3.49,-2.15,-2.61,-2.88,-2.52,-2.73,-3.14,-3.09,-2.84,-2.36,-2.05,-1.7,-1.55,-1.52,-1.58,-1.4,-1.16,-0.44,1.12,1.11,0.8,0.61,-0.07,-0.31,-0.81,-1.69,-1.29,-0.78,1.73,0.7,-0.34,-1.64,-0.76,0.28,-0.7,-1.35,-1.76,-2.07,-2.13,-2.23,-2.5,-2.69,-3.76,-4.13,-3.83,-3.7,-3.78
3.96,8.38,10.75,11.79,12.92,9.17,1.75,1.91,3.28,3.03,2.75,3.46,2.52,2.88,2.56,2.59,3.1,3.29,3.63,5.82,4.81,3.95,2.64,1.7,1.1,2.14,2.84,1.08,-1.96,-1.81,-0.41,-2.54,-2.13,-1.95,-2.57,-3.12,-3.19,-3.41,-3.88,-3.43,-3.62,-3.28,-1.93,-1.44,-1.49,-1.42,-1.33,-1.06,-0.7,-0.54,-0.56,-0.6,-0.35,0.65,0.74,0.67,0.53,0.07,0.02,-0.11,-0.7,-1.23,-0.9,0.87,1.12,1.3,0.2,-0.77,-0.69,-0.8,-1.43,-1.88,-1.99,-2.27,-2.43,-2.5,-2.58,-2.64,-2.66,-2.57,-2.92,-3.05,-2.7
4.44,9.15,9.96,9.98,9.54,9.94,2.82,0.22,-0.32,0.4,8.09,8.87,3.15,3.3,2.75,2.2,2.87,2.85,4.21,4.22,3.34,1.19,-1.22,-2.67,0.18,0.82,-0.1,-2.06,-2.44,-1.94,-2.06,-2.98,-2.92,-2.9,-3.76,-3.96,-4.08,-4.63,-5.95,-3.26,-2.99,-2.47,-2.87,-3.06,-2.9,-3.66,-2.72,-1.89,-1.38,-1.42,-1.15,-0.46,-0.09,-0.51,-0.21,0.57,0.2,-0.12,-0.48,-0.99,-1.33,-0.33,-0.99,-0.06,1.06,0.78,0.39,-1.06,-1.04,-1.41,-1.93,-2.04,-2.06,-2.32,-2.52,-2.47,-2.63,-2.63,-2.64,-2.72,-2.67,-2.68,-2.69
6.98,9.29,9.23,8.18,8.06,7.01,5.79,2.87,3.9,6.56,7.9,12.07,5.25,3.87,3.17,2.13,2.68,4.83,3.32,2.61,0.93,-0.45,0.25,0.17,-2.52,0.55,-0.57,-2.02,-3.56,-2,-2.7,-3.39,-2.56,-2.68,-3.44,-3.91,-4.03,-4.1,-4.29,-4.02,-4.89,-4.66,-3.9,-3.42,-3.12,-2.78,-2.18,-2.13,-0.94,2.08,2.38,2.48,2.41,1.22,1.06,1.21,1.26,0.84,-0.03,-0.83,-0.68,0,0.65,1.5,0.98,0.48,0.27,-0.72,-1.37,-1.71,-1.92,-1.86,-1.96,-2.14,-2.49,-2.67,-2.5,-2.56,-2.65,-2.9,-2.75,-2.58,-2.57
6.57,7.99,7.97,7.32,7.09,7.42,7.6,7.43,7.37,4.67,3.45,10.53,9.48,2.72,3.04,2.91,2.6,3.46,2.79,0.34,-2.49,-2.4,0.22,-0.77,-3.04,-0.43,-1.64,-2.02,-1.95,-1.73,-2.36,-2.49,-2.64,-3.77,-4.72,-4.86,-5.95,-6.1,-5.47,-4.85,-4.47,-4.97,-1.78,-2.34,-1.98,-2.93,0.88,2.45,3.27,4.67,3.63,2.95,3.03,1.63,1.47,1.2,-0.02,1.29,1.63,0.9,-0.37,-0.41,0.92,0.52,-0.5,0.56,0.05,-0.21,-1.22,-1.57,-1.55,-1.59,-1.77,-2.08,-2.77,-2.84,-2.93,-3.29,-2.95,-2.81,-3.07,-3.13,-2.97
5.3,7.59,7.65,7.36,7.12,7.12,7.22,6.81,6.92,3.66,3.39,8.59,5.97,3.55,1.7,2.92,2.45,2.37,1.46,-0.52,-3.87,-2.64,-0.17,-1.52,-1.58,-0.86,-1.31,-1.84,-2.4,-2.49,-3.16,-3.89,-4.63,-5.7,-5,-4.04,-4.1,-3.69,-4.07,-3.11,-3.33,-2.19,-0.93,-3.38,-0.8,3.67,3.18,3.53,4.21,4.15,3.7,3.29,3.15,2.39,2.11,1.73,1.51,0.69,0.39,-0.32,-1.35,-1.01,1.66,-0.01,-1.21,0.13,0.45,-0.9,-1.54,-1.82,-1.57,-1.67,-2.65,-3.03,-2.87,-3,-3.05,-2.88,-2.75,-2.75,-2.88,-3.42,-4.23
4.71,7.98,7.48,7.39,6.71,6.29,5.94,6.06,6.45,3.96,4.77,5.87,4.12,4.76,3.76,1.61,2.19,0.48,0.9,-1.36,-3.02,-4.42,-0.83,-1.57,-1.9,-1.92,-1.51,-2.24,-2.97,-3.03,-3.69,-4.45,-4.56,-4.31,-3.78,-2.64,-2.12,-1.84,-2.58,-3.05,-2.82,-1.19,-3.67,3.17,4.92,4.63,3.99,4.34,4.21,7.93,2.69,2.52,2.4,2.52,2.37,1.03,-0.74,-1.88,-0.46,1.14,2.24,1.57,2.06,0.41,-1.08,-0.22,-0.82,-1.28,-1.71,-2.03,-2.15,-2.37,-3.21,-3.49,-3.26,-3.51,-3.36,-3.89,-9.28,-7.03,-4.67,-3.17,-3.3
6.34,8.12,6.09,6.08,6.05,5.46,4.16,3.71,4.63,3.17,3.29,4.14,2.82,2.09,2.05,-1.11,-2.52,-1.15,-0.49,-1.87,-2.28,-2.54,-1.78,-1.64,-2.11,-2.11,-1.71,-2.67,-3.14,-3.21,-3.52,-3.55,-3.58,-3.49,-3.58,-2.88,-2.37,-2.13,-2.64,-3.64,-2.43,-4.6,2.35,4.83,3.77,3.85,2.88,3.49,3.28,3.91,2.77,1.98,1.82,1.88,1.29,0.24,-1.41,-0.61,0.76,1.66,2.23,1.62,0.95,-0.4,-0.83,-1.56,0.07,-1.68,-2.13,-2.93,-3.1,-3.72,-4.65,-4.45,-4.95,-4.63,-4.66,-5.88,-8.56,-6.56,-1.05,-1.93,-1.34
