static/gfs.json
{"header": {"discipline":0,"disciplineName":"Meteorological products","gribEdition":2,"gribLength":76664,"center":7,"centerName":"US National Weather Service - NCEP(WMC)","subcenter":0,"refTime":"2016-09-15T06:00:00.000Z","significanceOfRT":1,"significanceOfRTName":"Start of forecast","productStatus":0,"productStatusName":"Operational products","productType":1,"productTypeName":"Forecast products","productDefinitionTemplate":0,"productDefinitionTemplateName":"Analysis/forecast at horizontal level/layer at a point in time","parameterCategory":2,"parameterCategoryName":"Momentum","parameterNumber":2,"parameterNumberName":"U-component_of_wind","parameterUnit":"m.s-1","genProcessType":2,"genProcessTypeName":"Forecast","forecastTime":0,"surface1Type":103,"surface1TypeName":"Specified height level above ground","surface1Value":10.0,"surface2Type":255,"surface2TypeName":"Missing","surface2Value":0.0,"gridDefinitionTemplate":0,"gridDefinitionTemplateName":"Latitude_Longitude","numberPoints":65160,"shape":6,"shapeName":"Earth spherical with radius of 6,371,229.0 m","gridUnits":"degrees","resolution":48,"winds":"true","scanMode":0,"nx":360,"ny":181,"basicAngle":0,"subDivisions":0,"lo1":0.0,"la1":90.0,"lo2":359.0,"la2":-90.0,"dx":1.0,"dy":1.0}, "data":
[rows 35 to 69 of 181, columns 158 to 236 of 360]
-1.88,0.04,-0.28,-1.57,-1.25,-4.72,-4.83,-5.37,-4.34,-5.93,-6.12,-6.18,-6.08,-5.78,-5.27,-4.63,-4.09,-3.58,-2.91,-3.51,-4.21,-4.61,-5.3,-5.9,-5.29,-3.79,-3.91,-3.47,-4.63,-4.97,-4.89,-4.91,-4.59,-3.65,-2.45,-0.06,1.79,-0.49,-1.02,-1.42,1.6,-0.3,-1.1,-0.44,1.49,2.65,2.43,1.91,1.76,2.43,3.46,4.65,5.3,4.37,-0.07,-2.52,-1.72,-1.1,-1.04,0.22,4.07,6.74,8.36,7.97,6.42,5.17,2.91,2.38,0.82,-1.59,-2.87,-2.36,-0.51,0.72,1.47,1.68,1.32,2.19,2.51
-1.26,-2.39,-1.32,-2.99,-4.67,-3.3,-3.14,-3.4,-3.68,-5.01,-5.14,-5.2,-5.06,-4.65,-4.24,-3.36,-2.72,-2.2,-2.32,-2.08,-2.03,-1.44,-3.12,-3.05,-2.47,-1.88,-1.31,-2.02,-2.1,-3.4,-4.7,-4.36,-1.46,-1.84,-1.13,-0.54,-0.49,2.02,2.73,2.78,3.54,4.42,3.88,2.47,2.61,3.57,4.08,3.8,3.27,2.87,3.71,4.78,5.59,4.89,1.29,-1.53,-0.86,0.52,1.21,1.45,2.25,3.75,4.56,3.27,3.47,1.84,2.37,1.68,1.01,0.08,-1.19,-1.77,-0.87,0.72,1.5,1.62,1.8,2.4,2.04
-2.07,-0.01,0.52,-2.07,-2.23,-1.69,-0.76,-0.54,-0.77,-2.06,-3.97,-4.7,-4.54,-3.87,-4.28,-2.5,-2.72,-2.32,-1.84,-0.84,-0.07,1.54,1.09,1.78,0.52,1.62,3.16,1.65,2.0,2.4,3.2,2.27,0.81,0.18,2.83,3.47,4.24,4.19,4.84,5.03,4.92,5.5,5.77,5.51,4.84,4.85,5.94,5.36,5.15,4.26,4.19,5.31,5.57,5.02,1.03,-0.72,0.32,1.14,1.79,2.58,2.52,2.76,0.96,2.94,0.17,1.57,1.84,2.17,2.41,-0.32,1.05,2.1,0.97,0.29,0.55,1.4,1.75,2.21,2.46
-1.3,-0.9,-1.04,-1.04,0.02,0.9,1.32,2.07,2.13,1.08,-2.28,-3.32,-3.24,-3.1,-1.8,-1.63,-2.34,-2.38,-1.15,-0.09,1.01,3.15,5.96,8.11,8.82,8.13,5.56,9.4,5.83,5.43,5.46,6.68,6.35,6.25,5.32,4.9,5.22,6.31,6.95,7.14,6.94,7.65,7.51,7.52,6.58,5.82,6.15,6.61,5.78,5.64,5.34,6.18,5.75,5.89,1.96,-0.22,0.07,1.53,1.87,2.14,2.91,2.98,4.14,0.95,0.61,1.17,2.22,2.94,3.14,3.45,3.08,3.38,4.41,3.82,0.38,0.53,1.6,2.08,1.53
-1.39,-2.19,-1.76,-0.09,1.41,2.86,3.56,3.66,4.9,5.48,5.18,-0.46,-1.5,-0.36,0.31,1.23,2.61,3.59,4.48,5.65,6.92,8.04,9.61,10.19,11.54,12.54,12.75,12.02,12.2,12.02,12.39,11.59,10.71,8.97,7.89,7.92,8.08,8.36,8.76,9.02,9.31,8.51,8.27,7.4,6.4,6.15,6.29,6.85,6.94,6.61,6.12,6.32,6.11,5.95,2.16,0.43,0.34,1.26,1.95,2.76,3.72,4.68,5.07,1.01,1.05,1.89,2.87,2.94,3.19,3.97,2.91,3.57,3.37,3.11,1.43,0.15,0.6,0.46,0.76
1.54,2.96,2.58,1.93,1.88,3.41,5.09,6.35,6.64,7.74,9.27,9.83,8.27,6.57,6.33,5.11,4.5,5.29,6.3,7.48,8.29,8.71,9.12,9.72,10.88,11.94,12.79,13.85,14.98,15.25,14.74,13.63,12.49,12.9,13.5,12.8,12.76,11.41,10.27,9.8,9.02,8.79,8.65,8.16,7.39,6.29,6.31,6.74,7.14,6.88,6.65,6.81,7.45,6.6,2.24,1.19,0.64,1.85,2.8,3.32,5.14,5.57,4.28,1.52,2.1,2.86,3.3,3.24,3.23,3.58,2.45,2.76,2.45,1.6,1.71,-1.2,1.06,0.92,0.36
-1.99,-0.65,3.09,4.52,4.74,4.8,5.1,6.35,7.85,9.17,10.39,11.7,12.56,13.27,13.11,12.41,12.17,12.25,12.07,11.67,10.83,10.31,10.02,9.77,9.92,10.62,11.96,13.22,14.15,14.8,14.05,14.97,16.71,16.59,15.95,15.18,14.1,12.97,11.91,10.5,9.89,9.81,9.41,9.06,7.89,7.27,7.09,7.09,7.17,7.59,7.38,7.89,8.59,7.11,1.86,2.02,1.57,2.17,3.33,4.17,4.21,5.14,2.7,2.56,3.15,3.56,3.6,3.4,3.19,3.38,2.38,2.43,2.06,2.46,3.04,-1.69,-2.68,0.22,1.91
2.88,3.17,0.21,2.78,4.81,5.55,5.87,6.45,7.28,8.48,9.93,11.44,13.0,13.93,14.59,14.27,14.12,13.87,13.7,13.82,13.9,14.38,14.83,15.37,16.07,16.72,17.19,17.36,17.84,18.35,18.43,17.9,17.4,16.84,16.2,15.33,14.31,12.99,12.03,11.61,11.38,10.71,10.31,9.64,9.03,8.83,9.19,8.29,8.4,8.02,8.14,8.8,9.13,8.74,4.59,3.9,3.49,3.09,3.49,3.48,4.41,3.53,2.73,3.0,3.63,3.56,3.35,3.15,2.71,3.01,1.68,1.98,1.97,1.94,2.82,3.41,1.07,-1.82,0.55
1.51,2.73,3.1,2.33,3.17,4.45,5.42,6.05,6.56,7.55,8.85,9.94,10.85,12.1,13.33,13.92,14.1,14.32,14.63,14.28,13.77,14.02,14.65,15.49,16.39,17.4,17.59,17.84,18.32,18.48,18.27,17.86,17.32,16.69,16.11,15.61,15.16,14.73,13.95,12.86,12.6,11.36,9.94,9.2,10.09,10.68,9.95,9.77,9.27,9.23,9.26,9.53,9.54,7.38,6.28,4.54,3.91,3.42,3.26,4.54,5.64,3.47,2.82,3.49,3.54,3.18,3.01,2.59,1.54,1.45,1.76,1.05,1.86,1.91,2.6,4.11,4.28,2.55,0.8
-0.44,0.95,2.67,3.17,3.19,3.57,4.33,5.14,6.03,6.56,7.41,8.51,9.48,10.35,11.55,11.99,12.15,12.45,12.74,13.37,13.81,14.02,14.46,15.1,16.02,17.04,17.09,17.05,17.5,17.59,17.42,17.13,16.41,15.81,15.56,14.81,14.34,13.69,12.9,12.08,12.01,11.49,11.15,10.3,10.02,9.92,9.12,9.36,9.11,9.2,9.37,10.01,9.92,6.57,6.14,3.55,2.36,3.51,4.41,6.05,3.14,3.1,3.52,3.81,3.31,2.83,2.47,1.48,-0.11,-1.4,-0.75,0.04,0.58,1.18,1.87,2.76,2.77,2.37,0.03
-1.24,-0.12,0.75,1.0,2.07,2.55,3.52,4.11,4.59,5.68,6.69,7.6,8.38,9.12,10.02,10.64,10.87,11.63,12.17,11.78,12.94,13.81,14.05,13.98,14.24,14.9,15.49,15.46,15.23,15.54,15.55,15.14,14.26,14.03,13.86,13.34,12.81,12.12,11.73,11.33,11.03,10.97,10.89,9.71,8.99,9.0,8.72,8.28,8.17,8.24,9.11,10.66,8.19,7.52,6.73,5.75,7.5,7.96,6.7,4.33,3.81,3.91,4.14,3.73,3.03,2.35,1.49,0.18,-1.15,-1.94,-2.44,-1.64,-0.74,-0.14,0.63,0.85,1.07,1.13,-0.29
-2.69,-2.56,-2.06,-1.36,-0.57,0.13,1.03,2.26,3.0,3.66,4.78,6.11,7.19,7.99,8.68,9.46,10.06,10.4,10.95,11.5,11.96,12.38,12.32,12.41,12.54,12.89,13.27,13.43,13.48,13.72,13.81,13.72,13.26,13.17,12.74,12.34,11.52,11.02,10.91,11.06,10.71,9.66,9.11,8.8,9.03,8.21,7.72,6.77,7.03,8.07,9.58,10.16,8.71,8.13,7.72,7.97,8.54,7.62,5.7,4.24,4.53,3.86,3.86,3.25,2.52,1.68,0.56,-0.7,-1.63,-2.23,-2.4,-2.22,-1.6,-0.91,-0.25,0.17,0.73,0.75,0.07
-6.25,-5.74,-4.78,-3.89,-2.41,-0.65,0.07,0.83,1.55,1.97,2.89,4.36,5.51,6.35,7.13,7.95,8.66,9.09,9.59,10.36,10.79,10.98,11.25,11.76,11.99,12.23,12.29,12.53,12.91,13.12,13.08,12.78,12.4,11.88,11.65,11.58,11.37,11.29,10.61,9.76,8.86,8.52,8.32,6.96,6.62,5.96,6.16,6.63,6.98,9.55,10.06,9.07,8.51,7.7,7.23,8.71,6.38,5.24,5.2,4.53,3.72,3.63,3.15,2.62,1.85,1.12,-0.18,-1.2,-1.78,-2.04,-2.18,-2.01,-1.49,-0.76,-0.24,0.29,0.35,-0.37,-0.32
-9.2,-9.22,-8.59,-7.42,-5.89,-4.18,-2.54,-1.16,-0.07,1.11,1.92,3.13,4.16,4.76,5.52,6.64,7.2,7.71,8.24,8.51,9.03,9.73,10.13,10.63,10.93,11.28,11.52,11.6,11.84,11.73,11.35,11.24,11.18,11.15,10.91,10.56,9.95,9.62,9.03,8.56,7.81,7.55,7.18,5.93,4.65,4.55,6.19,7.9,8.83,8.93,8.02,7.25,5.78,6.26,8.27,5.99,6.02,5.44,4.59,4.31,3.0,3.29,2.47,1.93,1.02,0.7,-0.24,-1.12,-1.2,-1.21,-1.21,-1.0,-0.66,-0.53,-0.67,-0.94,-0.6,0.52,-0.67
-11.64,-11.87,-11.06,-10.25,-9.14,-7.8,-6.17,-4.55,-3.41,-2.03,-0.82,0.25,2.16,2.87,3.89,4.77,5.35,5.84,6.42,6.91,7.29,8.0,8.59,9.08,9.7,10.01,10.22,10.58,10.57,10.62,10.34,9.92,9.61,9.34,9.15,8.95,8.72,8.16,7.2,6.76,5.8,4.94,4.85,5.03,6.24,6.29,4.45,6.66,7.28,6.89,6.61,5.01,6.94,6.77,6.11,5.87,5.41,4.53,4.19,3.16,2.74,2.66,1.88,0.87,0.74,0.42,0.46,-0.15,-0.16,0.1,0.13,-0.29,-0.6,-1.31,-2.32,-2.03,-1.74,-1.92,-0.8
-12.11,-13.04,-13.74,-13.14,-12.04,-10.86,-9.29,-7.72,-5.26,-4.31,-3.37,-2.34,-0.65,0.5,1.49,2.48,3.02,3.34,3.65,4.22,4.99,5.51,6.18,6.95,7.82,8.27,8.48,8.96,8.74,8.43,8.34,8.26,8.04,7.85,7.79,7.4,6.39,5.78,5.33,4.02,4.35,3.42,1.14,-1.53,-0.47,5.25,6.92,6.61,6.47,5.69,4.6,6.82,5.86,5.91,5.18,4.88,3.62,3.77,3.37,2.48,2.87,2.21,0.51,0.81,-0.04,0.58,0.57,0.73,0.73,0.54,0.51,0.15,-0.37,-1.49,-2.45,-2.82,-2.51,-1.44,-0.79
-15.49,-13.61,-11.38,-14.7,-15.25,-14.14,-12.82,-11.2,-8.12,-6.72,-5.32,-3.87,-2.55,-1.39,-0.56,0.25,0.76,0.89,0.83,0.85,1.26,1.64,1.96,3.28,4.35,5.31,6.25,6.87,7.03,6.67,6.93,7.23,6.91,6.28,5.76,5.41,5.29,4.73,3.96,4.37,2.07,3.76,7.86,6.87,5.89,6.1,5.92,5.77,5.44,5.53,6.09,5.99,5.17,4.75,4.34,3.35,2.45,2.18,2.08,1.93,2.08,0.94,0.78,0.19,0.19,-0.31,0.31,0.55,0.77,0.85,0.72,0.62,0.44,-0.05,-0.49,-1.29,-1.17,-0.77,0.48
7.57,10.24,12.34,12.55,3.05,0.25,-5.96,-9.52,-10.37,-8.34,-6.26,-4.94,-4.03,-3.44,-2.77,-2.12,-1.91,-1.9,-3.05,-4.19,-4.65,-4.45,-3.02,-1.69,-0.95,-0.47,0.22,2.04,3.72,4.0,4.0,4.74,4.95,4.4,3.72,2.96,2.36,2.91,2.99,2.43,6.57,5.8,5.5,4.96,4.69,4.73,5.27,5.38,5.5,5.67,5.86,4.67,4.12,3.94,3.38,1.94,1.51,0.67,0.7,1.0,1.19,0.93,-0.33,-0.19,0.29,-0.48,-0.37,0.14,0.26,0.37,0.36,0.67,1.14,1.37,1.7,1.74,0.89,0.93,1.89
12.89,10.7,10.62,11.3,10.04,9.23,2.62,-2.97,-6.34,-7.03,-6.1,-5.54,-5.1,-4.92,-4.58,-4.49,-3.85,-4.41,-4.81,-6.47,-4.78,0.0,-1.19,0.41,2.34,3.21,3.8,3.79,3.36,2.65,2.52,2.75,2.97,2.77,2.41,2.23,2.53,0.85,4.58,5.13,4.72,4.41,3.65,2.83,1.46,2.16,2.99,3.83,5.38,5.72,4.22,3.39,2.68,2.55,1.86,0.78,0.4,-0.88,-0.47,-1.1,-1.06,-1.02,-0.66,-0.76,-0.68,-0.13,-0.49,-0.26,0.24,0.25,0.26,0.57,1.06,1.67,2.1,2.5,2.45,2.03,2.05
10.08,12.15,9.83,9.17,9.48,9.33,8.61,2.73,-3.51,-5.08,-5.08,-4.59,-4.95,-5.21,-5.66,-5.39,-5.62,-4.54,0.11,9.36,6.17,3.95,3.16,2.83,3.58,3.37,2.61,2.54,1.7,0.58,0.74,1.27,1.55,1.51,1.23,1.02,2.31,4.13,3.4,3.5,3.25,2.42,1.17,2.19,3.49,3.73,4.24,4.28,4.09,3.39,2.41,1.59,0.86,-0.33,-0.13,-0.7,-2.02,-1.75,-2.2,-2.83,-2.57,-3.11,-2.47,-1.39,-0.9,-0.16,-0.21,-0.51,0.18,0.45,0.58,0.83,1.19,1.51,1.86,2.48,3.0,2.74,2.33
9.23,9.66,9.29,8.92,9.69,8.68,8.68,9.86,5.07,-1.87,-3.42,-4.5,-4.91,-6.18,-6.58,-1.59,5.66,7.92,6.86,6.66,6.39,5.12,3.59,3.1,2.69,2.56,1.67,1.05,0.65,-0.09,-1.09,-0.89,-0.53,0.14,-0.07,2.57,2.26,2.3,2.35,1.89,1.2,0.72,1.54,2.05,2.27,2.01,1.96,1.78,1.45,1.01,0.56,0.15,-1.11,-2.03,-1.94,-2.67,-3.19,-2.08,-2.45,-2.58,-2.55,-2.45,-2.1,-1.96,-1.55,-1.48,-0.84,-0.39,0.06,0.36,0.34,0.78,1.16,1.38,1.83,2.49,3.25,3.35,3.39
8.41,8.24,8.41,8.4,7.79,8.24,8.56,8.47,7.01,6.71,4.55,4.1,3.86,6.26,7.7,7.0,7.54,6.83,5.52,5.14,5.33,4.63,2.61,1.21,0.46,0.02,-0.6,-1.19,-1.15,-1.0,-0.3,-1.39,-1.43,0.27,2.6,1.25,0.8,1.15,0.33,-0.27,-0.52,0.14,1.97,1.09,0.64,0.04,-0.49,-0.89,-1.11,-0.92,-1.56,-2.37,-2.87,-2.97,-3.88,-4.32,-3.75,-3.55,-3.14,-3.76,-4.25,-4.13,-3.69,-3.09,-1.87,-1.14,-0.54,-1.09,-0.42,0.03,0.28,0.35,0.68,1.21,1.83,2.53,3.24,3.82,4.12
6.61,6.92,7.11,6.85,6.58,6.46,6.57,6.24,5.81,5.72,5.43,5.42,5.58,5.99,5.88,5.62,5.67,5.82,5.21,4.68,4.29,3.74,3.45,1.09,-0.58,-0.85,-1.3,-1.74,-2.27,-3.05,-2.24,-0.37,-0.38,0.77,0.06,-0.52,-0.04,-0.79,-1.49,-1.55,-0.88,0.01,-0.39,-0.64,-1.33,-2.08,-2.45,-2.79,-2.96,-3.33,-3.82,-3.99,-3.87,-4.44,-4.88,-4.32,-4.76,-4.54,-4.31,-5.15,-5.66,-5.71,-4.81,-4.45,-3.0,-1.8,-0.99,-0.48,-1.09,-0.37,-0.19,0.1,0.38,0.74,1.37,2.14,2.9,3.55,4.3
4.42,4.47,4.58,4.57,4.26,4.49,4.58,4.56,4.91,5.11,4.97,4.68,4.93,4.98,4.59,4.11,3.96,3.94,4.01,3.78,3.55,2.89,2.1,1.96,0.71,-0.01,-0.31,-0.39,0.1,-1.1,-0.9,-1.33,-0.75,-1.31,-1.6,-1.49,-2.6,-2.8,-1.76,-1.48,-1.55,-1.37,-1.94,-2.61,-3.11,-3.86,-4.35,-4.33,-4.19,-4.25,-4.67,-4.71,-4.34,-4.44,-4.61,-3.82,-3.05,-3.76,-4.18,-4.16,-4.71,-4.99,-4.24,-4.57,-4.22,-2.86,-1.55,-1.1,-0.66,-1.43,-0.49,-0.23,-0.06,0.4,0.83,1.31,1.97,2.48,3.11
3.47,3.44,3.43,3.48,3.4,2.66,2.78,2.68,2.28,2.3,2.37,2.33,2.3,2.24,2.28,2.22,1.9,1.64,1.55,0.93,0.42,0.52,0.13,-0.79,-1.25,-1.27,-1.46,-1.5,-1.26,-1.83,-1.82,-1.82,-0.98,-2.04,-2.37,-1.96,-5.31,-5.51,-3.33,-3.46,-2.06,-2.91,-3.58,-3.84,-4.38,-4.82,-5.51,-5.65,-5.37,-5.01,-5.0,-4.76,-4.43,-4.4,-4.39,-4.25,-4.34,-5.08,-4.42,-4.11,-3.18,-3.04,-4.28,-5.58,-4.89,-4.03,-2.55,-1.78,-1.32,-1.1,-1.52,-0.99,-0.49,-0.57,-0.15,0.0,0.51,0.84,1.34
2.2,2.05,2.0,1.55,1.56,2.04,0.61,0.94,0.49,0.06,-0.08,-0.25,-0.53,-0.52,-0.19,-0.01,-0.36,-0.78,-1.01,-1.26,-1.64,-1.95,-1.62,-1.48,-1.34,-1.49,-1.11,-1.59,-1.53,-0.42,-1.72,-0.49,-1.86,-2.77,-1.61,-1.89,-1.0,-2.7,-4.03,-2.15,-2.6,-3.76,-4.61,-4.91,-5.71,-5.7,-5.49,-6.56,-6.62,-6.3,-5.8,-5.33,-4.63,-3.83,-3.91,-4.71,-4.97,-5.01,-3.99,-3.62,-3.37,-2.86,-3.17,-3.68,-5.34,-4.9,-3.42,-2.67,-2.26,-1.52,-1.23,-1.29,-0.99,-1.09,-0.99,-0.73,-0.63,-0.29,0.1
0.31,0.24,-0.01,-0.02,0.01,-0.24,-0.18,-0.44,-1.32,-1.35,-1.49,-1.59,-2.23,-2.41,-2.56,-2.18,-1.62,-1.63,-2.22,-2.57,-2.48,-2.24,-2.37,-1.8,-2.04,-2.55,-1.81,0.24,-0.51,-0.66,-1.09,-2.08,-2.99,-2.46,-2.73,0.07,0.57,-0.69,-0.98,-2.27,-4.4,-4.7,-5.52,-5.83,-6.24,-6.07,-6.14,-6.01,-6.42,-6.78,-6.29,-6.22,-5.52,-5.12,-5.14,-4.26,-4.11,-4.22,-3.71,-3.89,-3.82,-3.5,-3.4,-3.73,-5.15,-6.46,-4.41,-3.33,-3.38,-3.32,-2.43,-1.67,-1.63,-1.91,-1.57,-1.36,-0.71,-0.62,-0.4
-1.25,-1.23,-1.77,-1.63,-2.37,-2.38,-2.3,-2.46,-2.65,-2.83,-3.1,-3.31,-3.35,-2.87,-2.92,-2.74,-3.01,-3.39,-3.69,-3.77,-3.82,-4.08,-3.74,-3.35,-3.07,-3.25,-3.51,-2.95,-2.78,-3.58,-3.6,-3.58,-3.33,-2.93,-2.17,-2.31,-2.94,-4.0,-4.37,-4.95,-4.77,-5.59,-6.52,-6.69,-7.1,-7.18,-7.33,-7.13,-7.22,-7.57,-7.41,-6.98,-6.11,-5.61,-5.0,-5.07,-5.12,-5.41,-5.52,-5.13,-4.96,-4.92,-5.16,-5.22,-4.51,-4.7,-4.8,-3.89,-3.44,-3.55,-3.26,-3.42,-2.49,-2.78,-1.49,-2.04,-1.52,-1.57,-1.3
-3.67,-3.17,-3.62,-3.76,-3.6,-4.15,-4.15,-4.2,-4.48,-4.72,-5.16,-5.15,-4.87,-4.41,-4.03,-4.36,-4.7,-4.79,-4.77,-4.43,-4.27,-4.73,-4.91,-5.08,-4.62,-4.86,-5.01,-4.09,-4.98,-4.89,-4.65,-4.15,-3.35,-2.99,-4.2,-5.12,-5.49,-5.5,-5.52,-5.38,-5.63,-6.6,-7.08,-7.41,-8.02,-8.9,-8.57,-8.06,-7.92,-7.85,-7.62,-7.68,-7.11,-6.25,-5.72,-5.17,-4.82,-4.99,-5.24,-4.78,-4.78,-4.9,-5.02,-5.44,-5.86,-5.52,-5.25,-4.69,-4.02,-4.46,-3.89,-3.89,-4.05,-3.82,-2.57,-3.14,-3.4,-2.96,-2.6
-3.63,-4.01,-4.37,-5.73,-5.09,-5.3,-5.97,-5.67,-5.32,-5.15,-5.31,-5.21,-5.48,-5.79,-5.4,-5.18,-5.29,-5.47,-5.45,-5.53,-5.37,-5.7,-5.59,-6.23,-5.98,-5.92,-6.02,-6.18,-6.0,-5.57,-5.22,-5.21,-5.21,-5.49,-5.99,-6.57,-6.66,-6.67,-6.4,-5.91,-6.35,-7.09,-7.3,-8.03,-8.72,-9.14,-8.99,-8.82,-8.64,-8.2,-7.98,-7.45,-6.75,-5.75,-5.62,-5.89,-5.97,-5.9,-5.64,-5.58,-5.56,-5.39,-4.93,-4.95,-5.36,-5.43,-5.38,-4.86,-4.49,-4.65,-4.86,-4.7,-4.63,-4.62,-3.98,-4.43,-4.27,-3.78,-4.07
-4.85,-5.41,-5.65,-5.73,-5.69,-6.23,-6.63,-6.7,-7.01,-7.33,-7.2,-7.1,-6.75,-6.65,-6.61,-6.43,-6.46,-6.65,-6.65,-6.52,-6.11,-6.41,-6.66,-6.94,-7.19,-6.89,-6.94,-6.86,-6.58,-6.63,-6.57,-6.54,-6.29,-6.78,-6.93,-7.33,-7.6,-7.45,-7.23,-6.94,-6.68,-7.05,-7.05,-7.45,-7.75,-8.26,-8.83,-8.7,-8.39,-8.27,-7.63,-7.57,-6.8,-6.41,-5.84,-6.08,-6.26,-6.16,-5.7,-5.75,-6.0,-6.28,-6.59,-6.68,-5.98,-5.81,-5.26,-4.81,-4.41,-4.69,-4.6,-4.95,-5.23,-5.01,-4.6,-4.88,-5.14,-5.37,-4.99
-5.83,-6.61,-6.42,-6.13,-6.38,-6.71,-7.4,-7.71,-8.2,-7.86,-8.18,-8.02,-7.56,-7.73,-7.63,-7.54,-7.52,-7.44,-7.35,-7.23,-6.82,-6.96,-7.33,-7.49,-6.96,-7.24,-7.2,-7.19,-7.14,-7.12,-7.22,-6.95,-7.0,-6.82,-7.73,-8.09,-8.13,-8.05,-7.64,-7.26,-7.02,-6.79,-6.55,-6.33,-7.03,-7.87,-8.4,-9.16,-9.14,-8.62,-8.63,-8.25,-7.31,-6.65,-6.32,-6.01,-5.96,-6.47,-6.21,-5.69,-5.7,-7.02,-7.43,-8.25,-7.31,-6.41,-5.63,-5.06,-4.39,-4.22,-4.23,-4.55,-4.77,-4.86,-4.86,-5.29,-5.69,-5.33,-5.2
-6.93,-6.66,-6.36,-6.56,-6.58,-7.17,-7.26,-7.07,-7.5,-7.21,-8.11,-8.73,-8.63,-8.83,-8.41,-8.14,-8.19,-7.92,-7.14,-6.8,-7.77,-7.5,-7.73,-7.39,-7.35,-7.05,-7.46,-7.57,-7.45,-7.53,-7.62,-7.26,-6.97,-7.33,-6.78,-6.18,-7.03,-8.19,-7.98,-7.57,-7.0,-6.77,-5.96,-5.69,-6.6,-7.29,-7.43,-7.89,-8.17,-8.32,-8.03,-8.82,-8.02,-7.56,-7.09,-7.03,-6.91,-6.29,-5.74,-6.22,-6.38,-5.82,-5.3,-7.06,-8.61,-7.51,-6.04,-5.25,-4.91,-4.32,-3.92,-4.0,-4.26,-4.52,-4.6,-5.08,-5.2,-5.04,-5.03
-7.09,-7.2,-6.71,-6.53,-7.15,-7.0,-6.86,-6.79,-7.29,-7.44,-7.95,-8.81,-9.4,-9.58,-9.1,-8.52,-8.59,-8.29,-7.7,-7.53,-7.88,-8.07,-7.92,-7.62,-7.47,-7.81,-7.74,-7.78,-7.63,-7.59,-7.87,-7.82,-7.15,-6.84,-6.62,-6.7,-6.87,-7.0,-7.88,-7.36,-6.72,-6.68,-3.34,-4.36,-6.84,-7.4,-7.76,-7.12,-7.31,-7.5,-7.93,-9.47,-8.51,-8.19,-7.99,-7.67,-7.12,-6.96,-6.83,-6.73,-6.34,-5.85,-5.51,-5.8,-7.34,-8.42,-7.01,-5.9,-5.15,-4.56,-4.06,-3.98,-3.85,-4.07,-4.03,-4.22,-4.44,-4.58,-4.58
-6.83,-6.71,-6.7,-6.86,-6.62,-6.56,-6.73,-6.23,-7.93,-7.19,-7.45,-7.97,-8.12,-8.76,-9.98,-9.03,-8.34,-8.8,-8.5,-8.24,-8.27,-8.42,-8.34,-8.13,-7.72,-8.11,-8.27,-8.44,-8.24,-8.13,-7.77,-7.92,-7.55,-7.1,-6.56,-6.6,-7.21,-7.36,-7.98,-7.51,-6.1,-3.52,-6.55,-4.58,-4.91,-2.91,-5.36,-6.86,-6.59,-7.38,-7.93,-9.06,-9.05,-8.77,-8.42,-8.0,-7.63,-7.34,-7.23,-6.97,-6.96,-6.91,-6.58,-6.89,-7.37,-8.37,-7.8,-6.52,-5.38,-4.57,-4.22,-3.97,-4.01,-4.2,-3.57,-3.59,-3.63,-3.57,-3.4
