static/gfs.json
{"header": {"discipline":0,"disciplineName":"Meteorological products","gribEdition":2,"gribLength":76458,"center":7,"centerName":"US National Weather Service - NCEP(WMC)","subcenter":0,"refTime":"2016-07-26T00:00:00.000Z","significanceOfRT":1,"significanceOfRTName":"Start of forecast","productStatus":0,"productStatusName":"Operational products","productType":1,"productTypeName":"Forecast products","productDefinitionTemplate":0,"productDefinitionTemplateName":"Analysis/forecast at horizontal level/layer at a point in time","parameterCategory":2,"parameterCategoryName":"Momentum","parameterNumber":2,"parameterNumberName":"U-component_of_wind","parameterUnit":"m.s-1","genProcessType":2,"genProcessTypeName":"Forecast","forecastTime":0,"surface1Type":103,"surface1TypeName":"Specified height level above ground","surface1Value":10.0,"surface2Type":255,"surface2TypeName":"Missing","surface2Value":0.0,"gridDefinitionTemplate":0,"gridDefinitionTemplateName":"Latitude_Longitude","numberPoints":65160,"shape":6,"shapeName":"Earth spherical with radius of 6,371,229.0 m","gridUnits":"degrees","resolution":48,"winds":"true","scanMode":0,"nx":360,"ny":181,"basicAngle":0,"subDivisions":0,"lo1":0.0,"la1":90.0,"lo2":359.0,"la2":-90.0,"dx":1.0,"dy":1.0}, "data":
[rows 35 to 69 of 181, columns 158 to 236 of 360]
-1.33,0.61,-0.36,0.8,-1.49,1.4,1.85,1.8,2.11,1.52,3.62,4.32,4.74,5.16,5.44,5.54,5.59,5.6,5.88,5.9,5.45,4.6,4.05,3.5,3.08,2.12,2.4,1.44,-0.41,-0.9,-0.32,0.22,0.76,1.49,2.18,2.6,3.36,3.49,5.43,5.65,4.15,4.55,-0.32,-2.3,-2.58,-3.42,-1.03,-1.81,-1.46,-1.57,-1.92,-2.08,-1.9,-1.98,-2.15,-1.65,-1.16,-1.46,-1.57,-0.92,-2.46,-2.62,-2.47,-2.0,-2.79,-3.0,-4.34,-4.83,-2.9,-0.37,-0.23,1.48,1.34,1.13,1.77,2.45,1.86,1.78,2.63
-0.79,-1.89,-2.47,1.6,2.42,2.39,2.19,2.13,1.96,1.37,1.22,2.4,3.47,4.41,5.24,5.6,5.66,5.51,5.38,5.35,5.18,4.48,3.27,2.82,2.89,2.51,2.05,2.33,1.46,0.13,-0.41,0.18,0.66,1.26,1.42,1.02,3.41,6.01,6.69,5.72,5.71,4.95,3.06,0.09,1.01,0.62,0.7,-0.59,0.09,0.44,-0.42,-0.82,-1.01,-1.46,-1.5,-1.2,-0.44,0.43,1.19,3.09,1.98,1.15,0.29,-1.3,-1.14,-0.55,0.04,-0.33,-2.5,-0.01,-2.48,-0.11,1.65,0.93,2.58,2.45,2.46,1.72,1.28
-2.06,-1.62,1.23,1.88,2.11,2.28,2.14,2.04,2.12,2.35,2.42,2.1,2.2,2.84,3.09,3.57,4.76,5.11,4.9,4.25,3.93,4.37,3.85,2.92,3.11,3.55,3.69,3.56,2.8,2.17,1.44,0.76,0.9,1.42,0.31,3.96,2.73,3.62,4.84,5.03,4.96,5.04,4.52,4.69,4.09,3.27,1.71,0.63,0.9,0.67,0.56,-0.2,-1.27,-1.81,-1.96,-2.18,-1.46,0.88,2.82,4.98,5.96,4.3,3.12,1.59,0.49,0.76,0.88,1.28,1.6,-0.55,1.32,-2.44,3.36,1.82,1.73,1.91,2.55,2.72,-0.56
-1.66,-1.39,-2.12,-1.62,-0.74,0.36,1.39,2.15,2.67,3.11,3.47,3.67,3.76,3.89,4.09,5.09,4.49,3.09,3.45,3.89,4.18,4.02,4.1,3.99,3.36,3.51,3.34,4.97,3.24,4.17,3.84,3.22,2.54,2.86,1.82,2.64,2.24,2.16,3.54,4.25,4.61,4.88,5.47,6.01,6.06,5.92,4.42,1.88,1.17,0.78,0.56,-0.57,-0.92,-1.19,-0.83,0.08,0.45,1.37,3.01,4.57,5.58,5.64,4.09,3.56,3.01,2.41,1.63,1.51,2.11,2.88,1.69,2.67,3.91,4.54,2.7,1.74,2.46,2.58,-0.49
-4.92,-4.85,-4.41,-4.06,-3.73,-3.32,-1.96,-0.43,0.93,2.12,3.11,3.87,4.2,4.33,4.44,4.62,5.08,4.77,4.48,3.96,4.17,4.22,5.07,4.48,4.52,3.92,4.36,3.04,4.62,4.52,4.39,4.52,4.7,4.38,3.92,3.22,2.72,2.89,2.87,3.94,5.21,6.0,6.55,7.43,7.85,7.91,6.94,4.71,2.18,1.87,2.37,2.73,3.13,3.34,3.28,2.98,2.85,3.04,3.85,4.76,5.85,5.55,4.48,4.07,3.29,2.74,2.32,2.69,2.67,3.31,3.9,3.69,3.07,4.32,5.16,2.75,2.02,1.62,2.15
-5.91,-4.98,-4.18,-3.68,-2.62,-1.05,-0.37,-2.38,-2.93,-0.79,0.88,2.03,2.95,3.78,4.19,4.27,4.36,4.63,4.54,4.63,5.06,5.16,4.82,4.49,4.25,4.44,4.2,3.87,2.9,3.11,3.16,3.22,3.8,4.28,4.59,4.85,4.92,5.1,5.12,5.14,5.45,6.1,6.93,7.36,7.6,7.94,7.6,6.85,5.74,4.7,4.72,4.78,5.16,5.47,5.34,4.63,3.92,3.58,4.31,4.92,5.32,5.11,4.71,4.17,3.22,2.69,2.96,3.59,4.08,3.91,3.89,3.99,4.38,4.55,8.72,2.01,1.14,0.22,2.07
-4.81,-3.52,-2.41,-1.43,-1.18,0.06,0.02,1.16,3.87,2.34,0.38,-1.35,0.13,2.48,3.5,3.95,4.23,4.19,4.14,4.38,4.46,4.79,5.1,5.15,5.08,5.15,5.8,4.54,3.47,2.27,2.96,3.52,3.39,3.78,4.17,4.53,5.08,5.58,5.67,5.75,6.04,6.43,6.57,7.05,7.37,7.42,7.25,7.22,6.72,6.49,6.17,6.0,6.11,6.29,5.99,5.15,4.33,3.98,3.72,3.97,4.73,4.65,4.55,4.24,3.68,2.94,3.17,4.0,4.53,4.95,5.07,4.71,4.56,5.51,7.49,9.28,8.46,2.1,-0.33
-1.13,-0.73,-1.02,0.0,0.53,-0.13,0.89,1.01,1.23,3.34,3.37,3.25,3.43,2.22,0.99,1.12,2.8,4.08,4.75,4.99,5.16,5.37,5.68,5.76,5.71,5.41,5.71,6.37,5.4,4.67,3.85,3.49,3.31,3.17,3.38,3.2,3.59,4.48,4.75,4.71,4.95,5.59,5.9,6.2,6.43,6.39,6.47,6.41,5.99,5.87,5.61,5.61,6.79,6.73,6.11,5.65,4.82,3.92,3.82,4.01,4.02,4.47,4.94,4.74,4.34,4.14,3.49,4.22,4.74,4.84,5.19,5.61,5.11,5.15,6.19,7.49,7.67,4.54,2.73
0.49,0.8,0.66,0.0,0.49,1.15,0.65,0.9,0.77,2.47,3.62,2.12,1.55,2.06,3.36,4.29,4.49,3.48,3.34,4.33,5.24,5.64,5.74,5.86,6.08,6.22,6.42,6.65,7.28,6.78,6.85,6.68,6.86,6.56,6.02,5.58,4.59,3.85,3.69,4.17,4.49,4.93,5.37,5.46,5.49,5.58,5.7,5.57,5.33,5.32,5.89,6.41,6.25,6.15,5.78,5.14,4.11,4.27,3.78,4.06,4.87,5.03,4.69,4.69,4.46,3.65,3.9,4.29,4.36,4.54,4.63,4.94,5.19,5.02,5.41,5.44,5.59,5.34,4.71
0.4,0.37,-0.19,-0.45,-0.17,-0.16,0.35,1.17,0.2,1.31,3.32,4.46,4.21,3.95,3.84,4.21,4.35,4.83,5.69,5.61,5.14,5.15,5.34,5.35,5.83,6.28,6.68,6.85,7.33,7.89,7.9,7.92,7.93,7.82,7.9,7.93,7.33,6.28,6.39,5.4,5.26,5.75,6.03,6.18,6.25,6.26,6.4,6.55,6.61,6.29,5.39,5.35,5.04,4.85,4.24,3.74,3.93,3.95,4.62,4.99,4.5,3.95,4.16,4.31,4.23,3.91,3.89,4.0,3.96,3.9,4.12,4.62,4.62,4.58,4.29,3.87,3.32,3.61,2.08
0.22,-0.56,-1.72,-1.73,-1.26,-1.46,-0.42,-0.39,0.19,1.01,2.11,2.82,3.77,4.57,4.88,4.71,5.24,5.37,5.78,5.96,6.29,6.89,7.15,7.14,6.74,6.39,6.92,7.52,7.98,8.42,8.51,8.43,8.45,8.6,8.8,9.02,8.91,8.47,8.57,8.84,8.7,8.68,8.35,8.37,8.17,7.89,7.99,8.29,8.33,6.46,5.25,4.79,3.85,3.71,4.18,3.5,3.61,3.95,3.86,3.55,3.35,3.41,3.56,3.64,3.83,3.92,3.97,3.89,3.98,4.08,3.71,4.09,4.2,3.6,3.4,2.42,2.14,2.24,2.89
-1.01,-2.38,-3.63,-3.13,-2.38,-1.45,-0.94,-1.02,-0.36,0.12,0.03,0.46,0.93,1.84,2.45,3.47,4.05,4.86,5.41,5.86,6.52,6.81,7.05,7.49,8.11,8.82,9.32,9.43,9.53,10.09,10.26,9.46,9.22,9.56,9.71,10.41,10.82,10.61,10.65,11.09,11.28,10.83,9.91,9.48,9.11,8.57,8.82,8.89,7.22,6.17,5.07,4.36,4.4,4.01,3.38,3.32,2.99,2.47,2.51,1.99,2.12,2.56,2.84,3.1,3.61,3.92,3.67,3.54,3.57,3.54,3.94,3.63,3.9,2.83,2.21,1.56,1.48,1.94,2.27
-2.9,-4.05,-3.68,-3.04,-2.45,-2.1,-1.82,-2.14,-2.05,-1.17,-0.63,-0.43,-0.09,0.64,1.64,2.02,2.91,3.98,4.51,4.86,5.36,6.03,6.67,7.35,7.39,7.53,8.04,8.96,9.96,10.89,11.15,10.96,10.41,10.44,10.73,11.15,11.36,11.73,11.11,10.58,10.63,10.63,9.39,8.53,9.13,8.74,8.06,7.21,6.49,5.71,4.93,4.29,3.85,3.7,3.66,3.12,2.78,2.38,1.94,1.24,1.38,1.69,1.97,2.36,2.81,3.22,3.31,3.21,3.25,3.17,3.35,2.93,2.99,2.75,1.81,1.6,1.16,-0.12,1.81
-3.43,-2.12,-3.36,-3.34,-3.05,-2.85,-3.21,-2.9,-2.69,-1.92,-1.16,-0.65,-0.97,-0.63,0.09,0.3,0.39,0.64,1.92,3.15,4.24,4.97,5.66,6.25,6.87,7.75,8.33,8.53,8.48,8.76,8.87,9.59,10.3,10.4,10.38,10.63,10.85,10.67,9.97,10.15,9.93,9.78,8.71,7.49,7.36,6.84,6.43,6.28,5.87,4.98,4.43,3.44,3.62,3.36,3.32,3.18,3.15,2.51,1.23,1.2,1.18,1.4,1.45,1.9,2.49,2.72,2.72,2.6,2.3,2.37,2.5,2.29,2.3,2.63,2.05,2.1,1.82,2.29,2.32
-2.07,-2.72,-3.73,-3.83,-4.14,-3.95,-4.3,-3.65,-2.8,-2.59,-2.19,-1.67,-1.51,-1.31,-0.97,-0.56,-0.15,0.38,1.22,1.99,2.76,3.46,4.19,4.98,5.9,6.76,7.15,7.56,7.79,7.95,7.43,8.18,8.64,8.99,9.43,8.73,8.9,9.26,8.98,8.8,8.23,7.75,6.89,6.25,5.73,5.26,5.01,5.06,4.15,4.69,3.98,3.34,2.53,2.54,2.92,2.81,2.88,1.78,1.28,1.2,1.16,1.16,1.27,1.71,2.1,2.1,1.79,1.37,1.07,1.11,1.84,1.76,1.76,2.59,2.56,2.73,2.61,2.18,1.81
-2.36,-3.53,-4.73,-4.62,-5.09,-5.33,-5.12,-4.84,-4.58,-3.92,-3.68,-3.63,-3.15,-2.73,-2.37,-2.13,-1.78,-1.36,-0.74,0.14,1.2,2.15,2.97,3.6,4.68,5.34,5.22,5.79,6.46,6.52,6.42,6.92,6.8,7.53,7.68,7.59,7.24,7.07,6.65,6.54,6.65,6.12,5.39,4.72,4.05,3.92,3.8,2.86,4.21,3.46,3.03,2.21,2.0,2.08,1.75,1.62,1.69,1.07,1.07,1.28,1.06,0.72,0.57,0.63,0.67,0.53,0.29,0.1,0.13,0.2,0.6,1.45,1.3,2.31,2.67,2.65,2.23,1.61,1.91
-3.29,-4.19,-5.44,-5.42,-5.69,-5.66,-6.15,-6.52,-5.58,-4.82,-4.84,-5.05,-4.57,-4.05,-3.49,-3.27,-2.9,-2.72,-2.74,-1.88,-1.06,-0.3,0.69,1.91,2.39,3.22,4.31,4.53,4.56,4.63,4.56,5.56,5.9,5.94,6.02,5.74,5.22,4.91,4.85,4.9,4.62,4.23,3.09,2.94,2.63,1.25,2.17,3.12,2.79,1.98,1.37,1.34,1.18,1.2,0.53,0.14,0.1,-0.05,0.36,0.22,0.11,-0.41,-0.49,-0.88,-0.97,-0.98,-0.82,-0.75,-0.69,-0.58,-0.27,0.61,1.06,1.93,2.28,2.55,2.56,3.16,4.05
-3.53,-5.16,-6.01,-5.77,-6.36,-5.95,-6.4,-6.28,-6.07,-5.78,-5.8,-5.9,-5.37,-5.1,-4.6,-4.27,-4.28,-3.82,-3.5,-3.08,-1.92,-1.32,-1.78,0.37,1.12,0.65,1.27,2.35,3.09,3.25,3.36,3.83,4.15,4.03,4.03,3.72,3.44,3.37,3.18,2.96,2.23,1.45,1.24,0.68,0.36,2.36,1.52,1.83,0.79,0.08,-0.11,-0.02,0.12,-0.22,0.48,-0.39,-1.8,-0.35,-0.13,-0.52,-1.43,-1.72,-2.08,-2.17,-2.01,-1.84,-1.58,-1.41,-1.4,-1.23,-1.03,-0.37,0.7,1.23,1.9,2.6,2.97,3.72,3.48
-4.17,-6.06,-6.29,-5.99,-7.16,-6.34,-6.46,-5.83,-5.92,-6.48,-6.6,-6.42,-5.73,-5.44,-5.32,-5.11,-4.23,-3.91,-3.99,-3.83,-3.4,-3.38,-4.11,-2.68,-1.93,-1.81,-0.6,0.18,0.69,0.85,1.03,1.28,1.28,1.49,1.91,1.99,1.72,1.57,0.95,0.24,-0.41,-0.39,-0.33,-0.02,1.73,0.88,0.85,0.78,0.93,0.62,-0.92,-0.82,-1.1,-0.48,-1.89,-1.78,-2.73,-1.39,-1.4,-2.24,-2.45,-2.85,-3.17,-3.3,-3.1,-2.75,-2.25,-2.05,-2.06,-1.97,-1.81,-1.34,0.06,0.83,1.55,2.58,2.78,3.48,4.53
-5.54,-6.06,-5.87,-5.51,-7.0,-6.89,-6.92,-6.09,-6.38,-7.45,-8.13,-7.57,-6.72,-5.94,-5.57,-5.53,-5.06,-5.07,-4.81,-4.34,-4.74,-4.82,-4.79,-4.31,-3.85,-3.47,-2.8,-2.3,-1.75,-1.56,-1.53,-1.17,-0.66,-0.17,0.13,0.15,0.13,-0.67,-1.17,-2.09,-1.44,-1.12,0.74,2.1,0.89,0.71,1.09,1.32,2.88,1.51,-0.41,-0.5,-2.21,-1.89,-2.27,-2.96,-2.89,-2.18,-2.34,-3.2,-3.7,-4.06,-4.35,-4.45,-4.27,-3.84,-3.33,-3.01,-3.08,-3.0,-2.9,-2.23,-0.71,0.09,0.75,1.27,1.91,2.08,3.19
-3.8,-6.11,-5.74,-5.18,-4.73,-5.83,-5.89,-6.59,-7.06,-8.01,-8.67,-8.33,-7.66,-6.73,-5.87,-5.88,-6.22,-6.47,-6.2,-5.74,-6.2,-5.97,-5.68,-5.3,-5.15,-4.48,-4.23,-3.93,-3.72,-3.46,-2.99,-2.49,-1.9,-1.38,-1.53,-1.21,-1.64,-2.78,-3.15,-3.16,-1.88,0.6,-0.07,-0.5,-0.15,0.89,1.62,1.88,2.45,1.73,0.49,0.5,0.66,-3.55,-2.65,-2.87,-2.49,-2.89,-3.33,-4.08,-4.67,-4.83,-5.29,-5.49,-5.53,-5.49,-5.11,-4.77,-4.55,-4.45,-3.85,-3.28,-2.25,-2.16,-1.01,-0.27,0.46,1.26,1.79
-7.75,-6.46,-6.14,-5.72,-4.55,-4.32,-5.45,-6.85,-8.24,-8.5,-8.92,-9.63,-9.34,-8.0,-6.43,-6.22,-7.34,-7.16,-6.73,-6.06,-6.57,-6.63,-6.65,-6.56,-6.0,-5.92,-5.5,-4.97,-4.84,-4.65,-4.21,-3.58,-3.08,-2.99,-2.47,-2.56,-2.83,-3.25,-2.89,-0.69,-0.29,-1.06,-1.11,-1.43,-0.74,0.5,1.21,1.42,1.87,1.05,0.66,1.55,0.82,-1.91,-3.09,-2.63,-3.26,-3.76,-4.09,-4.57,-5.07,-5.57,-6.02,-6.29,-6.61,-6.65,-6.5,-6.68,-6.52,-5.99,-5.2,-4.83,-3.91,-2.93,-1.78,-1.24,-0.23,0.61,0.93
-6.32,-6.11,-5.64,-6.87,-5.96,-4.94,-5.46,-6.82,-6.89,-8.66,-8.67,-8.56,-9.26,-9.05,-7.29,-6.76,-7.22,-6.71,-6.21,-7.55,-8.0,-7.74,-7.53,-7.33,-6.9,-6.84,-6.35,-5.79,-5.62,-5.41,-5.15,-4.85,-4.43,-4.27,-4.13,-3.74,-2.96,-2.3,-1.89,-2.08,-2.24,-2.09,-1.67,-1.67,-1.04,-0.59,-0.46,-0.04,0.71,-0.64,-0.9,-1.27,-0.12,-1.78,-2.84,-3.04,-4.55,-4.06,-4.67,-5.0,-5.72,-6.07,-6.51,-6.78,-6.96,-6.99,-6.92,-7.11,-7.11,-6.71,-6.09,-5.29,-4.35,-3.47,-2.95,-2.24,-1.35,-0.84,-0.37
-3.63,-5.57,-5.36,-5.55,-6.63,-6.46,-5.78,-6.22,-5.92,-7.81,-9.55,-8.74,-7.79,-9.48,-8.14,-7.72,-7.71,-7.03,-6.86,-8.64,-8.89,-8.54,-7.89,-7.81,-7.4,-7.42,-6.99,-6.5,-6.47,-6.39,-6.29,-6.07,-5.79,-5.54,-5.29,-5.12,-4.65,-4.1,-3.84,-3.93,-3.46,-3.01,-2.95,-2.01,-2.0,-2.24,-1.77,-1.54,-1.52,-2.49,-3.87,-3.62,-1.2,-2.86,-3.14,-4.13,-4.74,-4.6,-5.03,-5.53,-6.26,-6.56,-6.92,-7.15,-7.11,-7.0,-7.09,-7.16,-6.9,-6.49,-6.12,-5.53,-4.91,-4.45,-3.86,-3.32,-2.75,-2.28,-1.75
-2.19,-3.94,-4.75,-4.12,-4.42,-6.55,-6.32,-5.91,-5.77,-6.79,-9.84,-11.09,-10.21,-7.28,-9.6,-8.37,-7.79,-7.68,-7.88,-8.95,-9.45,-9.18,-8.43,-8.28,-7.93,-7.88,-7.7,-7.06,-7.05,-7.09,-7.23,-7.35,-6.82,-6.34,-6.51,-6.15,-5.69,-5.63,-5.16,-4.67,-4.87,-4.74,-4.13,-3.78,-3.44,-3.46,-3.22,-2.66,-3.61,-3.97,-3.72,-2.59,-3.73,-4.13,-4.13,-5.06,-4.95,-5.1,-5.72,-6.28,-6.69,-6.93,-7.21,-7.34,-7.25,-7.11,-7.15,-7.17,-7.03,-6.6,-6.21,-5.8,-5.26,-4.82,-4.59,-4.18,-3.66,-3.39,-2.82
-2.71,-3.14,-2.99,-3.69,-4.13,-4.8,-6.28,-5.86,-5.25,-5.83,-7.7,-10.8,-11.28,-9.26,-8.58,-8.74,-8.45,-8.69,-8.81,-9.12,-9.49,-9.56,-9.19,-8.64,-8.4,-8.24,-8.44,-8.27,-7.47,-7.18,-7.33,-7.38,-7.54,-7.51,-7.43,-7.48,-6.82,-6.0,-5.85,-5.48,-5.47,-5.35,-5.05,-4.89,-4.77,-3.83,-3.97,-4.35,-4.43,-4.16,-3.78,-4.71,-5.15,-4.75,-5.28,-5.32,-5.43,-5.97,-6.43,-6.84,-6.97,-7.25,-7.24,-7.42,-7.34,-7.29,-7.37,-7.22,-6.94,-6.41,-5.92,-5.5,-5.2,-5.15,-4.97,-4.58,-4.26,-4.0,-3.37
-3.76,-3.05,-2.51,-2.79,-3.96,-4.94,-6.05,-5.38,-4.56,-4.34,-6.33,-8.29,-9.79,-9.74,-8.21,-9.04,-9.24,-8.85,-9.1,-9.09,-9.07,-9.12,-9.44,-9.28,-8.79,-8.37,-8.72,-8.72,-8.39,-8.29,-8.26,-8.29,-8.01,-8.26,-8.44,-7.9,-7.27,-6.83,-6.47,-6.35,-5.58,-5.67,-6.2,-6.04,-5.9,-5.63,-5.35,-5.12,-4.91,-4.19,-4.65,-5.06,-6.23,-5.66,-5.51,-5.57,-6.16,-6.7,-6.87,-7.17,-7.25,-7.3,-7.21,-7.38,-7.33,-7.46,-7.72,-7.39,-6.84,-6.22,-5.8,-5.45,-5.36,-5.27,-5.0,-4.78,-4.63,-4.35,-3.5
-2.87,-2.39,-2.08,-2.3,-2.69,-4.4,-5.55,-5.76,-3.92,-3.27,-5.31,-7.19,-8.23,-8.84,-7.72,-8.36,-8.74,-7.82,-8.92,-9.07,-8.86,-8.65,-8.29,-8.39,-9.06,-9.51,-9.41,-8.88,-8.43,-8.59,-8.44,-8.26,-8.15,-8.34,-8.11,-7.94,-7.93,-7.74,-7.28,-6.89,-6.88,-7.2,-7.82,-7.55,-7.11,-6.63,-6.76,-5.89,-4.62,-4.28,-3.73,-5.98,-6.88,-6.22,-5.57,-5.87,-6.69,-6.82,-6.86,-7.41,-7.37,-7.27,-7.1,-7.27,-7.42,-7.64,-7.74,-7.34,-6.79,-6.24,-5.79,-5.48,-5.24,-4.99,-4.8,-4.71,-4.56,-4.3,-3.72
1.14,0.19,-0.9,-2.22,-2.16,-3.75,-4.9,-5.61,-3.78,-3.01,-3.17,-5.35,-6.54,-6.97,-7.43,-8.45,-8.49,-7.33,-8.11,-8.58,-8.6,-8.49,-8.27,-8.12,-7.83,-7.71,-7.82,-8.01,-8.28,-8.58,-8.81,-8.75,-8.44,-8.08,-7.7,-7.47,-7.02,-7.52,-7.87,-7.84,-7.78,-6.92,-8.23,-8.3,-8.85,-7.77,-7.65,-5.78,-4.5,-3.78,-3.42,-4.71,-6.21,-6.19,-5.82,-6.39,-6.83,-6.85,-7.06,-7.4,-7.37,-7.24,-7.15,-7.38,-7.52,-7.69,-7.7,-7.31,-6.83,-6.27,-5.78,-5.37,-4.96,-4.7,-4.43,-4.5,-3.92,-3.66,-3.27
4.16,1.5,-0.79,-0.84,-1.87,-2.38,-3.67,-4.85,-4.0,-3.07,-3.0,-4.64,-5.23,-6.31,-8.36,-9.39,-8.52,-7.88,-7.98,-7.55,-8.19,-8.43,-8.38,-8.31,-8.0,-7.83,-7.91,-7.83,-8.17,-8.21,-8.37,-8.34,-8.24,-7.61,-7.26,-6.74,-6.95,-7.81,-8.03,-8.38,-8.11,-8.51,-9.13,-9.74,-8.43,-8.63,-7.45,-7.34,-4.82,-3.7,-3.16,-3.66,-4.52,-5.99,-6.23,-6.53,-6.86,-6.72,-7.18,-7.18,-7.3,-7.16,-7.21,-7.41,-7.6,-7.59,-7.61,-7.22,-6.8,-6.31,-5.82,-5.33,-4.92,-4.53,-4.25,-3.73,-3.07,-2.58,-2.27
0.49,-0.59,-0.17,-0.81,-2.82,-1.03,-3.64,-3.41,-4.03,-3.28,-3.16,-4.63,-3.82,-5.38,-7.71,-9.66,-9.36,-8.57,-8.45,-7.77,-7.41,-8.37,-8.68,-8.62,-8.51,-7.98,-7.7,-7.71,-7.85,-8.0,-8.03,-7.77,-7.81,-7.53,-6.98,-6.6,-7.01,-7.3,-7.78,-7.69,-8.85,-9.38,-9.01,-10.1,-9.84,-8.68,-6.72,-6.85,-5.33,-3.99,-3.08,-2.94,-4.01,-5.56,-6.48,-6.52,-6.81,-6.74,-7.19,-7.03,-7.13,-7.18,-7.3,-7.53,-7.72,-7.64,-7.54,-7.2,-6.76,-6.34,-5.86,-5.36,-4.87,-4.5,-3.94,-3.07,-1.99,-1.28,-1.15
-0.53,-3.81,-2.79,-2.73,-0.74,-2.16,-1.67,-3.77,-3.61,-3.06,-2.06,-3.6,-4.64,-5.03,-6.13,-8.83,-8.59,-9.15,-8.68,-8.09,-7.46,-7.42,-7.69,-8.11,-8.85,-8.39,-7.87,-7.33,-7.51,-7.79,-7.48,-7.16,-7.23,-7.4,-6.65,-6.45,-6.88,-6.62,-7.3,-6.4,-7.75,-7.29,-5.28,-6.06,-7.26,-8.15,-6.35,-5.69,-5.03,-4.38,-4.01,-3.35,-4.29,-5.42,-6.29,-6.51,-6.6,-6.77,-7.0,-6.93,-6.98,-7.14,-7.4,-7.57,-7.93,-7.62,-7.48,-7.21,-6.83,-6.37,-5.87,-5.32,-4.87,-4.4,-3.7,-2.87,-2.02,-1.29,-0.81
1.02,-3.27,-0.57,-3.56,-0.73,-0.73,-2.05,-2.96,-3.34,-2.26,-0.78,-0.77,-2.67,-4.1,-4.75,-6.77,-7.16,-8.12,-8.19,-7.89,-7.61,-7.4,-7.42,-7.38,-7.47,-7.87,-7.89,-7.4,-6.9,-6.36,-6.69,-7.24,-7.45,-7.05,-6.5,-6.32,-6.39,-6.3,-6.18,-5.79,-5.09,-3.2,-1.79,-5.0,-6.09,-6.86,-6.76,-5.64,-5.53,-5.02,-4.62,-4.44,-4.59,-5.66,-6.23,-6.36,-6.53,-6.72,-6.72,-6.77,-6.89,-7.04,-7.45,-7.7,-7.89,-7.67,-7.27,-7.01,-6.78,-6.31,-5.79,-5.41,-5.17,-4.73,-3.89,-2.92,-2.13,-1.59,-0.94
1.14,-0.67,-1.03,-1.0,-1.45,-0.87,-2.17,-2.77,-3.72,-2.12,-1.49,-0.14,-1.62,-3.04,-5.17,-5.55,-6.89,-6.73,-7.93,-7.53,-7.85,-7.93,-7.63,-7.19,-6.69,-5.97,-6.53,-6.98,-6.72,-6.61,-6.9,-7.12,-7.18,-6.87,-6.4,-5.98,-5.8,-5.27,-4.75,-4.82,-2.48,1.19,-1.44,-1.44,-6.59,-6.24,-6.79,-5.76,-5.89,-6.03,-5.74,-5.17,-5.15,-5.99,-6.19,-6.33,-6.43,-6.59,-6.48,-6.58,-6.75,-7.1,-7.25,-7.38,-7.54,-7.54,-7.01,-6.52,-6.28,-5.98,-5.78,-5.8,-5.39,-4.57,-3.68,-2.97,-2.48,-1.92,-1.13
-0.08,-0.31,-0.84,-1.02,-0.81,-1.24,-0.35,-2.38,-3.52,-2.3,-0.2,-0.71,-2.58,-3.82,-3.59,-5.22,-7.13,-6.89,-7.33,-7.05,-7.95,-8.11,-8.0,-7.66,-7.35,-7.01,-6.89,-6.54,-6.69,-6.65,-7.14,-6.73,-6.49,-6.7,-6.2,-6.12,-5.0,-4.64,-3.83,-3.19,-0.6,1.57,-0.12,-0.37,-2.63,0.76,-5.76,-6.19,-6.06,-6.1,-5.98,-5.58,-5.88,-6.31,-6.28,-6.36,-6.4,-6.42,-6.26,-6.43,-6.66,-6.84,-7.11,-7.32,-7.39,-7.14,-6.63,-6.01,-5.74,-5.55,-5.6,-5.48,-5.1,-3.75,-3.75,-4.15,-3.97,-3.35,-2.65
