static/gfs.json
{"header": {"discipline":0,"disciplineName":"Meteorological products","gribEdition":2,"gribLength":76654,"center":7,"centerName":"US National Weather Service - NCEP(WMC)","subcenter":0,"refTime":"2016-08-27T12:00:00.000Z","significanceOfRT":1,"significanceOfRTName":"Start of forecast","productStatus":0,"productStatusName":"Operational products","productType":1,"productTypeName":"Forecast products","productDefinitionTemplate":0,"productDefinitionTemplateName":"Analysis/forecast at horizontal level/layer at a point in time","parameterCategory":2,"parameterCategoryName":"Momentum","parameterNumber":2,"parameterNumberName":"U-component_of_wind","parameterUnit":"m.s-1","genProcessType":2,"genProcessTypeName":"Forecast","forecastTime":0,"surface1Type":103,"surface1TypeName":"Specified height level above ground","surface1Value":10.0,"surface2Type":255,"surface2TypeName":"Missing","surface2Value":0.0,"gridDefinitionTemplate":0,"gridDefinitionTemplateName":"Latitude_Longitude","numberPoints":65160,"shape":6,"shapeName":"Earth spherical with radius of 6,371,229.0 m","gridUnits":"degrees","resolution":48,"winds":"true","scanMode":0,"nx":360,"ny":181,"basicAngle":0,"subDivisions":0,"lo1":0.0,"la1":90.0,"lo2":359.0,"la2":-90.0,"dx":1.0,"dy":1.0}, "data":
[rows 70 to 104 of 181, columns 158 to 236 of 360]
1.4,1.89,1.91,2.08,1.52,1.55,1.22,1.04,1.94,0.76,1.42,2.31,2.45,2.33,1.44,1.56,0.94,0.6,0.73,0.19,-0.05,-0.97,-2.07,-2.24,-2.82,-3.88,-3.99,-4.37,-4.66,-5.12,-5.12,-4.8,-4.79,-5.3,-5.11,-6.04,-6.64,-6.21,-5.8,-5.4,-6.01,-6.4,-5.29,-4.64,-4.21,-6.58,-2.32,0.4,-3.13,-3.88,-4.46,-5.83,-6.9,-7.84,-7.66,-6.34,-5.36,-4.33,-3.38,-2.92,-2.63,-2.94,-3.12,-4.75,-6.15,-5.75,-6.05,-6.79,-6.85,-7.28,-6.96,-6.0,-5.68,-4.65,-4.66,-4.63,-4.79,-4.72,-4.4
0.97,1.7,2.65,3.58,2.98,2.26,3.31,2.27,2.57,0.43,1.34,3.35,3.1,1.93,1.64,1.87,0.64,0.06,-0.16,-0.59,-1.91,-2.12,-3.43,-3.23,-3.93,-4.82,-4.89,-5.41,-5.57,-5.97,-5.72,-5.63,-5.42,-5.25,-5.38,-5.75,-5.84,-6.28,-6.27,-5.72,-5.46,-4.68,-3.83,-4.43,-1.14,0.19,-1.97,-4.75,-3.33,-3.35,-3.15,-4.14,-5.41,-6.61,-7.03,-6.92,-6.46,-5.28,-4.39,-3.49,-2.98,-2.7,-3.58,-5.7,-6.43,-8.74,-6.44,-5.3,-5.56,-6.17,-7.67,-5.95,-5.64,-4.82,-4.18,-4.03,-4.2,-3.95,-3.81
-0.02,1.12,1.89,2.74,4.63,4.64,5.09,3.66,3.87,1.48,3.1,2.53,1.61,0.75,0.65,1.02,-0.68,-0.67,-0.54,-1.37,-2.73,-3.64,-4.05,-3.99,-4.65,-5.33,-5.91,-5.67,-5.85,-6.22,-6.03,-6.02,-5.8,-5.33,-5.48,-4.77,-5.29,-5.51,-5.8,-5.58,-5.53,-4.94,-5.41,-4.28,-5.03,-6.26,-6.7,-5.1,-4.01,-3.31,-2.77,-3.88,-5.67,-5.86,-5.24,-6.36,-6.37,-5.52,-4.51,-3.67,-3.01,-2.47,-3.11,-5.94,-7.02,-6.17,-5.4,-3.92,-4.5,-3.99,-5.66,-5.53,-5.2,-5.39,-4.02,-3.36,-3.37,-3.11,-2.68
-0.26,0.43,1.09,1.62,2.61,3.86,3.91,4.5,3.58,2.33,1.2,1.56,-0.29,0.26,0.03,0.51,-0.7,-0.26,-0.96,-1.75,-3.42,-4.09,-4.88,-4.5,-5.7,-5.74,-6.41,-6.32,-6.51,-6.4,-6.1,-5.85,-5.8,-5.73,-5.66,-4.9,-5.04,-4.53,-3.65,-4.49,-5.47,-5.58,-6.08,-5.77,-5.72,-6.92,-6.51,-5.22,-4.28,-3.59,-3.31,-3.51,-5.89,-5.77,-6.17,-5.78,-5.91,-5.26,-4.37,-3.18,-2.1,-1.58,-2.59,-6.08,-10.11,-8.66,-6.43,-3.33,-3.09,-3.34,-3.68,-5.54,-4.93,-5.01,-4.26,-3.07,-2.49,-2.18,-1.71
-1.2,-0.54,0.1,0.72,1.51,2.8,3.64,3.32,2.01,0.88,-0.08,-0.16,-0.84,0.15,0.44,0.79,-1.7,-1.45,-2.48,-3.11,-3.97,-4.81,-4.95,-5.23,-6.03,-6.53,-6.67,-7.16,-7.02,-6.94,-6.67,-6.3,-6.02,-5.51,-5.48,-4.86,-4.52,-4.03,-3.65,-3.15,-3.39,-2.63,-5.34,-6.57,-6.43,-6.53,-6.07,-5.38,-5.18,-4.99,-3.3,-3.18,-4.14,-5.46,-6.53,-6.21,-5.76,-4.96,-3.84,-2.27,-0.85,0.4,0.59,-4.9,-12.44,-8.85,-4.21,-1.33,-0.35,0.26,-2.73,-3.23,-4.35,-4.85,-4.15,-2.99,-1.92,-1.28,-0.92
-1.28,-1.25,-1.25,-0.69,-0.01,0.77,1.0,1.36,0.32,-1.07,-0.51,-0.38,-0.98,-0.74,-0.34,-0.38,-2.0,-2.71,-3.53,-4.31,-4.99,-5.28,-5.37,-5.9,-5.87,-6.5,-6.76,-6.92,-7.45,-6.95,-6.81,-6.36,-5.7,-5.8,-5.05,-4.6,-4.12,-4.19,-4.23,-3.89,-3.87,-4.28,-5.59,-6.22,-5.94,-5.66,-5.66,-6.37,-6.17,-4.37,-3.27,-3.27,-3.61,-4.53,-5.27,-6.62,-5.77,-4.78,-3.3,-1.36,0.83,3.42,6.75,2.67,-3.59,-1.27,1.52,1.11,2.58,3.21,2.39,-0.47,-1.31,-3.34,-3.5,-3.12,-2.19,-1.07,-0.4
-1.62,-1.39,-2.52,-1.78,-1.26,-0.89,-1.07,-1.11,-1.29,-1.16,-1.42,-1.5,-1.41,-1.2,-1.19,-1.6,-2.88,-3.79,-4.51,-5.32,-5.41,-5.71,-6.0,-5.83,-6.31,-6.03,-6.59,-6.27,-6.4,-6.47,-6.54,-6.43,-5.92,-5.51,-4.79,-4.26,-4.35,-4.32,-4.57,-4.44,-4.71,-4.81,-4.61,-5.48,-5.68,-5.5,-4.91,-4.43,-4.47,-4.76,-4.17,-3.15,-4.38,-4.31,-3.75,-5.61,-5.36,-4.59,-2.94,-0.81,1.62,4.92,10.23,14.97,14.22,4.49,7.23,4.77,3.45,4.88,5.14,3.88,2.07,1.86,-0.29,-1.73,-2.21,-1.31,-0.08
-1.81,-2.68,-3.47,-2.58,-2.57,-2.79,-2.13,-1.65,-1.19,-1.28,-2.5,-2.54,-2.09,-1.55,-1.58,-2.37,-3.39,-4.9,-6.01,-5.88,-5.28,-5.57,-5.56,-5.62,-5.84,-6.01,-6.31,-5.94,-5.5,-5.5,-5.48,-5.77,-5.69,-5.32,-5.06,-4.81,-4.38,-4.4,-4.47,-4.38,-5.17,-4.99,-4.48,-4.73,-3.7,-1.81,2.1,0.42,0.02,1.67,0.5,-1.09,-2.02,-2.7,-3.4,-3.22,-5.35,-4.25,-2.44,-0.59,1.49,4.49,6.34,9.29,8.79,7.75,8.37,6.22,5.79,5.89,6.94,5.81,5.3,2.59,4.62,3.88,-1.38,-1.14,0.39
-3.28,-3.23,-3.7,-3.33,-3.2,-2.59,-1.67,-2.51,-2.21,-2.5,-2.87,-3.14,-2.89,-2.29,-2.43,-3.51,-3.8,-5.56,-6.34,-5.44,-4.89,-4.46,-5.46,-5.59,-5.36,-5.49,-5.66,-5.59,-4.91,-4.45,-4.04,-5.36,-5.09,-4.75,-4.47,-4.34,-3.95,-3.81,-3.98,-4.26,-6.09,-3.99,-3.74,-1.22,1.3,4.84,4.13,5.54,5.06,6.67,3.2,3.95,5.34,5.93,-1.0,1.39,-3.45,-1.73,-1.19,-0.08,1.02,4.18,6.56,7.11,7.82,8.27,7.72,6.92,6.77,6.77,6.49,7.23,4.35,4.8,4.74,4.78,4.31,2.31,1.91
-4.21,-4.03,-3.62,-2.99,-2.01,-0.96,-0.44,-2.76,-2.93,-3.21,-3.56,-3.63,-3.63,-3.36,-2.71,-3.88,-4.47,-5.06,-4.6,-4.31,-4.45,-3.92,-5.04,-4.63,-4.48,-4.04,-4.07,-4.31,-4.27,-4.61,-4.19,-4.35,-4.13,-4.2,-4.28,-4.18,-3.33,-2.99,-3.55,-4.64,-5.39,-5.19,-0.24,0.86,4.02,5.87,5.43,5.36,6.06,6.6,6.66,5.99,6.0,6.33,6.98,6.01,6.79,7.85,7.28,7.71,7.11,6.92,7.59,6.5,7.24,6.57,7.22,6.04,6.46,6.76,6.4,6.07,4.78,5.6,4.86,5.43,4.92,4.86,4.46
-3.73,-3.05,-2.08,-1.86,-1.2,-0.69,-1.54,-2.41,-3.44,-3.59,-3.96,-3.92,-3.98,-3.83,-3.44,-3.19,-3.49,-4.13,-3.82,-4.06,-3.73,-3.46,-3.43,-3.41,-3.06,-2.52,-2.07,-1.68,-2.25,-4.04,-3.85,-3.4,-3.38,-3.14,-3.92,-3.52,-3.04,-2.13,-2.01,-5.21,-3.03,1.88,3.89,3.42,3.76,4.23,4.57,5.64,5.79,5.42,5.41,4.95,5.37,5.32,5.04,5.5,5.52,5.21,6.89,6.49,7.56,6.01,5.86,5.86,5.74,6.16,4.88,4.65,5.44,5.55,5.34,5.95,3.57,4.58,4.98,5.53,5.77,5.84,5.58
-1.8,-1.56,-1.85,-2.44,-1.89,-1.64,-2.02,-3.43,-3.44,-3.92,-4.2,-4.04,-3.81,-3.59,-3.4,-3.0,-3.0,-4.19,-3.1,-2.66,-2.59,-2.04,-1.15,0.1,0.51,0.47,1.03,1.72,2.71,0.11,-0.33,-1.4,-0.68,0.2,1.54,1.87,-0.33,-0.57,0.45,-3.63,-2.44,1.99,1.66,3.47,2.31,2.72,3.78,4.18,4.13,4.12,3.86,3.74,3.78,4.08,4.02,4.11,3.21,5.2,4.86,2.96,3.87,4.79,3.83,5.44,4.26,3.4,3.13,3.38,4.43,4.26,4.43,4.85,2.35,3.09,2.97,3.63,4.16,4.0,4.65
-1.95,-1.73,-1.96,-2.39,-2.27,-2.67,-3.05,-3.89,-3.78,-4.17,-4.5,-4.36,-3.76,-3.22,-2.48,-1.63,-3.39,-2.17,-2.35,-2.16,-1.77,-1.82,-1.75,-2.25,-1.88,-1.76,-1.39,-0.67,0.36,0.55,0.77,-0.52,0.16,1.24,1.9,2.41,3.32,3.37,1.78,3.86,2.64,1.3,0.85,1.05,0.75,1.34,1.89,2.5,2.88,2.23,2.09,2.03,2.22,2.7,2.71,2.8,2.73,2.93,4.1,1.23,0.76,2.63,2.52,2.84,2.04,1.75,1.32,2.19,2.51,2.23,2.29,2.8,3.09,1.58,1.32,1.63,2.26,2.83,3.05
-2.68,-2.21,-2.61,-3.34,-2.59,-3.01,-4.22,-4.36,-4.0,-4.54,-4.8,-3.79,-3.46,-2.98,-1.92,-0.87,-3.17,-1.49,-3.42,-2.49,-4.06,-4.04,-3.22,-2.81,-2.19,-1.6,-2.0,-0.67,-0.4,-0.6,-0.92,-0.87,-0.73,-0.69,0.89,1.25,1.59,2.76,2.18,2.52,1.47,0.08,0.17,0.13,-0.59,0.08,0.47,0.96,1.02,0.48,0.07,0.43,0.94,1.19,1.21,1.29,1.84,1.27,0.72,-0.68,-0.99,0.53,0.8,0.5,0.55,-0.08,0.09,0.19,0.38,0.45,0.44,1.26,1.46,0.42,0.09,0.26,0.35,0.53,1.27
-3.54,-2.95,-3.05,-3.65,-3.67,-4.22,-4.76,-4.39,-4.43,-4.43,-4.56,-4.48,-3.74,-3.45,-2.55,-1.81,-2.3,-4.77,-2.68,-3.65,-4.02,-3.05,-2.58,-2.57,-2.19,-1.51,-1.22,-0.84,-0.65,-0.95,-0.95,-0.79,-1.34,-1.15,-0.14,0.17,1.22,0.68,0.52,0.28,-0.75,-1.33,-0.76,-0.95,-1.13,-1.06,-0.94,-0.98,-0.71,-0.93,-0.96,-0.66,-0.26,-0.2,-0.19,0.28,0.21,-0.79,-1.03,-2.03,-2.46,-1.45,-1.36,-1.34,-1.62,-1.52,-1.22,-1.09,-1.29,-1.08,-1.63,-1.0,-0.59,-0.73,-0.88,-1.35,-1.19,-1.02,-0.38
-4.01,-3.93,-3.93,-4.21,-4.73,-5.27,-4.71,-4.34,-4.27,-4.64,-4.92,-5.17,-4.07,-3.97,-3.41,-3.08,-2.21,-4.13,-4.11,-4.64,-4.28,-3.47,-2.46,-2.12,-2.64,-1.93,-1.1,-1.41,-1.71,-1.87,-2.1,-2.61,-2.46,-1.98,-1.6,-1.52,-1.21,-0.89,-1.33,-1.47,-2.19,-2.1,-1.69,-1.91,-2.07,-2.26,-2.39,-2.37,-2.13,-1.94,-1.76,-1.48,-1.35,-1.5,-1.64,-1.41,-1.48,-2.09,-2.43,-3.27,-3.39,-3.05,-2.97,-3.04,-3.09,-2.49,-2.27,-2.61,-2.54,-3.0,-3.19,-3.26,-2.19,-1.91,-2.09,-2.13,-2.71,-2.03,-1.47
-4.69,-4.55,-5.32,-5.25,-5.42,-5.14,-4.65,-4.49,-4.64,-4.45,-5.16,-4.91,-5.07,-4.62,-3.79,-3.8,-3.15,-2.77,-4.58,-4.79,-4.18,-3.02,-2.44,-2.14,-2.13,-1.71,-1.97,-2.25,-2.19,-2.73,-3.23,-3.35,-3.25,-2.95,-2.77,-2.45,-2.29,-2.32,-2.81,-2.94,-3.01,-3.09,-3.17,-2.49,-3.02,-3.1,-3.13,-3.24,-3.19,-3.05,-2.8,-2.51,-2.61,-2.6,-2.47,-2.57,-2.78,-2.77,-3.25,-4.24,-4.24,-4.23,-4.09,-4.31,-4.2,-3.81,-3.21,-3.48,-4.09,-4.19,-4.17,-4.11,-3.86,-3.54,-3.43,-3.28,-2.92,-2.32,-2.26
-5.07,-5.69,-6.25,-5.66,-5.5,-4.98,-4.75,-4.95,-5.42,-5.17,-5.37,-5.24,-4.96,-4.54,-4.05,-4.12,-3.93,-3.48,-5.12,-4.86,-4.22,-3.12,-1.69,-1.85,-2.0,-2.12,-2.26,-3.04,-2.92,-3.27,-3.96,-3.96,-4.01,-3.69,-3.59,-3.27,-3.17,-3.58,-3.76,-3.91,-3.85,-3.91,-4.46,-4.0,-3.58,-3.58,-3.79,-4.07,-4.13,-3.92,-3.73,-3.62,-3.45,-3.41,-3.3,-3.21,-3.54,-3.47,-3.87,-4.86,-4.93,-5.23,-5.02,-4.85,-4.78,-4.36,-3.97,-4.17,-4.47,-4.67,-4.75,-4.62,-4.34,-4.38,-4.37,-4.17,-3.69,-3.14,-2.83
-5.78,-6.26,-6.43,-6.14,-5.6,-5.19,-5.17,-5.49,-5.8,-5.57,-5.48,-5.57,-5.17,-4.89,-4.37,-4.48,-4.46,-4.37,-4.49,-4.25,-3.78,-3.0,-2.35,-2.06,-2.24,-2.15,-2.25,-2.76,-3.35,-3.76,-4.33,-4.36,-4.55,-4.18,-4.05,-4.09,-4.14,-4.32,-4.5,-4.43,-4.39,-4.28,-4.57,-4.95,-4.31,-3.44,-4.56,-4.79,-4.91,-4.49,-4.52,-4.05,-3.94,-3.99,-3.67,-4.15,-4.12,-4.04,-3.92,-5.26,-5.41,-5.72,-5.68,-5.48,-5.07,-5.0,-4.86,-4.59,-4.61,-4.8,-5.01,-4.96,-5.04,-5.09,-4.88,-4.38,-3.92,-3.84,-3.52
-6.14,-6.05,-6.41,-6.47,-5.79,-5.59,-5.65,-5.85,-5.93,-5.71,-5.61,-5.5,-5.26,-4.94,-4.71,-4.3,-4.74,-4.92,-4.6,-4.32,-3.95,-3.5,-3.16,-2.74,-2.44,-2.13,-2.09,-2.75,-3.44,-4.63,-4.48,-4.52,-4.41,-4.41,-4.19,-4.14,-4.5,-5.04,-5.24,-5.06,-4.57,-4.45,-4.27,-4.47,-4.3,-4.07,-4.87,-4.94,-4.78,-4.5,-4.56,-5.01,-4.72,-4.69,-4.79,-4.72,-4.46,-3.92,-4.52,-5.17,-5.68,-6.1,-5.97,-5.67,-5.44,-5.32,-5.1,-4.76,-4.56,-4.68,-4.98,-5.01,-5.27,-5.38,-5.1,-4.74,-4.04,-3.91,-4.19
-5.85,-5.81,-6.72,-6.32,-6.2,-6.23,-6.03,-5.95,-5.66,-5.62,-5.94,-5.67,-5.61,-5.36,-5.03,-4.73,-4.91,-5.24,-4.76,-4.26,-3.88,-3.6,-3.2,-2.65,-2.46,-2.12,-2.22,-2.55,-3.37,-4.02,-4.78,-4.71,-4.71,-4.58,-4.13,-4.14,-4.4,-4.89,-5.59,-5.64,-5.44,-4.91,-4.57,-4.45,-4.09,-3.91,-4.39,-4.83,-4.78,-4.38,-4.75,-5.27,-5.6,-5.1,-5.2,-5.24,-4.96,-4.71,-4.87,-5.25,-5.62,-6.16,-6.29,-6.01,-5.45,-5.0,-5.05,-4.63,-4.34,-4.54,-4.7,-4.85,-5.02,-5.01,-4.78,-4.24,-4.63,-4.25,-4.21
-5.83,-6.39,-6.57,-6.56,-6.57,-6.44,-5.97,-5.59,-5.36,-5.18,-5.27,-5.35,-5.39,-5.73,-5.97,-5.63,-5.04,-5.05,-4.31,-3.95,-3.24,-3.09,-2.41,-2.26,-2.42,-2.31,-2.3,-2.55,-2.97,-3.58,-4.32,-4.98,-5.2,-5.03,-4.27,-4.14,-4.27,-4.95,-5.73,-6.22,-6.0,-5.64,-5.05,-4.69,-4.4,-4.28,-4.45,-4.89,-5.1,-4.7,-4.89,-5.32,-5.54,-5.72,-5.88,-5.87,-5.47,-5.19,-5.32,-5.48,-5.77,-5.99,-6.32,-6.35,-5.7,-4.92,-4.3,-4.25,-4.16,-4.41,-4.49,-4.47,-4.85,-4.84,-4.79,-4.48,-4.82,-4.41,-4.62
-5.99,-6.95,-6.31,-6.52,-6.66,-6.43,-5.83,-5.23,-5.37,-5.32,-5.42,-5.45,-5.39,-5.47,-5.22,-5.47,-5.74,-5.35,-4.79,-4.17,-3.46,-3.23,-2.68,-2.45,-1.67,-2.16,-2.9,-3.12,-2.95,-3.74,-4.44,-4.92,-5.34,-5.52,-4.97,-5.04,-5.0,-5.37,-5.84,-6.48,-6.31,-5.87,-5.28,-5.16,-5.17,-5.21,-5.25,-5.23,-5.28,-5.21,-5.38,-5.72,-5.67,-5.88,-6.19,-6.06,-5.74,-5.57,-5.43,-5.55,-5.79,-6.11,-6.44,-6.53,-6.15,-5.36,-4.56,-3.91,-4.01,-3.98,-4.39,-4.94,-4.93,-4.84,-4.7,-4.99,-5.17,-4.96,-4.85
-6.63,-6.68,-5.99,-6.0,-6.01,-5.92,-5.28,-5.0,-5.57,-5.59,-5.6,-5.46,-5.5,-5.24,-5.21,-5.07,-5.43,-5.28,-4.8,-4.3,-3.97,-3.67,-2.8,-2.74,-3.14,-3.69,-4.68,-3.97,-4.44,-5.11,-4.19,-5.27,-5.92,-5.59,-5.69,-5.59,-5.95,-6.46,-6.99,-6.88,-6.38,-6.02,-5.92,-5.89,-5.9,-5.74,-5.55,-5.67,-5.97,-5.95,-5.93,-6.19,-5.73,-5.76,-6.14,-6.19,-6.04,-5.73,-5.74,-5.85,-5.92,-6.21,-6.52,-6.63,-6.43,-6.03,-5.23,-4.72,-4.3,-4.22,-4.3,-4.94,-5.65,-5.53,-5.32,-5.06,-5.2,-5.41,-5.21
-6.65,-5.86,-5.64,-5.32,-5.64,-5.38,-4.67,-5.59,-5.53,-5.68,-6.33,-6.02,-5.76,-5.54,-5.25,-5.27,-5.33,-5.61,-5.01,-4.74,-4.16,-3.77,-3.44,-3.67,-4.23,-5.48,-7.11,-7.05,-7.19,-6.18,-5.87,-7.01,-6.3,-6.02,-5.87,-5.95,-6.95,-7.51,-7.63,-7.13,-6.76,-7.1,-7.12,-6.66,-6.39,-5.99,-5.82,-5.61,-6.13,-6.99,-6.82,-6.28,-6.06,-6.01,-6.34,-6.24,-6.17,-6.1,-5.99,-6.2,-6.19,-6.21,-6.53,-6.65,-6.36,-6.2,-5.95,-5.47,-4.98,-4.84,-5.03,-5.28,-5.54,-5.65,-5.33,-5.21,-5.33,-5.19,-5.17
-6.0,-5.21,-5.4,-5.3,-5.74,-5.41,-5.09,-5.69,-5.64,-5.23,-6.87,-6.31,-6.09,-5.76,-5.28,-5.57,-5.76,-5.25,-4.76,-4.51,-4.17,-3.75,-3.73,-3.54,-5.47,-6.06,-7.31,-7.71,-7.46,-7.45,-7.93,-7.93,-7.27,-7.04,-6.72,-6.63,-6.93,-8.42,-7.7,-6.97,-7.05,-7.72,-7.96,-7.61,-7.15,-7.03,-6.45,-6.72,-6.82,-7.5,-7.27,-6.92,-6.57,-6.52,-6.57,-6.61,-6.79,-6.44,-6.43,-6.66,-6.81,-6.72,-6.59,-6.27,-6.14,-6.09,-6.11,-5.77,-5.27,-5.07,-5.08,-5.33,-5.53,-5.38,-5.22,-5.23,-5.32,-5.52,-5.36
-5.34,-4.71,-5.07,-5.73,-6.03,-5.84,-5.88,-6.33,-5.6,-5.47,-6.31,-6.02,-6.38,-5.93,-5.55,-5.79,-6.22,-5.4,-4.88,-4.55,-4.34,-4.54,-4.87,-5.15,-6.13,-6.74,-7.32,-7.73,-7.75,-8.05,-8.41,-7.92,-7.82,-7.9,-7.5,-7.43,-7.42,-7.46,-7.52,-7.02,-7.49,-8.18,-8.69,-8.25,-7.76,-7.34,-6.93,-6.93,-7.87,-7.27,-6.86,-6.63,-7.02,-7.02,-6.71,-6.99,-7.63,-7.35,-7.34,-7.16,-6.92,-6.64,-6.36,-6.05,-6.03,-5.92,-6.1,-5.98,-5.41,-5.29,-5.43,-5.37,-5.46,-5.43,-5.39,-5.45,-5.5,-5.9,-6.04
-4.95,-4.79,-5.54,-5.62,-5.69,-5.41,-5.88,-6.29,-6.04,-5.87,-6.06,-6.07,-6.37,-6.21,-6.37,-6.38,-6.64,-5.89,-5.99,-5.96,-5.92,-6.08,-6.62,-7.05,-7.7,-7.61,-7.6,-8.34,-8.16,-8.13,-8.17,-8.02,-8.29,-8.13,-8.13,-8.17,-8.14,-7.36,-7.67,-6.97,-7.46,-8.98,-9.09,-8.81,-8.42,-7.79,-7.49,-7.89,-8.43,-7.46,-6.48,-6.19,-6.7,-6.54,-6.41,-7.29,-8.05,-7.98,-7.75,-7.09,-6.63,-6.83,-6.66,-6.91,-7.29,-6.93,-6.43,-6.01,-5.96,-6.39,-6.01,-5.62,-5.4,-5.33,-5.33,-5.57,-5.69,-5.76,-6.05
-3.42,-1.21,-3.78,-5.3,-4.77,-5.04,-5.36,-6.13,-6.05,-5.83,-6.02,-5.94,-6.27,-6.43,-6.96,-7.0,-7.71,-7.26,-7.61,-7.15,-7.76,-8.01,-8.22,-8.42,-8.58,-8.76,-8.27,-8.68,-8.09,-8.02,-7.7,-7.89,-8.12,-8.28,-8.63,-8.56,-8.55,-7.83,-7.42,-7.74,-8.14,-8.42,-9.3,-8.72,-8.47,-8.13,-7.93,-7.98,-8.26,-7.5,-7.01,-6.57,-6.44,-6.63,-7.63,-8.78,-8.83,-7.96,-7.95,-8.16,-7.73,-7.63,-7.78,-7.81,-7.75,-7.44,-6.76,-6.4,-6.63,-6.45,-6.43,-6.6,-6.2,-6.06,-5.45,-5.58,-5.68,-5.64,-6.08
-3.25,-0.19,-3.89,-1.28,-4.41,-4.25,-4.52,-6.02,-5.92,-5.84,-6.49,-6.61,-6.22,-6.62,-7.0,-7.17,-8.12,-8.02,-8.27,-8.0,-8.38,-8.1,-8.05,-8.71,-8.53,-8.98,-8.42,-8.73,-8.19,-7.94,-7.84,-7.84,-8.11,-8.5,-8.83,-8.78,-9.02,-8.9,-8.15,-7.83,-8.29,-8.4,-9.2,-8.3,-7.94,-8.5,-8.32,-8.06,-8.31,-7.92,-7.36,-7.21,-7.18,-7.6,-8.48,-8.88,-8.56,-7.63,-7.79,-8.31,-8.74,-8.26,-7.94,-7.77,-7.88,-7.32,-7.06,-6.94,-6.59,-6.4,-6.63,-5.97,-6.2,-6.48,-6.51,-5.78,-5.8,-5.87,-6.03
-1.23,-3.85,-4.96,-4.49,-4.55,-4.07,-4.24,-5.62,-6.1,-6.53,-6.8,-6.76,-6.57,-6.67,-6.94,-7.54,-8.04,-8.34,-8.54,-8.8,-8.55,-8.41,-8.56,-8.68,-8.72,-8.36,-8.46,-7.89,-7.63,-7.75,-7.66,-7.98,-8.38,-8.73,-9.32,-9.15,-9.41,-9.17,-9.26,-8.08,-7.85,-8.62,-8.47,-8.2,-7.91,-8.71,-8.67,-8.21,-8.02,-8.14,-7.92,-7.98,-7.81,-7.97,-8.41,-8.37,-7.48,-7.27,-7.77,-8.6,-8.6,-8.45,-8.22,-8.12,-7.36,-7.24,-6.88,-6.93,-6.56,-6.75,-6.51,-6.29,-6.06,-5.84,-6.06,-6.25,-6.26,-6.43,-6.82
-3.74,-3.38,-5.2,-6.01,-4.75,-4.56,-4.49,-5.73,-5.95,-6.42,-6.68,-6.49,-6.83,-6.95,-7.35,-7.5,-8.1,-8.49,-8.99,-9.02,-9.0,-8.69,-8.68,-8.84,-8.81,-8.26,-7.75,-7.96,-8.97,-9.05,-8.84,-8.78,-9.29,-8.87,-9.37,-9.76,-9.63,-9.83,-9.58,-9.08,-8.49,-8.13,-8.46,-8.72,-8.29,-8.57,-9.34,-8.3,-7.24,-7.83,-7.83,-7.81,-8.02,-8.02,-8.51,-7.89,-7.35,-7.56,-8.89,-9.14,-8.85,-8.77,-8.32,-7.91,-7.16,-7.14,-6.97,-7.53,-6.87,-6.6,-6.05,-5.95,-6.06,-6.14,-5.73,-5.47,-5.62,-6.04,-6.57
-2.45,-3.99,-4.98,-4.65,-5.42,-5.49,-5.03,-6.01,-5.9,-6.46,-6.59,-6.17,-6.52,-6.83,-7.37,-7.87,-8.18,-8.68,-8.77,-9.17,-9.21,-8.92,-8.68,-8.68,-8.81,-8.37,-7.41,-7.9,-8.76,-8.92,-9.08,-9.54,-9.65,-9.89,-9.83,-9.83,-9.9,-9.87,-9.99,-10.11,-9.43,-9.38,-8.73,-8.12,-8.8,-8.78,-8.88,-8.73,-7.63,-7.72,-8.55,-8.17,-8.29,-8.09,-8.35,-8.23,-7.55,-7.76,-8.54,-9.0,-8.72,-8.34,-7.77,-7.39,-7.42,-7.36,-7.56,-6.81,-7.25,-6.66,-5.97,-5.88,-5.61,-5.43,-5.43,-5.06,-7.07,-7.22,-7.09
-2.86,-4.19,-4.47,-3.42,-4.16,-5.72,-5.87,-5.59,-6.34,-6.3,-5.96,-5.9,-6.12,-6.62,-7.31,-7.66,-8.07,-8.15,-8.22,-9.11,-9.19,-8.95,-8.6,-8.62,-8.91,-9.07,-8.59,-8.39,-7.97,-8.09,-8.03,-8.52,-9.44,-9.93,-10.49,-10.36,-10.16,-9.93,-10.02,-9.79,-9.98,-9.86,-9.78,-9.2,-8.65,-8.78,-8.56,-8.62,-8.13,-8.28,-8.2,-8.39,-8.39,-8.2,-7.85,-8.04,-7.9,-7.93,-8.26,-8.7,-8.35,-7.81,-7.52,-7.35,-7.29,-7.96,-8.3,-7.93,-7.07,-6.94,-6.14,-6.0,-5.72,-5.36,-5.46,-6.9,-9.37,-9.37,-9.41
-2.1,-3.02,-4.06,-3.17,-2.45,-3.52,-5.79,-5.8,-5.89,-4.43,-5.12,-5.38,-5.75,-6.09,-6.87,-7.37,-7.88,-7.47,-8.05,-8.69,-8.98,-8.7,-8.44,-8.64,-9.15,-9.44,-9.5,-9.15,-8.67,-8.32,-7.11,-7.47,-8.21,-8.77,-9.29,-9.47,-9.47,-9.62,-9.63,-9.25,-9.35,-9.85,-10.07,-9.57,-9.49,-9.19,-8.83,-8.3,-8.23,-8.22,-8.49,-8.15,-8.33,-8.16,-8.07,-7.6,-7.3,-7.58,-7.84,-8.04,-8.12,-7.85,-7.23,-7.1,-7.11,-7.68,-7.26,-8.19,-8.16,-7.2,-6.18,-6.31,-6.85,-5.31,-7.03,-8.39,-8.88,-9.11,-8.67
