static/gfs.json
{"header": {"discipline":0,"disciplineName":"Meteorological products","gribEdition":2,"gribLength":76207,"center":7,"centerName":"US National Weather Service - NCEP(WMC)","subcenter":0,"refTime":"2016-07-30T06:00:00.000Z","significanceOfRT":1,"significanceOfRTName":"Start of forecast","productStatus":0,"productStatusName":"Operational products","productType":1,"productTypeName":"Forecast products","productDefinitionTemplate":0,"productDefinitionTemplateName":"Analysis/forecast at horizontal level/layer at a point in time","parameterCategory":2,"parameterCategoryName":"Momentum","parameterNumber":2,"parameterNumberName":"U-component_of_wind","parameterUnit":"m.s-1","genProcessType":2,"genProcessTypeName":"Forecast","forecastTime":0,"surface1Type":103,"surface1TypeName":"Specified height level above ground","surface1Value":10.0,"surface2Type":255,"surface2TypeName":"Missing","surface2Value":0.0,"gridDefinitionTemplate":0,"gridDefinitionTemplateName":"Latitude_Longitude","numberPoints":65160,"shape":6,"shapeName":"Earth spherical with radius of 6,371,229.0 m","gridUnits":"degrees","resolution":48,"winds":"true","scanMode":0,"nx":360,"ny":181,"basicAngle":0,"subDivisions":0,"lo1":0.0,"la1":90.0,"lo2":359.0,"la2":-90.0,"dx":1.0,"dy":1.0}, "data":
[rows 105 to 139 of 181, columns 158 to 236 of 360]
-6.76,-7.13,-7.19,-7.07,-7.01,-6.48,-5.86,-4.38,-1.63,-4.11,-5.92,-5.76,-6.2,-6.51,-6.92,-7.16,-6.61,-6.81,-6.83,-6.59,-7.76,-8.15,-8.43,-8.27,-8.61,-8.14,-8.72,-8.2,-7.92,-7.39,-6.89,-6.74,-7.34,-7.66,-7.88,-8.02,-8.52,-8.15,-8.02,-8.51,-8.2,-7.96,-6.92,-6.98,-7.5,-8.14,-8.96,-9.37,-9.84,-8.99,-8.63,-8.55,-8.79,-9.02,-9.16,-9.3,-9.53,-9.51,-9.63,-9.48,-9.54,-9.57,-9.43,-9.27,-8.99,-9.0,-9.22,-8.56,-8.26,-8.72,-8.01,-7.06,-7.4,-7.28,-7.09,-6.87,-6.3,-6.11,-5.97
-6.47,-6.24,-6.43,-6.92,-6.7,-6.02,-5.43,-5.34,-5.52,-4.46,-4.9,-5.38,-6.18,-6.42,-6.53,-6.86,-6.88,-6.4,-5.91,-4.97,-5.22,-8.9,-8.29,-9.0,-8.39,-8.13,-7.73,-7.5,-7.51,-7.14,-6.43,-5.99,-6.09,-6.59,-7.25,-7.79,-8.0,-8.08,-8.25,-8.26,-8.07,-7.8,-7.19,-6.23,-6.63,-7.21,-8.11,-8.76,-9.21,-9.3,-9.17,-8.94,-8.83,-9.23,-9.43,-9.71,-9.99,-10.28,-10.31,-10.32,-10.15,-10.24,-10.23,-9.88,-9.62,-9.27,-8.6,-8.45,-8.02,-7.79,-8.14,-7.53,-6.92,-6.59,-6.24,-6.03,-5.87,-5.47,-5.58
-6.0,-5.97,-5.46,-5.63,-5.94,-6.24,-5.58,-5.45,-5.56,-6.48,-6.66,-6.66,-6.29,-6.06,-5.68,-5.58,-5.77,-5.35,-4.29,-5.33,-9.14,-7.41,-8.67,-9.08,-8.38,-8.08,-7.65,-6.99,-6.7,-6.51,-6.22,-6.04,-5.98,-5.97,-6.3,-6.4,-7.04,-7.06,-7.28,-7.31,-7.09,-6.96,-6.86,-5.94,-5.64,-6.4,-7.31,-7.8,-8.03,-8.31,-8.42,-8.58,-9.08,-9.1,-9.55,-9.85,-10.31,-10.38,-10.68,-11.11,-11.33,-11.29,-11.13,-10.83,-10.77,-10.52,-10.3,-10.04,-9.64,-8.95,-8.01,-7.3,-7.08,-6.52,-6.14,-4.87,-4.79,-5.09,-5.43
-4.04,-4.3,-4.97,-4.76,-5.16,-5.33,-5.39,-5.56,-4.96,-5.56,-7.0,-6.97,-6.5,-6.72,-7.08,-6.36,-6.16,-6.17,-6.72,-6.99,-2.02,-7.46,-8.07,-8.23,-8.18,-7.68,-7.2,-6.58,-6.15,-5.66,-5.39,-5.62,-5.75,-5.68,-5.68,-5.96,-6.33,-6.15,-6.17,-6.08,-5.76,-5.74,-5.98,-5.7,-4.89,-5.57,-6.48,-7.51,-7.77,-7.8,-8.19,-8.06,-8.08,-8.83,-8.82,-9.23,-9.38,-9.84,-9.69,-9.78,-10.15,-10.44,-10.55,-10.34,-9.85,-9.4,-9.78,-9.64,-9.67,-9.59,-9.68,-9.57,-8.65,-6.66,-5.66,-4.96,-3.02,-3.96,-5.19
-5.32,-4.22,-2.46,-3.88,-4.74,-4.97,-4.62,-5.4,-5.13,-3.95,-5.55,-6.45,-6.5,-6.28,-6.2,-6.31,-6.64,-6.92,-7.57,-8.88,-9.2,-8.61,-8.58,-8.41,-7.77,-6.6,-5.97,-5.52,-4.91,-4.92,-5.1,-5.04,-5.2,-5.07,-5.37,-5.81,-6.1,-6.02,-5.85,-5.64,-5.6,-5.46,-5.91,-6.43,-5.64,-5.55,-5.77,-7.02,-7.64,-7.19,-7.89,-7.96,-7.98,-8.6,-8.49,-8.63,-9.15,-9.46,-9.24,-9.22,-9.82,-10.09,-10.28,-10.26,-10.01,-9.83,-9.51,-9.38,-9.27,-9.31,-9.17,-8.9,-8.47,-8.16,-7.9,-6.3,-4.78,-2.75,-3.61
-6.48,-6.32,-5.55,-3.4,-3.64,-3.11,-4.76,-4.97,-5.49,-4.78,-6.13,-8.01,-6.67,-6.54,-6.61,-7.28,-7.37,-7.57,-8.03,-8.64,-8.66,-9.26,-8.63,-7.85,-7.32,-6.46,-6.42,-5.52,-4.93,-4.71,-4.61,-4.91,-4.99,-4.64,-4.79,-4.97,-5.62,-6.13,-6.05,-6.26,-6.09,-5.56,-6.15,-6.28,-6.5,-6.02,-5.55,-6.11,-6.73,-7.35,-6.79,-7.49,-7.21,-6.22,-6.97,-7.79,-8.03,-7.73,-8.11,-8.64,-9.21,-9.54,-9.51,-9.43,-9.41,-9.36,-9.27,-9.07,-8.79,-8.62,-8.3,-8.01,-8.14,-7.85,-6.98,-6.11,-5.83,-5.17,-2.02
-6.13,-6.51,-5.83,-6.84,-5.65,-2.63,-1.22,-1.44,-3.6,-4.11,-5.23,-6.15,-6.12,-6.38,-7.04,-7.85,-8.12,-8.54,-8.61,-8.4,-8.57,-9.01,-8.78,-8.09,-6.74,-6.27,-5.53,-4.92,-4.6,-4.78,-4.88,-5.2,-5.9,-5.31,-4.77,-4.37,-5.15,-4.73,-5.07,-5.01,-5.66,-6.05,-6.34,-5.44,-5.8,-4.95,-4.51,-4.92,-5.43,-6.23,-6.27,-6.68,-6.31,-5.86,-6.11,-6.68,-7.18,-7.27,-7.83,-8.12,-8.39,-8.71,-8.79,-8.84,-8.87,-8.89,-8.83,-8.67,-8.41,-8.12,-7.69,-7.26,-6.86,-6.44,-5.96,-5.55,-5.01,-4.56,-3.89
-5.14,-5.55,-5.15,-5.18,-5.64,-5.86,-6.17,-3.64,-0.39,-1.65,-5.67,-5.29,-4.79,-6.44,-6.74,-7.36,-7.73,-8.0,-8.08,-8.14,-8.11,-7.92,-7.81,-6.94,-5.99,-5.65,-5.64,-5.54,-4.41,-2.85,-3.38,-4.34,-4.31,-3.59,-2.97,-3.21,-2.47,-1.97,-1.5,-1.0,-2.09,-3.15,-3.13,-2.98,-2.76,-3.18,-2.88,-2.64,-4.03,-5.15,-5.8,-5.4,-5.15,-5.19,-6.14,-6.76,-7.06,-6.82,-6.92,-7.19,-7.61,-7.93,-8.15,-8.21,-8.16,-8.06,-7.94,-7.7,-7.42,-7.09,-6.7,-6.23,-5.85,-5.49,-4.96,-4.39,-4.1,-3.4,-2.97
-4.55,-5.46,-5.65,-5.33,-4.5,-4.87,-6.38,-7.22,-7.67,-2.52,-1.81,-3.39,-3.45,-4.96,-5.29,-6.12,-6.19,-6.77,-7.31,-7.34,-7.27,-7.07,-6.54,-6.12,-5.55,-5.17,-4.83,-4.62,-4.71,-4.88,-3.43,-1.86,-0.74,0.02,-0.51,-0.76,-0.75,-0.23,1.01,1.7,2.56,3.1,0.45,0.09,0.01,0.43,-0.08,-1.87,-3.57,-4.54,-4.45,-4.0,-3.82,-4.18,-4.85,-5.6,-5.57,-5.62,-5.97,-6.42,-6.7,-7.12,-7.38,-7.42,-7.34,-7.11,-6.85,-6.53,-6.14,-5.85,-5.43,-4.84,-4.34,-3.91,-3.65,-3.34,-2.86,-2.3,-2.06
-3.56,-3.13,-4.01,-4.51,-4.59,-4.75,-5.35,-6.85,-7.72,-7.52,-7.91,-6.93,-5.59,-4.41,-7.96,-8.61,-7.77,-7.66,-7.76,-7.34,-6.64,-6.57,-6.38,-5.95,-5.62,-5.43,-5.39,-5.4,-5.05,-4.19,-3.17,-2.48,-2.04,-1.36,2.14,1.74,1.37,1.39,2.21,3.02,3.62,3.94,1.68,2.61,3.5,1.36,0.3,-0.48,-2.15,-2.59,-3.28,-2.36,-2.66,-3.25,-3.52,-4.16,-4.18,-4.19,-4.74,-5.39,-5.73,-5.99,-6.24,-6.42,-6.41,-6.15,-5.87,-5.49,-5.04,-4.58,-4.0,-3.27,-2.69,-2.14,-1.79,-1.56,-1.51,-1.16,-0.68
-4.02,-3.73,-4.31,-4.24,-3.59,-3.53,-3.96,-5.19,-6.32,-6.77,-7.62,-7.26,-5.99,-6.37,-6.52,-5.62,-6.32,-6.34,-6.26,-5.25,-4.29,-4.26,-4.18,-4.04,-3.74,-3.35,-3.27,-3.42,-3.28,-2.97,-3.03,-2.83,-2.17,-1.13,-0.38,1.55,4.07,4.51,4.18,3.92,3.64,3.58,3.19,3.15,3.3,1.88,1.51,1.15,-0.18,-1.14,-2.1,-1.38,-1.43,-1.94,-2.36,-2.7,-2.9,-3.04,-3.49,-4.14,-4.6,-4.79,-4.9,-5.1,-5.2,-4.97,-4.57,-4.2,-3.8,-3.3,-2.71,-2.0,-1.38,-0.65,0.03,0.35,0.51,0.59,0.63
-2.29,-2.71,-3.73,-4.31,-3.06,-3.36,-3.12,-3.29,-3.71,-4.67,-5.31,-5.08,-5.6,-5.29,-4.94,-4.73,-4.89,-4.73,-4.5,-3.97,-3.24,-2.95,-2.55,-2.21,-2.09,-1.69,-1.63,-1.78,-1.59,-1.1,-0.7,-0.24,0.33,0.69,0.83,1.28,2.37,4.71,6.69,5.78,5.19,4.43,4.69,4.58,4.16,4.45,3.1,2.71,1.73,0.02,-0.52,-0.39,-0.3,-0.54,-1.0,-1.02,-1.36,-1.72,-2.14,-2.75,-3.18,-3.29,-3.34,-3.41,-3.43,-3.31,-3.15,-2.89,-2.53,-2.14,-1.71,-1.06,-0.44,0.42,1.29,1.96,2.55,2.68,2.55
-1.93,-1.87,-1.97,-1.72,-1.94,-1.96,-2.53,-2.1,-2.48,-2.39,-2.74,-3.25,-3.46,-3.05,-3.02,-2.8,-3.15,-3.15,-2.89,-2.34,-1.57,-0.79,-0.18,0.23,0.1,0.38,0.39,0.1,0.44,0.93,1.31,1.66,2.24,2.78,3.05,3.3,3.38,2.84,3.4,5.13,6.81,6.73,6.3,6.31,6.06,5.15,5.16,4.82,3.09,1.73,0.52,0.78,0.65,0.68,0.71,0.45,0.23,-0.04,-0.33,-0.86,-1.37,-1.17,-1.22,-1.45,-1.45,-1.4,-1.45,-1.38,-1.22,-0.96,-0.6,-0.02,0.48,1.19,2.24,3.13,3.45,4.07,4.82
-0.73,0.02,0.4,0.43,0.81,0.29,0.15,-0.04,-0.13,-0.05,-0.12,-0.04,-0.14,-0.16,-0.1,-0.03,0.01,0.15,0.38,0.76,1.34,1.96,2.5,2.66,2.52,2.77,2.6,2.36,2.5,2.93,3.33,3.71,4.24,4.77,5.05,5.04,5.02,5.02,5.08,5.53,6.15,7.13,8.9,8.87,7.54,7.19,7.47,7.28,5.57,3.03,1.96,2.19,2.46,2.4,2.73,2.22,1.51,1.57,1.37,1.18,0.76,1.25,1.29,0.87,0.85,0.61,0.47,0.19,0.39,0.6,0.99,1.6,1.94,2.41,3.1,3.84,4.59,5.62,5.94
2.19,2.07,3.61,3.87,3.95,4.1,4.06,3.82,3.45,3.29,3.16,3.23,3.48,3.48,3.69,3.79,3.63,3.39,3.56,3.88,4.22,4.5,4.61,4.59,4.25,3.9,4.28,4.48,4.61,5.0,5.28,5.52,6.0,6.5,6.86,6.98,6.96,6.92,6.98,6.97,7.09,7.32,7.64,8.97,10.56,7.78,8.36,9.14,8.65,5.27,3.43,2.93,3.83,4.0,4.3,4.25,3.01,3.38,3.49,3.26,3.03,2.73,2.54,2.41,2.58,2.27,2.02,1.78,1.99,2.28,2.82,3.42,3.78,3.97,4.46,4.98,5.52,6.53,7.31
3.96,4.19,4.83,4.53,4.14,4.13,4.74,5.55,5.83,6.36,6.26,5.6,5.65,5.57,5.81,5.92,5.97,6.03,6.12,6.24,6.42,5.79,4.84,4.45,4.16,4.12,4.53,4.96,5.29,5.78,6.37,6.59,6.8,7.08,7.5,8.25,8.71,9.01,8.8,8.66,8.69,8.7,8.68,8.89,8.64,11.27,9.7,10.42,10.18,9.06,5.75,5.17,4.84,5.06,5.42,5.85,5.49,4.55,4.62,4.66,4.31,3.84,3.52,3.47,3.68,3.28,3.4,3.32,3.43,3.72,4.24,4.68,4.98,5.26,5.65,6.15,6.65,7.37,7.94
1.15,3.48,5.33,6.38,5.95,5.16,5.3,5.6,6.38,7.03,7.15,7.11,7.43,7.43,6.96,6.97,7.21,7.26,7.18,7.33,7.07,6.39,5.64,5.4,5.67,5.87,6.12,6.24,6.5,7.0,7.31,7.48,7.58,7.46,7.5,7.88,8.73,9.34,9.86,10.32,10.55,9.55,10.07,10.12,9.91,8.52,11.72,11.05,9.88,10.03,9.46,7.53,6.15,5.09,5.35,6.71,6.74,5.6,5.34,5.22,4.68,4.59,4.62,4.64,4.54,4.17,4.55,4.37,4.47,4.87,5.28,5.56,5.9,6.3,6.82,7.51,7.81,8.38,8.77
0.26,0.99,1.33,1.59,2.61,5.11,6.51,7.44,7.82,8.34,8.55,8.2,8.22,8.9,9.32,9.34,9.66,9.52,8.84,8.15,7.76,7.26,6.8,6.9,7.04,7.07,7.19,7.56,7.82,7.83,7.75,8.06,8.99,9.29,9.27,9.6,10.08,10.52,10.73,10.81,10.88,10.84,11.09,11.24,9.9,9.26,9.33,12.07,9.93,8.7,9.91,10.26,7.53,5.97,6.58,7.36,7.38,5.75,6.29,5.97,5.56,5.68,5.69,5.68,5.14,5.11,5.22,5.45,5.5,5.91,6.51,6.74,6.86,7.37,7.98,8.62,9.04,9.22,9.49
-0.03,0.78,1.35,2.23,3.53,4.88,6.2,7.54,8.65,8.72,9.76,10.61,10.78,10.71,10.89,11.1,11.1,10.56,9.71,7.83,8.08,7.89,7.84,7.96,8.05,8.16,8.18,8.19,8.27,8.61,9.41,9.63,9.46,9.77,9.85,9.81,10.37,10.81,11.06,11.92,12.51,12.6,11.57,11.71,11.82,10.96,10.17,9.82,11.92,10.61,9.73,10.27,8.28,7.68,6.16,6.91,6.3,6.83,7.2,6.8,5.84,6.66,6.87,6.67,6.81,6.26,5.69,6.56,6.84,7.2,7.67,7.86,7.83,8.27,9.02,9.56,9.93,9.85,10.17
1.3,1.73,2.25,3.16,4.3,5.15,6.01,7.26,8.53,9.17,9.73,11.07,11.75,11.7,10.67,11.64,12.57,12.14,11.39,9.92,9.52,8.93,8.49,8.71,8.79,8.35,8.29,8.97,9.38,9.46,9.58,10.14,10.57,10.45,10.33,10.92,11.8,12.37,12.66,13.21,13.65,13.79,12.46,12.81,13.21,12.15,10.93,9.46,9.9,11.48,12.76,10.22,10.85,9.28,8.5,6.85,6.07,6.64,7.33,6.24,6.85,7.51,7.89,7.78,7.13,7.2,7.52,7.93,8.02,8.47,8.8,8.91,8.79,9.41,9.82,10.53,10.73,10.85,11.35
0.92,1.21,1.99,2.88,3.55,4.36,5.57,6.96,8.12,9.24,10.94,12.8,13.87,13.49,11.93,11.04,11.81,12.45,12.18,11.54,10.59,9.39,9.24,9.42,9.19,8.82,8.94,9.53,9.75,9.85,10.01,10.28,10.43,10.11,10.77,12.64,13.42,13.83,14.63,15.3,15.64,15.62,15.08,15.08,14.97,11.77,10.69,10.82,10.04,9.93,10.36,13.0,11.26,8.55,9.27,9.46,6.83,6.58,6.07,5.83,7.41,8.32,7.92,7.22,7.08,7.91,8.06,8.33,8.75,9.34,9.47,9.49,9.62,10.1,10.56,10.87,11.68,12.41,12.59
1.73,2.11,3.0,3.57,4.25,5.1,6.0,7.06,8.14,9.22,10.56,11.83,12.69,14.14,14.4,13.26,6.5,9.94,10.46,10.93,11.2,10.4,9.69,10.36,9.32,9.65,9.7,9.76,9.83,10.04,10.12,10.22,10.87,11.69,12.97,14.03,14.64,15.11,15.55,16.03,16.37,16.47,16.51,16.6,16.19,12.58,10.4,12.11,12.45,9.53,9.81,9.83,11.73,10.12,8.2,7.99,8.11,7.11,6.91,6.99,7.24,6.87,6.93,8.2,7.99,8.03,8.31,8.69,9.12,9.51,9.53,9.96,10.17,10.74,11.43,12.02,12.7,13.01,13.68
3.22,3.77,4.55,5.23,5.96,6.66,7.34,8.24,9.09,9.96,11.05,12.3,13.58,14.46,14.8,15.19,13.53,7.5,10.8,11.23,11.33,10.82,10.88,9.97,10.04,10.24,9.9,9.54,9.74,10.0,10.53,11.24,11.94,12.94,13.94,14.58,15.31,15.6,16.01,16.29,16.79,16.72,17.11,17.83,17.61,15.39,13.48,12.9,12.38,10.69,10.09,8.9,9.55,11.8,9.39,8.02,7.46,7.36,7.64,7.62,6.69,6.21,6.26,7.69,8.9,8.74,8.7,8.99,9.58,9.57,9.69,10.1,10.64,11.39,12.16,12.66,13.21,13.12,13.35
5.0,5.56,6.33,6.99,7.83,8.56,9.01,9.46,10.34,11.18,12.07,13.31,14.48,15.34,16.24,16.42,15.16,7.38,6.29,5.12,9.66,9.09,10.42,10.39,9.17,8.04,8.49,9.2,9.57,10.16,10.84,11.86,12.92,13.38,13.82,14.19,15.08,16.13,16.79,18.05,19.31,20.08,20.33,20.27,19.51,17.48,14.59,12.77,11.87,12.3,9.4,9.09,7.89,8.33,9.77,8.18,7.21,7.59,7.95,7.25,6.73,6.87,7.39,8.1,9.11,8.78,8.35,9.58,9.88,9.81,9.97,10.18,11.18,11.86,12.82,13.37,13.76,13.74,13.17
6.85,7.75,8.4,9.1,9.9,10.43,10.9,11.59,12.19,13.07,14.02,14.64,15.47,16.22,17.11,17.33,15.41,4.58,6.1,7.67,6.75,9.06,6.75,6.35,7.05,7.92,8.64,8.89,9.39,10.14,11.56,12.48,12.83,13.47,14.15,14.91,15.3,16.74,17.55,16.83,15.85,16.7,17.98,19.58,19.42,18.02,16.69,13.61,11.75,11.3,12.29,8.46,7.96,7.12,7.36,6.85,6.3,7.18,7.8,7.87,7.37,7.36,7.77,7.6,7.75,8.08,8.8,10.18,10.11,9.71,10.16,11.15,11.93,12.67,13.74,14.34,14.84,14.71,14.38
9.15,10.22,10.94,10.89,11.21,12.25,12.67,12.65,13.42,14.04,15.15,15.52,15.88,16.15,16.36,16.12,15.34,8.43,6.22,-0.11,4.58,7.33,6.83,5.96,7.3,8.1,8.33,8.58,9.85,11.29,11.9,12.03,12.05,12.72,13.58,14.3,14.54,15.07,15.49,16.09,17.41,18.48,19.78,19.38,18.53,17.1,15.36,13.79,11.83,10.58,9.84,8.66,6.93,7.05,6.4,6.35,6.16,6.66,8.04,8.4,8.73,8.34,7.92,7.38,7.57,8.73,10.16,10.3,10.57,10.46,10.61,11.65,12.72,14.02,14.58,15.58,15.86,15.73,14.01
10.78,11.95,12.05,12.09,13.15,13.96,13.52,13.71,14.77,15.31,15.45,15.57,15.58,14.54,10.24,2.75,9.34,6.5,3.03,-0.72,-0.34,1.79,3.73,6.15,7.63,7.34,7.68,9.37,10.41,10.19,10.15,11.37,12.55,12.31,12.46,12.68,13.48,14.29,15.29,17.19,17.72,17.01,18.09,17.19,16.3,14.5,12.5,10.45,8.63,9.1,9.01,8.95,5.29,5.76,5.92,5.27,5.33,5.83,6.83,7.84,8.15,8.21,8.3,7.51,7.76,9.16,9.92,9.59,10.04,11.04,11.15,12.06,13.4,14.7,15.49,15.72,16.4,15.79,13.58
12.34,13.45,13.2,14.1,14.89,14.5,15.28,15.36,15.15,15.28,15.93,15.66,15.24,13.71,3.06,2.84,1.05,6.55,4.24,4.14,4.21,3.54,5.05,5.65,6.14,7.06,8.18,9.11,8.99,9.58,11.2,11.86,11.88,11.6,11.5,12.41,13.51,14.37,15.53,13.16,14.89,15.22,14.67,13.78,13.03,10.68,8.36,7.79,8.32,8.11,8.56,6.44,4.25,4.02,4.33,3.87,3.8,4.31,5.47,6.58,7.13,7.59,7.75,7.33,7.02,7.82,9.82,10.21,9.88,10.26,11.38,12.6,14.1,14.96,16.04,16.82,15.97,14.12,10.87
13.7,13.26,14.71,14.9,15.74,16.34,16.07,16.22,15.87,16.09,15.71,15.69,13.68,2.53,2.27,7.21,9.96,4.35,6.72,4.76,4.22,3.59,3.92,3.95,5.04,6.99,8.19,8.16,8.77,10.44,11.62,11.78,11.64,11.12,11.53,12.51,13.51,13.39,11.51,11.58,12.1,11.31,10.24,9.89,8.43,4.64,5.46,4.93,5.63,6.35,6.6,7.43,2.26,2.27,2.08,2.1,2.72,3.0,4.48,6.0,7.05,7.36,7.17,6.22,5.85,6.9,8.72,10.44,9.78,10.71,11.63,13.4,14.39,15.33,15.65,15.44,12.53,9.24,4.98
12.23,13.36,14.12,14.84,15.95,16.3,16.05,16.03,16.29,15.55,14.56,3.19,3.16,2.83,0.69,6.56,11.45,6.38,6.45,2.86,-1.87,-1.93,0.85,3.32,5.73,7.48,7.93,7.76,9.08,10.83,11.51,11.19,10.44,10.26,11.3,12.93,8.25,7.79,8.98,10.16,9.85,8.05,6.29,4.75,2.61,3.54,4.47,5.25,5.51,5.23,5.86,5.96,1.09,1.39,2.14,2.18,2.9,4.05,5.07,5.78,6.65,6.43,6.05,5.34,6.03,7.13,8.84,8.42,9.75,11.18,12.78,13.99,15.03,14.87,14.28,11.88,8.36,2.76,2.03
12.26,12.88,13.89,14.4,15.33,15.9,15.39,15.49,15.27,13.64,2.14,3.56,5.59,5.62,10.5,12.03,13.21,7.53,2.25,-1.9,-4.21,-1.71,1.47,4.21,6.18,7.15,7.15,7.8,9.29,10.49,10.49,9.73,9.06,9.96,11.09,3.51,3.32,3.91,5.64,7.72,7.92,5.87,4.64,2.25,1.43,1.91,3.26,4.42,4.8,4.95,4.13,3.08,1.87,2.21,2.94,3.81,4.05,4.11,4.93,5.73,6.2,6.16,5.18,4.79,6.38,7.52,7.44,7.93,9.83,11.9,13.51,14.44,14.87,14.66,12.89,8.85,5.22,1.24,-0.56
12.14,14.03,13.77,14.29,14.1,14.12,15.18,14.87,14.32,7.5,5.13,6.12,8.46,15.6,13.19,12.48,12.05,3.99,-3.0,-3.58,-2.83,-0.7,2.19,4.29,5.73,6.78,7.39,7.99,9.01,9.58,9.79,8.32,8.08,9.06,0.81,-1.04,0.53,1.68,1.58,4.54,6.37,5.13,2.98,1.79,2.14,3.45,4.58,4.98,4.71,3.84,3.1,2.79,2.23,2.4,3.45,3.73,4.16,4.74,5.18,5.83,6.04,5.42,4.12,4.87,5.75,5.26,6.46,8.45,10.75,12.79,13.81,15.1,14.58,12.97,9.08,5.38,1.21,-0.85,-2.42
14.06,13.48,13.98,13.51,14.07,14.51,14.42,13.43,13.11,13.43,8.1,12.75,13.05,11.88,11.07,10.99,8.25,-2.46,-4.01,-2.9,-1.77,0.2,2.2,4.06,5.56,6.46,6.97,7.94,9.02,9.52,9.34,7.16,7.0,-1.47,-4.27,-3.75,-1.67,-1.26,-0.09,-0.05,2.19,3.94,2.79,1.14,1.04,0.16,-0.3,1.43,3.67,2.41,1.54,1.45,1.82,3.04,3.75,4.39,5.03,5.66,5.74,5.76,5.17,3.45,3.09,3.22,2.42,4.36,6.62,9.21,11.4,13.09,14.37,14.14,12.03,7.79,3.54,1.05,-1.15,-1.77,-2.37
13.62,13.34,12.86,13.12,12.45,11.74,12.11,12.18,12.03,11.61,11.63,9.81,10.5,9.94,9.48,9.06,2.04,-2.34,-2.64,-1.54,-0.39,0.78,2.2,3.92,5.03,6.29,7.76,8.74,9.69,9.47,7.94,6.8,-2.5,-4.96,-5.95,-5.18,-4.2,-3.13,-2.73,-3.51,-3.4,-0.26,1.98,1.41,0.88,0.46,0.44,-0.09,-1.32,-1.25,-0.22,1.29,2.56,3.84,4.89,5.63,6.19,5.88,5.31,4.37,1.61,0.29,-0.33,-0.04,2.04,4.41,6.97,9.38,11.22,12.48,12.97,9.55,4.91,1.89,-0.61,-1.34,-1.78,-1.96,-0.6
12.75,12.68,12.47,12.24,11.47,11.23,10.38,10.76,10.86,10.31,11.2,10.39,10.04,9.43,8.48,8.14,1.48,0.71,0.51,0.04,1.15,2.18,3.45,4.39,5.35,6.46,8.3,9.87,9.74,8.82,6.54,-0.92,-5.25,-6.57,-7.29,-5.96,-5.29,-4.89,-5.75,-6.45,-7.97,-11.78,-10.76,-3.65,1.56,2.59,2.3,2.39,2.47,2.29,2.78,3.82,4.74,5.83,6.74,5.9,5.57,4.33,2.23,-1.18,-3.12,-3.45,-1.86,0.1,2.23,4.53,6.8,8.34,9.84,10.53,9.83,3.88,2.25,0.15,-0.84,-0.58,-1.65,-1.38,0.22
