static/gfs.json
{"header": {"discipline":0,"disciplineName":"Meteorological products","gribEdition":2,"gribLength":76214,"center":7,"centerName":"US National Weather Service - NCEP(WMC)","subcenter":0,"refTime":"2016-07-26T00:00:00.000Z","significanceOfRT":1,"significanceOfRTName":"Start of forecast","productStatus":0,"productStatusName":"Operational products","productType":1,"productTypeName":"Forecast products","productDefinitionTemplate":0,"productDefinitionTemplateName":"Analysis/forecast at horizontal level/layer at a point in time","parameterCategory":2,"parameterCategoryName":"Momentum","parameterNumber":3,"parameterNumberName":"V-component_of_wind","parameterUnit":"m.s-1","genProcessType":2,"genProcessTypeName":"Forecast","forecastTime":0,"surface1Type":103,"surface1TypeName":"Specified height level above ground","surface1Value":10.0,"surface2Type":255,"surface2TypeName":"Missing","surface2Value":0.0,"gridDefinitionTemplate":0,"gridDefinitionTemplateName":"Latitude_Longitude","numberPoints":65160,"shape":6,"shapeName":"Earth spherical with radius of 6,371,229.0 m","gridUnits":"degrees","resolution":48,"winds":"true","scanMode":0,"nx":360,"ny":181,"basicAngle":0,"subDivisions":0,"lo1":0.0,"la1":90.0,"lo2":359.0,"la2":-90.0,"dx":1.0,"dy":1.0}, "data":
[rows 37 to 73 of 181, columns 249 to 331 of 360]
-1.38,-1.99,-2.07,-1.79,-2.42,-2.21,-2.06,-2.43,-2.69,-1.28,-2.18,-2.11,-1.69,-1.99,-1.05,-0.24,-0.19,-0.18,-1.93,-0.8,-0.82,-0.65,0.42,-0.77,-1.72,-1.51,-1.35,-1.98,-0.53,-3.86,-2.98,-4.27,-3.44,0.57,2.14,1.69,1.5,1.04,1.39,1.58,1.72,0.63,0.85,0.84,-0.28,-1.07,-1.32,-1.47,-1.27,-1.45,-1.94,-3.0,-2.39,-1.03,-1.83,-1.6,-2.26,0.35,1.71,3.63,2.89,3.16,4.47,5.24,5.03,4.1,3.24,2.3,1.51,1.01,0.73,0.44,0.27,1.22,2.24,2.62,2.76,2.87,2.98,3.23,3.67,4.33,4.46
-1.36,-2.49,-3.32,-3.42,-2.97,-2.27,-2.53,-2.17,-2.1,-2.11,-1.97,-3.76,-2.34,-3.03,-3.43,-2.27,-1.62,-0.91,-0.2,-0.11,0.47,0.56,0.3,-0.54,-0.83,-1.92,-2.41,-2.01,-1.93,-2.02,-4.12,-4.52,-0.94,0.0,1.53,1.28,2.14,1.52,1.35,2.51,1.92,1.19,1.32,0.43,0.67,0.86,-0.81,-1.51,-1.21,-1.58,-2.12,-2.32,-2.41,-2.36,-1.69,-2.16,-3.54,-1.96,3.01,1.87,1.19,2.04,3.92,3.87,2.75,2.25,1.93,1.41,2.04,3.46,4.07,4.05,4.06,4.04,3.71,3.56,3.39,3.49,3.56,3.61,3.6,3.78,3.13
-0.24,-1.54,-2.97,-4.03,-4.11,-3.91,-4.15,-4.25,-4.49,-4.25,-2.84,-1.15,-1.58,0.17,1.45,2.16,0.49,0.41,0.46,0.92,1.39,1.15,0.5,-0.27,-0.88,-1.8,-1.93,-1.72,-1.94,-1.71,-1.31,-1.55,-0.92,0.54,1.16,1.73,1.62,2.07,1.79,1.98,1.8,2.26,2.12,2.94,1.85,1.83,2.06,2.12,1.88,0.65,-1.16,-2.36,-0.74,2.07,1.91,-0.35,-0.96,4.22,2.35,0.43,0.02,2.3,2.02,1.01,3.1,4.71,6.21,7.06,7.18,7.02,6.38,6.15,5.72,5.13,4.49,4.01,3.57,3.31,3.06,3.15,2.9,2.61,3.55
-1.6,-1.59,-3.56,-4.1,-4.19,-4.89,-5.17,-4.85,-3.95,-2.57,-1.42,-0.93,-0.7,1.04,1.07,1.12,0.01,0.11,0.29,0.17,0.34,0.2,-0.17,0.14,-0.16,-0.4,-1.75,-1.48,-1.65,-1.43,-0.72,-0.63,0.13,-0.05,-0.2,1.44,1.54,1.36,1.71,2.34,0.23,2.07,3.47,0.3,-0.99,0.42,2.13,2.12,3.13,4.92,3.41,2.51,3.07,2.49,-0.55,-1.21,0.7,2.76,0.46,-0.89,-0.1,0.24,0.53,3.83,6.53,7.28,7.35,7.91,6.94,6.14,5.52,5.54,5.28,4.67,3.86,3.16,2.86,2.63,2.56,2.6,3.57,4.55,5.08
-3.48,-3.26,-3.14,-4.04,-4.74,-4.83,-4.95,-1.4,0.59,0.21,-1.45,-1.26,-0.86,0.67,1.44,0.8,1.53,0.53,-0.14,0.31,0.29,-0.4,-1.05,-0.58,-1.29,-1.5,-1.18,-1.53,-0.92,-1.34,-1.2,-0.88,-0.69,-0.34,0.36,1.69,1.74,1.5,2.01,2.83,1.9,1.8,-0.17,-3.66,-0.95,0.98,1.36,5.01,3.13,2.43,2.36,2.7,0.41,-0.19,-0.75,-1.73,-1.37,-1.31,-0.18,-0.14,-0.3,-0.74,2.66,6.12,7.31,7.23,7.08,7.0,6.32,6.06,6.59,6.5,6.24,5.75,4.85,3.79,3.1,2.83,2.95,3.83,4.64,5.22,5.03
-3.03,-2.07,0.07,-0.25,-0.12,-0.6,-2.25,-4.03,-4.94,-3.93,-3.82,-2.54,-2.45,0.34,1.1,2.05,0.1,-0.55,-0.12,-0.15,-0.8,-0.35,3.29,4.63,0.56,-1.31,-0.14,-1.53,-1.97,-2.23,-1.93,-1.62,-1.22,-0.64,0.01,0.98,2.43,2.14,3.52,3.12,2.31,0.98,-0.72,1.96,0.44,0.11,1.62,4.1,3.16,2.1,0.48,-1.02,-0.87,-2.45,-2.57,-0.97,1.21,2.11,0.87,0.41,-0.6,1.51,4.79,7.41,7.16,7.09,6.32,5.51,5.3,6.27,6.56,6.46,6.34,5.52,4.64,3.75,3.25,3.3,3.71,4.23,4.82,4.96,5.11
-3.65,-4.55,-5.1,-2.86,-2.78,-4.72,-5.04,-6.4,-3.32,-0.4,-1.02,0.26,2.59,3.59,4.57,3.56,2.36,-0.03,-0.79,-0.41,1.49,3.38,1.59,0.1,-0.66,-1.27,-2.82,-1.83,-1.86,-2.87,-2.52,-2.34,-1.94,-0.17,0.47,1.45,2.82,2.49,1.92,0.32,-0.51,1.01,1.08,1.8,1.05,1.52,0.81,1.04,1.86,0.46,0.25,0.04,-2.3,-0.56,0.54,0.18,0.37,1.61,1.07,3.8,1.51,3.76,6.03,7.02,6.49,3.92,4.19,6.76,7.28,6.8,6.8,6.7,6.38,5.79,5.08,4.64,4.48,4.57,4.42,4.7,4.86,4.55,4.3
-1.21,-2.22,-3.71,-4.53,-4.57,-3.79,-3.52,-0.61,-0.6,1.17,4.54,7.04,6.88,7.57,5.05,3.1,2.61,1.21,-0.2,0.17,-0.76,-1.31,-1.17,-1.06,-1.24,-1.96,-1.89,-3.38,-3.28,-2.54,-1.9,0.01,0.71,-0.31,-0.93,-0.32,1.46,0.75,1.62,2.41,0.77,0.89,0.73,1.78,2.42,1.85,1.86,1.12,0.98,-2.36,0.61,1.88,0.84,-0.88,-0.65,0.06,0.78,-0.04,-0.69,0.36,2.05,5.19,6.65,5.24,2.52,7.38,9.04,9.24,9.47,8.53,8.04,7.79,7.34,6.47,5.79,5.36,5.08,4.73,4.66,4.77,4.11,3.61,2.85
0.15,0.47,1.31,-1.99,2.72,-1.96,-1.87,-0.89,2.91,5.92,7.63,7.77,7.35,7.29,5.01,3.14,2.6,0.39,-0.26,-0.38,-0.17,-0.52,-1.17,-1.83,3.31,1.67,-1.53,-1.36,-6.0,-6.59,-4.03,-2.11,-1.33,-0.51,0.35,1.4,3.02,2.07,1.81,2.36,1.04,0.87,1.87,1.92,3.06,3.24,-0.65,1.47,1.55,1.95,2.68,1.68,2.19,0.41,-0.76,-0.82,-1.15,-1.23,0.12,1.56,3.73,5.87,4.18,3.26,7.47,10.86,10.86,9.34,8.83,9.06,8.71,8.15,7.37,6.62,6.1,5.35,4.63,4.2,4.22,3.81,3.22,2.2,1.32
0.87,0.39,-2.31,-0.4,-1.74,-2.48,2.04,2.53,7.23,7.76,7.48,7.41,7.13,6.19,5.07,2.62,1.36,-0.85,-1.29,-2.04,-1.31,-1.45,-0.67,0.49,5.96,-2.18,-2.57,-1.94,-4.42,-6.47,-4.14,-1.94,-2.24,-2.56,-0.88,2.79,1.19,0.71,2.45,1.07,0.76,0.92,2.07,4.24,5.01,1.75,1.53,5.62,3.23,2.66,2.13,1.23,1.11,-0.37,-1.44,-1.94,-2.14,-1.1,0.46,1.46,4.47,3.73,1.74,5.29,11.98,10.81,10.09,10.17,10.07,9.08,8.16,7.91,6.85,6.37,5.61,4.66,4.0,3.54,3.19,2.77,1.82,0.8,0.03
0.45,-0.21,-0.59,-3.19,-4.5,-2.11,1.75,5.55,9.48,8.85,7.35,7.34,6.02,4.61,2.64,1.67,0.95,-1.23,-1.43,-1.51,-1.69,-1.3,-1.61,-0.05,6.43,-0.17,-1.05,-1.57,-0.98,0.64,-0.11,-1.64,1.05,0.31,0.28,0.94,-0.07,0.56,0.68,1.69,-0.24,5.44,5.41,5.48,5.81,4.77,3.58,2.86,1.86,1.15,1.31,0.9,-0.43,-1.36,-2.33,-2.74,-2.32,-1.31,0.25,2.19,4.05,2.17,1.66,8.05,12.22,11.47,11.6,10.88,10.74,10.14,8.84,7.64,6.88,6.08,5.02,4.02,3.03,2.29,2.2,1.58,0.28,-0.47,-0.7
-0.27,2.94,6.13,2.59,-1.32,-3.94,1.0,12.76,9.92,8.15,6.74,5.25,3.18,2.18,1.35,0.0,-0.74,-1.64,-1.67,-1.83,-2.39,-1.79,-1.78,0.07,0.55,-2.18,-2.42,-2.14,-1.64,0.02,2.46,-0.53,-0.62,0.2,1.07,1.98,1.33,2.54,1.29,1.62,3.37,7.27,7.41,6.78,5.74,4.8,3.66,2.34,0.84,-0.48,-0.38,-0.45,-1.58,-2.17,-3.18,-2.99,-2.38,-0.04,2.53,5.25,4.44,2.61,3.29,7.39,11.18,12.09,9.94,10.78,9.79,9.25,8.4,7.35,6.46,5.71,4.29,3.37,2.46,1.72,1.35,-0.02,-0.8,-1.14,-1.48
-1.14,5.65,0.81,-4.98,-3.03,-3.71,4.09,11.65,8.53,5.83,5.14,4.64,2.71,-0.33,-1.3,-1.28,-1.42,-2.04,-2.07,-2.03,-2.03,-2.04,-2.17,-1.54,-1.84,-2.86,-2.79,-1.94,-0.46,-0.51,-0.92,-0.41,-0.02,0.06,0.9,1.09,1.69,1.68,-0.09,3.27,4.67,6.05,6.6,6.0,5.36,4.7,3.62,1.57,-0.18,-0.9,-1.16,-1.48,-2.21,-2.97,-2.8,-2.38,-0.77,2.54,4.08,4.3,3.93,4.6,3.98,8.35,12.78,12.65,10.97,10.25,9.0,8.07,7.34,6.7,5.56,5.06,3.96,2.95,1.92,0.82,-0.34,-1.95,-1.3,-2.12,-2.05
2.19,-2.1,2.8,1.66,-0.36,-3.27,-1.19,10.49,8.94,7.03,4.43,3.26,2.94,1.01,-0.99,-1.51,-0.97,-0.59,-0.91,-1.3,-1.72,-1.93,-2.4,-2.62,-2.27,-1.99,-1.06,-0.75,-0.7,-0.62,0.62,0.71,-0.65,-0.61,-1.26,0.53,-0.27,0.7,2.62,3.24,1.86,6.1,5.98,5.78,5.93,4.87,3.53,0.94,-1.35,-1.71,-2.56,-2.41,-2.92,-3.74,-2.04,-0.17,0.42,2.75,3.57,4.1,4.74,6.7,4.23,10.54,12.64,11.63,10.69,9.4,8.22,7.38,6.72,6.43,5.54,4.61,3.19,1.67,1.03,-0.35,-1.9,-2.08,-2.56,-2.83,-2.78
-2.58,3.75,3.35,5.39,-1.3,-1.61,2.75,7.84,8.42,6.74,4.13,2.42,1.18,-0.95,-1.49,-0.46,-0.18,-0.52,-1.47,-2.04,-1.92,-2.48,-1.38,-0.2,-0.26,-0.48,-1.23,-1.15,-0.44,0.89,0.45,0.75,-0.6,-0.18,0.4,3.94,3.67,4.71,3.64,3.61,3.1,4.65,4.87,4.68,5.57,4.82,3.42,0.88,-0.82,-1.69,-2.66,-3.26,-3.47,-3.6,-1.9,-0.19,1.13,3.22,3.84,4.85,5.76,6.21,2.59,12.64,10.86,10.01,9.56,8.82,7.98,7.17,6.62,5.96,5.2,3.82,2.11,0.95,-0.1,-0.82,-2.43,-2.62,-3.48,-3.15,-3.02
0.12,1.67,0.94,1.87,-0.61,-1.38,3.03,5.23,7.11,5.55,1.65,-0.44,-0.7,-2.0,-2.48,-2.77,-1.77,-2.26,-1.56,-1.73,-2.0,-1.56,-0.28,0.98,1.2,-0.03,-0.37,-0.63,-0.15,0.31,0.51,0.0,0.26,0.13,1.72,4.64,5.55,5.54,5.41,4.5,3.56,2.48,3.11,3.93,5.01,4.53,2.71,0.83,-0.86,-2.14,-3.03,-3.26,-3.46,-2.93,-1.5,0.9,1.81,3.6,4.19,5.09,5.9,4.98,7.67,11.44,9.6,8.63,8.32,7.31,6.98,6.25,5.51,4.74,3.74,2.53,1.53,0.17,-0.59,-1.45,-2.17,-3.23,-3.69,-4.03,-3.29
-1.16,1.06,2.18,-2.41,2.22,-0.86,3.72,5.25,4.33,2.22,0.93,-1.03,-2.52,-2.95,-3.76,-3.42,-3.72,-2.06,-1.48,-1.37,-0.06,1.17,0.5,-1.1,-1.82,-1.21,-1.63,-0.48,-0.36,0.31,0.27,0.66,0.89,1.63,2.57,3.15,8.1,5.97,4.99,4.21,4.53,3.6,2.76,2.13,2.29,3.68,2.62,0.85,-0.7,-1.98,-2.73,-3.03,-2.72,-1.83,-0.4,1.52,2.86,3.76,3.8,5.08,5.93,2.81,11.74,10.17,8.21,7.68,6.86,6.02,5.91,4.9,4.13,3.62,2.33,1.55,0.84,0.05,-0.89,-1.93,-2.74,-3.15,-3.69,-3.6,-4.32
-1.69,1.8,0.81,0.69,0.27,2.61,1.56,3.29,2.62,2.7,0.06,-2.4,-2.14,-2.29,-0.26,-1.67,-1.89,-0.18,0.46,1.04,0.8,0.85,-0.58,-1.35,-1.51,-1.46,-1.68,-1.37,-0.51,0.0,0.82,2.56,2.06,2.81,2.26,5.41,7.23,6.03,5.23,4.67,4.02,3.27,2.98,1.83,0.71,0.88,1.89,1.0,-0.2,-1.49,-2.17,-2.11,-1.96,-1.22,0.44,1.3,1.83,2.15,3.68,7.36,6.18,5.6,10.15,8.12,6.51,6.78,5.88,5.1,4.08,3.85,2.83,2.4,1.41,0.77,0.21,-0.4,-1.56,-2.75,-3.5,-3.97,-4.6,-4.86,-4.87
-2.5,-1.7,2.17,0.64,2.23,1.99,1.97,0.26,1.53,5.44,0.95,0.25,1.59,-0.29,2.5,0.78,0.97,1.32,1.53,2.12,2.13,-0.25,1.4,-0.04,-0.47,-0.93,-1.42,-1.63,-0.46,1.36,2.27,2.24,2.47,2.52,4.17,6.35,5.61,4.6,4.87,4.12,3.15,2.35,1.81,1.22,0.7,-0.17,-1.07,-0.6,-0.83,-1.44,-1.93,-1.88,-0.83,0.55,0.32,0.01,-0.32,2.27,4.38,6.61,5.42,8.41,7.94,5.94,4.54,5.51,4.95,4.29,3.16,2.74,2.38,1.49,0.43,-0.12,-0.31,-1.31,-2.91,-4.11,-4.74,-4.96,-4.65,-4.49,-3.81
-1.89,0.06,2.42,0.93,-0.02,0.73,5.27,3.02,2.07,-2.34,0.98,0.75,1.47,1.83,1.37,1.03,1.03,1.44,1.66,1.63,0.85,0.94,1.21,0.9,0.56,0.14,-0.37,0.19,-0.15,1.02,2.97,4.08,4.2,4.18,5.31,5.51,5.21,4.49,3.7,2.83,2.05,1.87,1.54,0.9,0.49,-0.06,-0.61,-1.6,-1.82,-1.49,-1.71,-1.05,-0.02,-0.13,-0.73,-0.65,1.05,2.84,5.6,6.48,6.38,7.15,5.35,4.15,3.11,3.53,4.4,3.61,2.56,1.7,1.61,0.78,-0.26,-0.92,-1.22,-1.56,-2.73,-3.63,-4.31,-4.04,-3.85,-3.94,-4.31
-1.93,-0.4,0.65,-0.49,2.09,-0.58,2.19,0.91,0.08,0.15,1.16,1.42,-0.13,-0.7,-0.24,-0.38,-0.05,0.61,0.19,-1.31,-1.71,0.56,0.95,1.52,0.8,-0.05,0.0,2.03,2.43,3.64,3.95,2.68,5.39,5.62,5.52,5.65,5.09,4.17,3.0,2.05,1.92,1.37,1.11,0.23,-0.42,-0.32,-1.1,-1.74,-1.99,-1.71,-0.85,-0.74,-1.38,-2.02,-1.53,0.82,3.18,4.34,6.39,5.37,6.13,4.77,2.91,2.77,1.6,3.2,4.3,2.97,1.95,1.2,0.82,0.12,-0.88,-1.76,-2.42,-2.82,-3.07,-3.55,-3.93,-4.1,-4.55,-5.03,-4.13
-2.55,-0.29,-0.32,0.19,0.78,0.55,1.8,1.4,0.96,0.06,-1.23,-0.21,0.2,1.34,2.6,2.71,1.46,0.96,0.5,1.68,2.09,2.04,1.91,2.21,1.56,1.08,1.06,1.63,1.99,3.6,4.37,6.0,5.46,5.38,5.49,5.5,5.57,4.77,3.62,2.66,1.95,1.2,0.32,-0.38,-0.18,0.15,-0.44,-1.32,-1.79,-1.93,-2.25,-2.85,-2.99,-1.04,0.58,1.94,3.33,4.16,4.36,4.37,3.87,2.05,1.55,0.84,-0.71,1.95,3.01,1.98,1.4,0.27,-0.37,-0.69,-1.58,-2.57,-3.1,-3.39,-3.66,-3.94,-4.2,-4.31,-4.24,-3.53,-3.07
-0.75,-1.16,-0.3,0.3,1.3,0.36,-0.71,-0.45,1.3,1.15,0.08,-0.56,-1.03,-0.69,0.57,-1.08,1.07,2.09,1.59,1.12,1.66,1.52,2.27,2.87,2.98,3.76,4.0,3.85,2.3,1.66,6.83,6.17,5.6,5.64,5.9,5.85,5.5,4.89,3.79,2.87,2.06,1.1,0.61,0.34,0.05,-0.29,-1.01,-1.59,-2.12,-2.58,-3.32,-2.37,-0.69,0.14,1.56,2.87,3.08,2.8,2.66,2.91,1.14,-0.65,0.24,-0.22,0.65,2.21,1.98,1.23,0.81,-0.26,-1.15,-1.48,-2.5,-3.45,-4.07,-3.92,-3.48,-3.54,-3.84,-3.96,-3.93,-3.44,-2.79
-1.56,0.43,-0.05,-0.41,-0.25,0.9,2.97,0.29,0.76,1.67,2.48,1.74,-0.19,-2.53,-0.76,0.96,1.5,0.4,-0.49,0.29,-0.08,1.85,4.01,5.34,7.19,7.85,3.32,5.01,2.33,2.48,6.9,6.15,5.21,5.08,5.26,5.38,5.16,4.57,3.49,2.51,1.74,1.03,0.31,-0.33,-0.6,-0.7,-1.25,-1.55,-2.03,-1.54,-0.54,0.56,1.84,2.69,2.66,2.34,2.05,1.4,0.87,-0.1,-1.37,-2.41,-0.65,-1.23,1.64,1.03,0.68,0.91,-0.14,-1.21,-1.32,-1.53,-2.62,-3.72,-4.36,-3.9,-4.06,-3.87,-3.76,-4.24,-4.32,-3.65,-2.68
0.62,-0.29,0.96,-0.72,-0.58,0.38,-1.39,-1.72,0.72,1.86,1.32,-0.39,-0.19,0.06,1.78,1.86,3.65,2.09,1.34,0.47,-1.65,1.65,3.09,6.22,7.16,7.95,8.17,6.85,4.59,1.66,3.25,5.45,4.75,4.45,4.44,4.86,4.59,3.65,2.77,1.94,1.17,0.61,0.29,0.05,-0.32,-0.11,-0.2,-0.24,-0.07,0.29,0.6,0.94,0.74,1.01,1.18,1.1,0.04,-1.05,-1.31,-2.04,-2.43,-2.15,-1.24,-1.85,0.06,0.56,0.95,0.29,-0.61,-1.56,-2.01,-2.52,-3.33,-3.71,-3.82,-3.75,-3.8,-3.7,-3.75,-4.06,-4.13,-3.35,-2.62
2.73,2.47,0.36,-0.55,-1.48,-1.46,-1.36,-0.26,0.57,0.16,-0.17,-0.07,-0.5,1.77,4.96,5.12,3.78,2.22,1.9,2.41,1.29,0.98,5.93,7.56,8.57,7.62,6.9,6.34,4.12,1.38,1.54,4.63,3.89,3.72,3.36,3.38,2.7,2.79,2.18,1.04,0.58,1.27,0.99,0.93,0.6,0.62,0.32,0.17,0.02,-0.28,-0.53,-0.35,-0.2,-0.26,-0.04,-0.76,-1.77,-2.35,-2.47,-2.58,-2.56,-2.32,-2.36,-2.04,-1.17,2.08,0.93,-0.01,-1.09,-1.97,-2.38,-2.93,-3.57,-4.13,-4.23,-3.92,-3.85,-3.67,-3.77,-4.02,-3.68,-3.37,-2.66
2.09,3.5,0.68,1.91,0.38,-0.67,-0.34,0.99,0.15,-2.79,-0.81,-0.55,0.54,2.62,6.79,5.16,3.62,1.02,1.16,3.13,4.89,5.44,5.59,7.55,7.88,6.49,5.89,4.63,4.48,0.95,1.47,2.8,2.79,0.99,2.58,3.7,3.07,2.34,2.2,1.96,1.55,0.95,0.3,-0.01,-0.22,-0.42,-0.57,-0.88,-1.08,-1.16,-1.11,-1.39,-1.65,-0.78,-1.48,-1.61,-2.16,-2.4,-2.61,-3.04,-2.57,-1.85,-1.91,-2.75,0.78,1.45,0.71,-0.66,-1.39,-1.99,-2.61,-3.05,-3.74,-4.13,-4.29,-4.36,-4.21,-4.0,-3.84,-3.94,-3.55,-3.1,-2.83
3.38,1.35,0.45,1.18,0.26,-0.97,-2.69,-2.61,-3.72,-3.2,-2.21,-0.56,2.87,5.44,5.23,4.91,3.85,2.93,4.74,6.11,5.86,5.63,5.55,6.3,5.43,3.61,3.56,3.64,3.92,3.18,0.81,1.83,1.94,3.75,3.39,2.47,2.04,2.28,2.26,1.72,1.25,1.06,0.64,-0.23,-0.14,-0.15,-0.63,-1.23,-1.75,-1.54,-1.58,-2.14,-0.99,-1.85,-2.14,-1.86,-2.25,-2.67,-3.27,-3.44,-3.08,-2.05,-2.11,-2.1,-0.11,-0.02,-0.36,-0.53,-1.42,-2.19,-2.69,-3.22,-3.7,-4.17,-4.23,-4.16,-4.27,-4.26,-3.98,-3.91,-3.72,-3.18,-3.5
2.53,2.17,1.54,2.33,0.59,1.47,-0.21,-2.82,-3.05,-6.05,-1.76,-1.4,2.35,4.85,5.02,3.88,2.53,2.84,3.38,4.14,3.17,3.3,4.89,4.23,2.24,2.53,2.2,1.73,1.89,2.31,1.85,2.14,-0.71,1.68,1.79,1.97,1.91,1.85,1.79,1.44,0.74,0.49,0.38,0.59,-0.46,-1.21,-1.64,-1.54,-1.45,-1.92,-2.16,-2.39,-2.56,-2.84,-2.68,-2.66,-2.71,-3.38,-3.64,-3.27,-0.69,-1.97,-1.9,-1.63,-2.28,-0.99,-1.15,-1.3,-1.94,-2.34,-2.83,-3.26,-3.7,-3.9,-3.92,-3.99,-4.21,-4.28,-4.29,-3.86,-3.51,-3.69,-4.0
5.25,0.89,4.44,1.6,-0.48,0.38,0.81,-0.46,-0.85,-3.35,-1.27,-0.69,2.28,5.03,4.37,2.71,3.17,4.38,3.77,3.67,3.27,2.24,0.67,-0.54,0.53,0.64,-1.12,-1.31,-0.33,0.33,1.37,1.54,1.93,1.06,1.19,1.4,1.61,1.55,1.45,1.25,0.83,0.2,-0.18,-0.25,-1.01,-1.4,-1.87,-2.4,-2.62,-2.54,-2.61,-2.71,-3.08,-3.04,-3.24,-3.13,-3.31,-3.72,-3.14,-1.95,-1.86,-1.62,-1.86,-3.01,-3.01,-2.5,-1.9,-1.94,-2.23,-2.54,-2.86,-3.19,-3.64,-3.8,-3.96,-3.97,-4.11,-4.19,-4.15,-3.86,-3.85,-4.0,-4.29
4.02,2.58,4.82,1.53,-0.81,-1.93,0.8,1.31,-0.49,0.01,3.3,2.49,3.75,2.43,3.46,2.98,3.84,3.67,2.51,1.44,-0.64,-1.91,-2.3,-1.09,-1.09,-2.06,-3.13,-5.05,-2.51,-0.85,-0.97,0.75,0.38,0.5,0.56,0.21,0.64,1.08,1.3,1.5,0.93,0.03,-1.09,-1.05,-1.54,-2.14,-2.44,-2.4,-2.58,-2.66,-2.8,-3.05,-3.04,-2.98,-2.93,-2.59,-2.52,-2.72,-2.19,-2.09,-1.99,-2.25,-2.86,-3.36,-3.58,-3.15,-2.68,-2.55,-2.17,-2.46,-2.87,-3.07,-3.4,-3.53,-3.67,-3.75,-3.82,-3.75,-3.59,-3.6,-3.77,-4.05,-4.25
4.19,3.2,2.68,0.95,-1.22,-2.71,-0.61,0.67,2.33,-0.35,-0.34,0.96,0.53,1.3,2.2,1.94,2.19,2.14,1.39,-0.88,-4.34,-5.86,-4.65,-2.95,-1.25,-0.44,-1.91,0.54,0.63,3.15,3.53,-0.58,-1.12,-0.31,-0.51,-0.17,0.54,0.38,0.27,0.38,0.89,-0.21,-0.93,-1.04,-2.1,-2.92,-3.19,-3.36,-3.65,-3.49,-3.48,-3.19,-3.51,-2.72,-2.36,-2.06,-2.3,-2.16,-2.68,-2.82,-2.27,-3.17,-3.75,-3.91,-3.98,-3.86,-3.28,-2.55,-2.19,-2.68,-2.67,-2.96,-3.29,-3.46,-3.6,-3.55,-3.47,-3.21,-3.37,-3.58,-3.84,-3.75,-3.73
4.17,3.43,2.09,0.43,-2.55,-4.44,-0.42,0.33,0.83,0.3,-3.83,-3.77,-1.04,1.96,2.02,1.22,0.74,0.96,-0.03,-2.68,-5.99,-4.07,-1.95,-0.24,-0.63,-1.0,-0.5,0.21,-0.23,1.84,2.73,2.85,0.67,-0.28,-1.06,-0.22,2.28,-0.45,-0.85,-1.04,0.29,0.72,-0.3,-1.03,-2.11,-3.21,-3.45,-3.4,-3.52,-3.65,-1.84,-1.95,-2.09,-2.22,-2.01,-2.16,-2.24,-2.25,-2.68,-2.5,-2.8,-3.27,-3.61,-3.92,-4.2,-3.93,-3.81,-2.86,-2.53,-2.58,-2.4,-2.79,-3.15,-3.28,-3.1,-2.94,-2.97,-3.23,-3.16,-3.34,-3.27,-3.24,-3.33
4.79,3.36,1.78,-0.09,-3.14,-6.76,1.22,1.16,1.36,1.62,1.32,-3.19,-3.38,-0.94,-0.33,0.17,-0.69,-0.15,-1.08,-3.54,-7.89,-0.73,-0.43,0.44,-1.16,-1.57,-1.8,-1.54,-0.56,0.1,0.03,1.16,2.87,1.81,1.23,1.2,-0.03,-2.99,-1.58,-2.55,1.18,2.03,0.03,-1.19,-2.06,-3.07,-3.27,-3.89,-4.35,-2.52,-1.05,-0.36,-0.45,-1.19,-1.7,-1.86,-2.01,-2.28,-2.61,-2.63,-3.03,-3.56,-3.56,-3.86,-4.07,-4.08,-4.0,-3.37,-2.82,-2.63,-2.83,-3.1,-3.22,-3.12,-2.98,-2.93,-3.07,-3.02,-3.08,-3.14,-3.1,-3.1,-3.47
5.01,3.04,1.3,-0.87,-3.04,-4.28,-3.87,2.31,0.03,4.02,1.38,1.13,1.98,3.66,0.07,-2.01,-0.72,-2.01,-2.82,-3.87,-2.08,-0.02,0.77,-0.09,-1.79,-1.12,-0.58,-0.25,-0.13,0.39,0.86,1.04,2.61,1.58,3.18,0.28,-1.53,-2.48,-1.85,0.75,0.88,-0.17,-0.25,-1.91,-2.3,-2.63,-2.87,-3.25,-3.15,-1.61,0.09,0.57,0.11,-0.68,-1.24,-1.61,-1.56,-1.77,-2.05,-2.15,-2.8,-3.34,-3.38,-3.67,-3.78,-4.39,-4.13,-3.4,-2.89,-3.08,-3.35,-3.22,-3.11,-2.96,-2.91,-2.97,-2.95,-2.97,-2.84,-2.84,-2.79,-2.93,-3.17
4.03,2.44,0.75,-1.03,-2.87,-3.29,-2.22,-1.38,2.03,2.46,2.32,1.52,2.23,0.69,-0.37,-1.88,-1.29,-1.96,-0.22,0.84,-0.07,0.15,0.0,-1.18,-0.9,-0.43,-0.71,-0.59,-0.12,0.21,0.3,0.65,2.72,2.89,0.73,1.29,1.0,0.93,1.8,2.32,0.1,-0.19,-1.27,-2.21,-0.12,-1.27,-2.47,-2.34,-1.75,0.0,0.37,0.56,-0.37,-0.79,-1.17,-1.25,-1.21,-1.35,-1.38,-1.89,-2.17,-2.8,-3.06,-3.6,-3.98,-4.46,-4.18,-3.78,-3.26,-3.21,-2.97,-2.88,-3.02,-3.09,-3.25,-3.46,-3.29,-2.93,-2.54,-2.63,-2.53,-2.43,-2.55
2.73,1.51,0.02,-1.12,-2.01,-2.67,-1.57,-1.4,-1.14,2.25,1.44,1.24,0.89,0.33,0.89,-0.8,-0.47,-0.89,-1.65,0.98,1.27,-0.57,-0.78,-3.48,-2.39,-1.44,-1.03,-0.26,-0.4,-0.22,0.29,1.38,1.73,1.16,-0.09,-0.05,0.03,0.59,0.92,0.22,-0.14,0.13,-0.63,-1.1,-1.15,-2.09,-2.29,-2.38,-2.01,-0.85,-0.04,0.19,-0.36,-1.08,-1.35,-1.23,-1.17,-0.98,-1.23,-1.49,-1.77,-2.23,-2.73,-3.25,-3.61,-4.31,-4.16,-3.77,-3.45,-2.87,-2.62,-2.81,-3.19,-3.3,-3.03,-3.22,-3.12,-2.4,-2.84,-3.04,-2.81,-2.86,-2.9
