static/gfs.json
{"header": {"discipline":0,"disciplineName":"Meteorological products","gribEdition":2,"gribLength":76318,"center":7,"centerName":"US National Weather Service - NCEP(WMC)","subcenter":0,"refTime":"2017-04-20T18:00:00.000Z","significanceOfRT":1,"significanceOfRTName":"Start of forecast","productStatus":0,"productStatusName":"Operational products","productType":1,"productTypeName":"Forecast products","productDefinitionTemplate":0,"productDefinitionTemplateName":"Analysis/forecast at horizontal level/layer at a point in time","parameterCategory":2,"parameterCategoryName":"Momentum","parameterNumber":3,"parameterNumberName":"V-component_of_wind","parameterUnit":"m.s-1","genProcessType":2,"genProcessTypeName":"Forecast","forecastTime":0,"surface1Type":103,"surface1TypeName":"Specified height level above ground","surface1Value":10,"surface2Type":255,"surface2TypeName":"Missing","surface2Value":0,"gridDefinitionTemplate":0,"gridDefinitionTemplateName":"Latitude_Longitude","numberPoints":65160,"shape":6,"shapeName":"Earth spherical with radius of 6,371,229.0 m","gridUnits":"degrees","resolution":48,"winds":"true","scanMode":0,"nx":360,"ny":181,"basicAngle":0,"subDivisions":0,"lo1":0,"la1":90,"lo2":359,"la2":-90,"dx":1,"dy":1,"convert-by":"Asper","site":"https://airmap.g0v.asper.tw"}, "data":
[rows 144 to 179 of 181, columns 0 to 80 of 360]
-10.79,-10.89,-11.02,-10.93,-10.5,-9.71,-8.37,-6.79,-5.52,-4.52,-3.54,-2.84,-2.69,-2.81,-2.76,-2.39,-1.76,-0.95,0.01,1.14,2.23,3.32,3.91,4.33,4.51,4.47,4.54,5.17,5.7,6.55,6.75,6.29,6.06,5.9,5.77,6.13,6.43,6.4,6.39,6.5,6.83,7.09,7.15,6.59,5.8,5.44,5.24,4.38,2.03,-0.33,-2.1,-2.83,-2.89,-2.65,-2.42,-2.42,-2.75,-3.31,-3.93,-4.26,-4.21,-4.07,-4.01,-3.93,-4.02,-4.27,-4.41,-4.23,-3.94,-3.97,-3.9,-3.63,-3.14,-2.59,-1.58,-0.34,0.3,0.1,-0.24,-0.53,-0.73
-11.7,-11.78,-11.84,-11.7,-11.4,-10.68,-9.53,-8.19,-6.95,-5.72,-4.37,-3.28,-2.72,-2.57,-2.45,-2.11,-1.59,-0.88,0.04,1.04,2.19,3.01,3.84,4.29,4.32,4.24,4.95,5.83,6.55,7.29,7.5,7.63,7.68,7.61,7.05,6.37,5.99,5.9,5.81,5.88,5.81,5.77,5.86,5.85,5.78,5.15,4.52,3.65,2.71,1.93,1.42,1.03,0.54,0.11,-0.36,-0.81,-1.39,-1.96,-2.52,-2.94,-3.21,-3.34,-3.35,-3.58,-4.07,-4.65,-5.03,-4.84,-4.25,-3.63,-3.38,-3.37,-2.48,-1.3,-0.31,0.52,1.15,1.3,1.29,1.2,0.83
-12.27,-12.08,-12.3,-12.27,-11.94,-11.41,-10.57,-9.51,-8.36,-7.31,-6.13,-4.83,-3.34,-2.84,-2.76,-2.51,-2.12,-1.52,-0.72,0.29,1.41,2.22,3.11,3.58,4.21,4.35,5.2,6.03,6.69,7.15,7.63,7.97,8.31,8.38,8.2,7.62,6.56,5.72,4.93,4.84,5.08,5.28,5.45,5.34,4.99,4.75,4.54,4.32,3.9,3.3,2.76,2.22,1.64,0.91,0.15,-0.6,-1.06,-1.25,-1.39,-1.61,-2.08,-2.57,-2.97,-3.29,-3.76,-4.44,-5.39,-5.63,-4.95,-4.08,-3.33,-2.61,-2.06,-1.1,0.07,1.05,1.78,2.18,2.33,2.19,1.55
-14.42,-14.14,-13.05,-12.23,-11.78,-11.38,-10.66,-9.8,-8.89,-7.78,-6.82,-6.44,-4.9,-3.89,-3.2,-2.74,-2.38,-1.89,-1.17,-0.18,0.71,1.51,2.43,3.19,3.77,4.73,5.29,5.84,6.43,6.98,7.2,7.19,7.28,7.64,7.95,7.8,7.24,6.94,6.6,6.28,6.13,6.32,6.54,6.48,6.13,5.49,4.62,3.65,2.88,2.44,2.28,2.27,2.11,1.71,1.18,0.73,0.67,1.03,1.2,0.73,-0.58,-2.14,-3.16,-3.66,-3.98,-4.59,-6.12,-6.5,-5.32,-4.09,-2.95,-1.8,-0.73,0.21,1.4,2.13,2.68,3.53,4.16,4.68,2.81
-14.99,-14.87,-14.36,-13.63,-13.02,-12.06,-11.02,-10.15,-9.38,-8.71,-7.95,-7.33,-6.47,-4.89,-4.11,-3.73,-3.32,-2.6,-1.81,-0.92,0.1,1.11,2.16,3.01,3.95,4.64,5.27,5.97,6.5,6.76,6.22,5.67,5.78,6.28,6.71,6.81,6.68,6.61,6.7,6.74,6.76,6.84,6.85,6.7,6.41,5.9,5.25,4.52,3.81,3.31,2.67,1.7,0.78,0.16,-0.11,-0.21,-0.03,0.14,0.27,0.14,-0.25,-0.32,-0.06,-0.1,-1.62,-5,-7.67,-7.49,-5.18,-3.33,-1.97,-1.11,0.3,1.28,1.94,3.39,4.36,5.29,5.49,5.74,4.53
-15.45,-15.55,-15.09,-14.3,-13.22,-12.13,-11.24,-10.43,-9.66,-8.99,-7.98,-7.04,-6.42,-5.73,-4.96,-4.11,-3.42,-2.99,-2.18,-1.2,-0.22,0.53,1.32,2.37,3.23,4.01,4.85,5.81,6.43,6.18,5.42,4.74,4.86,5.44,5.89,6.04,6.07,6.2,6.66,7.2,7.55,7.9,8.19,8.27,7.93,7.3,6.46,5.36,4.37,3.43,2.66,2.23,1.6,0.81,0.24,-0.39,-0.93,-1.19,-1.18,-0.86,-0.52,-0.94,-2.19,-3.24,-3.71,-5.43,-7.8,-7.24,-5.64,-3.94,-2.73,-1.1,-3.86,-1.38,0.24,3.76,5.39,3.43,6.61,7.22,6.87
-15.53,-15.74,-15.63,-14.92,-13.93,-12.87,-11.76,-10.77,-10.08,-9.54,-9.03,-8.36,-7.79,-7.32,-6.86,-6.1,-5.22,-4.27,-3.28,-2.38,-1.51,-0.64,0.25,1.11,1.95,2.74,3.72,5.16,5.82,5.35,4.15,3.6,4.18,4.98,5.27,5.34,5.28,5.43,6.06,6.77,7.69,8.5,9.2,9.61,9.61,9.07,8.18,7.16,5.99,5.13,4.36,2.57,0.78,0.31,0.64,0.5,0.28,0.25,0.06,-0.4,-1.37,-1.66,-2.18,-2,-3.89,-5.75,-5.69,-5.51,-4.58,-2.62,-5.56,-9.15,-5.96,-3.96,-1.11,0.45,1.26,2.93,5.64,8.75,8.98
-15.66,-15.88,-15.71,-15.12,-14.29,-13.27,-12.13,-11,-10.14,-9.6,-8.88,-8.18,-7.61,-7.16,-6.69,-6.01,-5.23,-4.46,-3.79,-3.05,-2.28,-1.63,-1.04,-0.46,0.31,1.22,2.35,3.71,4.11,3.47,2.83,2.88,3.3,4.11,4.38,4.5,4.51,4.32,4.66,6.06,7.47,8.61,9.46,10.09,10.35,10.27,9.67,8.25,6.23,4.8,4.39,4.65,4.5,3.9,3.13,2.14,1.14,0.35,-1,-0.91,-0.98,-0.26,-0.68,-3.64,-6.4,-5.76,-4.93,-3.88,-3.07,-9.36,-9.78,-6.84,-4.65,-2.46,-0.85,0.45,1.9,2.9,3.29,3.24,3.37
-14.92,-15.29,-15.41,-14.99,-14.15,-13.11,-12.02,-10.99,-10.09,-9.37,-8.87,-8.53,-8.15,-7.67,-7.03,-6.36,-5.75,-5.17,-4.56,-3.93,-3.32,-2.71,-2.11,-1.52,-1.03,-0.24,1.29,2.24,1.99,1.44,1.49,2.46,3.21,3.7,3.95,3.73,3.7,4.41,5.43,6.56,7.88,8.82,9.32,9.47,9.39,9.38,9.27,8.96,7.72,3.96,3.91,2.39,1.31,3.79,5.88,5.98,4.1,2.6,0.16,-0.72,0.62,0.51,-0.67,-2.27,-3.01,-3.31,-3.25,-6.26,-6.85,-4.63,-3.73,-2.26,-1.06,0.1,1.14,2.07,2.58,3.14,3.28,3.16,2.85
-13,-13.46,-13.57,-13.32,-12.82,-12.22,-11.44,-10.61,-9.69,-8.83,-8.01,-7.19,-6.51,-5.94,-5.49,-5.12,-4.75,-4.43,-4.28,-4.25,-4.34,-4.26,-3.9,-3.3,-2.68,-1.74,-0.39,0.33,0.12,0.07,1.45,2.56,2.85,2.71,2.45,2.6,3.51,5.02,6.67,7.87,8.84,9.4,9.26,8.67,7.85,7.14,6.59,6.36,6.85,2.48,2.38,-2.55,0.8,1.56,3.07,1.72,-0.26,-0.86,-0.6,0.44,1.74,2.59,3.3,3.57,3.41,2.62,1.64,0.82,0.33,0.45,0.95,1.6,2,2.14,2.22,2.43,2.86,3.42,3.98,4.3,3.51
-0.27,-3.02,-5.24,-6.54,-7.07,-7.16,-7.05,-6.82,-6.49,-6.03,-5.4,-4.54,-3.59,-2.6,-1.46,-0.05,1.71,3.18,2.77,-0.49,-4.04,-5.15,-4.81,-4.52,-4.21,-3.41,-2.23,-1.89,-2.08,-0.52,0.89,1.28,1.73,1.77,1.38,3.22,5.19,6.55,7.89,9.03,9.61,9.47,8.46,7.02,5.3,4.1,3.1,3.99,3.55,-1.86,-1.04,-0.92,1,2.41,2.27,0.83,0.08,0.28,0.62,0.99,1.31,1.71,1.93,1.97,2.01,2.06,2.21,2.75,3.43,3.89,3.93,3.63,3.25,3.04,3.03,3.05,3.32,5,6.4,1.43,0.04
-4.62,-5.33,-5.94,-6.5,-6.9,-6.99,-6.75,-6.27,-5.67,-5.04,-4.42,-3.78,-3.06,-2.31,-1.58,-0.74,0.22,1.07,1.46,1.5,0.93,-1.24,-4.01,-5.54,-5.81,-4.62,-4.09,-4.39,-2.49,-0.98,-0.51,-1.09,-1.24,0.99,3.57,4.52,5.44,6.9,8.73,10.72,10.7,10.82,9.49,5.81,2.51,-0.78,1.04,-4.41,-7.74,-7.58,-5.17,-2.44,0.58,2.75,4.21,5.41,5.69,5.37,4.73,4.14,3.78,3.42,3.41,3.38,3.46,3.59,3.95,4.6,5.26,5.18,4.69,4.07,3.47,3.27,3.47,2.25,1.59,1.81,2.33,2.16,1.61
-0.21,-1.91,-4.5,-7.51,-9.83,-10.53,-9.59,-8.1,-6.65,-5.25,-3.94,-2.85,-1.93,-1.14,-0.55,-0.17,0.16,0.62,0.81,0.64,0.07,-1.57,-3.95,-5.83,-6.59,-6.91,-5.12,-2.37,-1.31,-1.52,-3.64,-3.65,0.01,1.86,2.47,3.87,5.46,7.5,9.19,9.58,11.12,13.42,12.08,3.67,-2.87,-5.33,-8.65,-6.65,-6.66,-6.66,-7.46,-5.73,-1.61,2.15,5.03,8.76,12.2,9.48,5.79,4.91,4.12,3.55,3.09,2.93,2.9,3.08,3.23,3.55,4.02,4.89,4.61,3.21,3.06,3.76,4.33,2.84,2.33,1.34,0.52,0.38,0.13
7.08,2.2,-3.99,-7.8,-8.48,-7.95,-9.02,-10.01,-8.52,-5.9,-3.97,-2.52,-1.13,-0.2,0.05,-0.16,-0.54,-0.71,-0.02,0.42,-1.46,-5.03,-7.4,-7.14,-5.7,-4.19,-3.22,-2.93,-3.69,-4.25,-2.68,-1,-0.42,0.14,1.82,4.04,5.57,9.01,5.05,2.31,2.89,3.66,4.53,3.6,2.54,1.08,0.33,0.47,-1.28,0.61,5.01,3.17,-0.19,-1.77,-2.49,0.84,3.02,4.2,6.16,5.27,4.15,3.83,3.54,3.49,3.79,3.66,3.73,4.14,4.16,5.06,5.04,3.25,2.73,3.25,3.73,3.83,2.35,1.3,1.18,0.53,-0.09
4.97,4.77,3.2,1.18,-1.05,-3.11,-4.49,-4.98,-4.15,-2.3,-0.55,0.23,0.1,0.24,-0.05,-1,-1.3,-1.16,-1.17,-0.79,-0.22,0,0.33,0.98,1.76,2.44,2.53,1.97,1.32,0.91,1.02,0.67,-3.24,-3.63,0.33,4.07,6.06,9.03,2.46,-5.65,-4.7,-4.49,-3.29,1.67,6.03,8.37,7.35,6.15,6.63,1.46,-0.31,0.17,2.96,5.28,7.5,7.2,7.05,6.88,8.02,10.44,10.16,8.83,9.58,9.71,8.74,9.32,10.66,10.94,12.2,13.7,11.88,6.36,2.26,2.52,2.42,0.73,-1.33,-2.71,-3.46,-1.68,1.61
2.7,2.32,2.25,2.03,1.76,1.59,1.62,1.66,2.08,2.66,3.37,4.07,4.54,4.61,4.53,4.76,5,4.91,4.76,4.8,4.48,4.54,4.53,4.46,4.24,3.79,3.5,3.33,3.22,2.43,2.55,2.93,-3.14,-2.22,2.03,3.91,4.3,4.15,4.72,2.15,-0.74,-1.13,-1.33,-1.46,-0.43,1.11,4.6,7.63,8.1,4.71,2.22,0.55,-0.09,0.98,3.8,4.9,4.9,5.49,6.72,8.02,8.12,7.36,7.52,7.74,7.92,8.95,9.91,9.73,9.26,9.5,9.83,6.22,1.01,0.47,-0.53,-0.81,0.17,0.57,-0.3,-0.93,-1.21
1.47,1.5,1.88,1.87,1.72,1.58,1.31,0.91,1.02,1.6,2.14,2.44,2.54,3.05,3.13,2.74,3.74,4.38,4.34,5.46,5.34,5.12,6.93,7.65,7.79,7,5.91,3.89,2.36,0.47,0.34,1.53,2.32,0.34,-0.55,2.72,4.13,7.02,7.79,1.59,-3.87,-4.38,-4.24,-4.09,-3.78,-2.68,-0.78,1.26,2.7,3.31,2.79,1.86,0.73,0.08,0.26,1.46,2.68,3.89,5.19,6.12,6.57,6.88,7.48,7.76,6.89,6.58,6.65,3.99,0.61,3.52,6.42,5.37,0.45,-1.5,0.9,2.5,0.99,-0.79,-1.01,-0.65,-0.23
2.38,0.72,-1.42,-0.57,2.08,2.99,4.9,5.62,3.41,2.3,3.34,5.59,7.74,9.31,11.02,9.01,8.17,9.71,10.28,8.77,7.4,5.8,4.64,6.65,9.45,12.42,12.46,9.71,7.66,6.22,4.68,3.94,3.11,2.57,1.99,1.68,2.77,4.06,4.76,3.99,2.26,0.24,-0.95,-1.59,-1.76,-1.72,-1.51,-1.1,-0.36,0.12,0.45,0.83,0.91,0.75,0.73,1.27,2.26,3.39,4.2,4.35,4.29,4.13,3.87,4.59,6.44,7.58,7.32,6.71,6.49,6.06,4.09,0.46,-3.12,-4.52,-5.45,-5.77,-5.1,-4.01,-3.11,-3.11,-2.88
1.35,1.7,4.05,4.03,4.98,5.56,8.42,9.01,10.08,8.15,9.17,6.31,6.36,10.96,14.99,14.28,12.28,13.64,13.34,12.52,13.68,11.55,6.55,5.95,7.65,6.61,8.77,19.31,17.15,12.84,8.39,6.65,5.82,4.13,3.34,3.46,4.07,4.49,4.24,3.75,3.31,2.84,2.27,1.71,1.36,0.86,0.28,-0.12,-0.36,-0.45,-0.31,0.03,0.64,1.32,2.16,3.05,3.77,4.3,4.59,4.56,4.43,4.49,4.57,4.79,5.57,6.14,5.8,5.17,6.25,3.2,-1.29,-2.81,-3.4,-3.83,-4.26,-4.27,-4.02,-4.19,-4.14,-3.85,-3.67
1.91,-1.94,-1.63,-1.16,-1.05,-0.93,-0.19,1.95,4.17,5.32,5.59,5.62,5.8,6.81,8.17,9.85,10.59,10.41,11.03,12.16,12.62,12.8,12.2,10.9,9.71,9.14,10.91,13.44,14.67,13.9,10.82,7.87,7.01,6.06,4.22,2.62,1.91,2.2,2.72,2.66,2.1,1.75,1.6,1.46,1.31,0.97,0.69,0.55,0.59,0.96,1.34,1.75,2.43,3.19,3.76,4.06,4.25,4.39,4.26,4.27,4.96,5.44,5.61,5.35,4.58,5.27,6.31,2.4,-0.85,1.17,0.24,-2.53,-3.32,-4.31,-5.06,-5.27,-4.85,-4.07,-3.91,-3.97,-3.97
2.53,1.11,0.02,-0.6,-0.92,-0.94,-0.55,-0.07,0.4,1.01,1.73,2.45,3.08,3.74,4.66,5.65,6.36,6.77,7.09,7.44,7.81,8.11,8.35,8.47,8.54,8.57,8.8,9.33,9.72,9.92,9.44,8.04,6.78,5.98,4.98,3.74,2.89,2.5,2.28,2.14,2.08,2.11,2.1,1.94,1.74,1.66,1.76,1.92,2.07,2.37,2.92,3.61,4.25,4.68,4.91,5.02,5,4.8,4.8,5.35,6.2,6.78,7.13,7.27,7.51,7.8,6.7,4.57,2,-0.77,-1.94,-2.59,-3.61,-4.55,-5.24,-5.69,-5.75,-5.23,-4.79,-4.56,-4.48
-3.56,-3.06,-2.57,-2.25,-2.03,-1.78,-1.67,-1.57,-1.36,-1.01,-0.56,-0.06,0.47,0.99,1.57,2.22,2.89,3.49,3.95,4.3,4.54,4.65,4.77,5,5.36,5.78,6.09,6.24,6.32,6.43,6.48,6.26,5.73,5.08,4.51,3.95,3.39,3.03,2.8,2.63,2.49,2.29,2.12,2.1,2.2,2.34,2.53,2.86,3.18,3.38,3.68,4.22,4.63,4.9,5.33,5.63,5.63,5.74,6.26,6.96,7.32,7.12,6.35,5.88,6.15,6.06,5.04,3.75,2.74,2,1.4,0.6,-0.76,-2.56,-4.17,-5.04,-5,-4.74,-4.44,-4.1,-4.01
-5.48,-5.05,-4.75,-4.54,-4.38,-4.17,-3.9,-3.61,-3.38,-3.19,-2.93,-2.64,-2.31,-1.84,-1.34,-0.86,-0.42,0.06,0.44,0.71,0.98,1.21,1.38,1.51,1.63,1.81,2.1,2.46,2.79,3.04,3.2,3.22,3.11,2.87,2.65,2.56,2.49,2.41,2.33,2.31,2.39,2.53,2.62,2.66,2.76,2.93,3.01,3.07,3.3,3.61,3.79,3.96,4.2,4.39,4.66,4.88,5.03,5.12,5.48,6.23,6.88,6.78,5.97,5.15,4.79,4.77,4.71,4.62,4.28,3.34,1.98,0.73,-0.14,-0.93,-1.88,-2.83,-3.54,-4.02,-4.36,-4.49,-4.41
-5.68,-5.58,-5.62,-5.72,-5.68,-5.55,-5.42,-5.24,-5.01,-4.79,-4.62,-4.49,-4.22,-3.77,-3.35,-3,-2.63,-2.36,-2.08,-1.74,-1.43,-1.22,-1.08,-0.92,-0.77,-0.71,-0.77,-0.83,-0.82,-0.7,-0.58,-0.52,-0.45,-0.37,-0.28,-0.18,-0.01,0.25,0.61,1.04,1.43,1.76,2.03,2.24,2.41,2.61,2.79,2.84,2.87,2.98,3.17,3.3,3.34,3.38,3.54,3.81,4.13,4.3,4.12,3.83,3.88,4.22,4.26,3.86,3.4,3.22,3.29,3.47,3.68,3.85,3.82,3.35,2.35,1.25,0.31,-0.54,-1.22,-1.8,-2.53,-3.12,-3.26
-5.08,-5.09,-5.16,-5.23,-5.29,-5.32,-5.3,-5.27,-5.26,-5.28,-5.26,-5.15,-4.99,-4.85,-4.7,-4.5,-4.32,-4.13,-3.86,-3.57,-3.32,-3.14,-2.96,-2.79,-2.7,-2.62,-2.49,-2.36,-2.23,-2.13,-2.09,-2.01,-1.84,-1.75,-1.71,-1.67,-1.62,-1.6,-1.57,-1.41,-1.03,-0.45,0.22,0.81,1.24,1.61,1.94,2.21,2.41,2.55,2.58,2.54,2.56,2.67,2.76,2.78,2.83,2.96,2.99,2.8,2.56,2.36,2.29,2.45,2.71,2.8,2.57,2.09,1.68,1.61,1.93,2.45,2.81,2.73,2.37,2.23,2.36,2.09,1.1,-0.11,-1.05
-6.08,-6.05,-5.83,-5.52,-5.27,-5.12,-5.13,-5.17,-5.13,-5.02,-4.96,-4.98,-4.99,-4.96,-4.95,-5.01,-5.09,-5.16,-5.19,-5.1,-4.95,-4.77,-4.62,-4.5,-4.4,-4.28,-4.15,-4.05,-3.97,-3.87,-3.76,-3.62,-3.47,-3.3,-3.14,-3,-2.88,-2.73,-2.54,-2.32,-2.1,-1.86,-1.55,-1.12,-0.57,0,0.49,0.87,1.16,1.37,1.52,1.62,1.68,1.67,1.6,1.47,1.36,1.25,1.1,0.85,0.49,0.06,-0.35,-0.74,-1.16,-1.45,-1.52,-1.52,-1.31,-1.11,-1.13,-1.28,-1.23,-0.91,-0.56,-0.28,0.08,0.66,1.22,1.39,1.04
-6.27,-6.2,-6.04,-5.9,-5.82,-5.78,-5.8,-5.8,-5.73,-5.62,-5.44,-5.29,-5.24,-5.26,-5.29,-5.31,-5.36,-5.45,-5.58,-5.73,-5.86,-5.92,-5.91,-5.87,-5.78,-5.68,-5.56,-5.47,-5.39,-5.3,-5.18,-5,-4.83,-4.68,-4.54,-4.39,-4.27,-4.16,-4.04,-3.92,-3.79,-3.63,-3.45,-3.27,-3.08,-2.83,-2.51,-2.12,-1.68,-1.27,-0.95,-0.74,-0.61,-0.54,-0.5,-0.49,-0.51,-0.56,-0.61,-0.66,-0.73,-0.82,-0.98,-1.22,-1.53,-1.86,-2.14,-2.45,-2.76,-3.02,-3.2,-3.3,-3.41,-3.57,-3.66,-3.72,-3.8,-3.95,-4.09,-4.16,-4.12
-7.15,-7.09,-6.96,-6.78,-6.53,-6.31,-6.08,-5.88,-5.74,-5.71,-5.75,-5.81,-5.91,-5.98,-6.03,-6.04,-6.07,-6.11,-6.24,-6.38,-6.62,-6.93,-7.17,-7.3,-7.36,-7.43,-7.52,-7.58,-7.59,-7.52,-7.37,-7.08,-6.77,-6.54,-6.36,-6.16,-5.92,-5.69,-5.44,-5.25,-5.11,-5,-4.9,-4.77,-4.68,-4.59,-4.52,-4.45,-4.39,-4.34,-4.26,-4.16,-4.06,-3.94,-3.83,-3.73,-3.63,-3.55,-3.48,-3.43,-3.39,-3.38,-3.42,-3.5,-3.56,-3.62,-3.67,-3.72,-3.83,-3.97,-4.11,-4.26,-4.41,-4.55,-4.65,-4.68,-4.55,-4.34,-4.11,-3.9,-3.73
-3.2,-3.37,-3.52,-3.63,-3.72,-3.83,-3.93,-4,-4.03,-4.03,-4.04,-4.06,-4.1,-4.16,-4.24,-4.31,-4.41,-4.55,-4.76,-5.06,-5.39,-5.76,-6.17,-6.68,-7.2,-7.58,-7.74,-7.7,-7.53,-7.38,-7.29,-7.31,-7.37,-7.41,-7.33,-7.2,-7.08,-6.99,-6.92,-6.83,-6.65,-6.42,-6.21,-6.05,-5.96,-5.92,-5.89,-5.83,-5.73,-5.6,-5.48,-5.36,-5.23,-5.09,-4.96,-4.84,-4.74,-4.66,-4.63,-4.65,-4.7,-4.81,-4.92,-5.02,-5.09,-5.15,-5.21,-5.28,-5.33,-5.39,-5.43,-5.43,-5.34,-5.13,-4.83,-4.49,-4.18,-3.9,-3.62,-3.32,-3.04
-2.21,-2.35,-2.53,-2.7,-2.86,-2.99,-3.08,-3.16,-3.23,-3.32,-3.37,-3.43,-3.47,-3.52,-3.58,-3.66,-3.78,-3.91,-4.04,-4.18,-4.32,-4.49,-4.74,-5.09,-5.48,-5.9,-6.32,-6.71,-6.97,-7.1,-7.1,-7.02,-6.94,-6.86,-6.82,-6.76,-6.65,-6.57,-6.47,-6.36,-6.25,-6.15,-6.09,-6.07,-6.07,-6.08,-6.1,-6.14,-6.17,-6.22,-6.26,-6.3,-6.34,-6.37,-6.41,-6.42,-6.41,-6.39,-6.36,-6.34,-6.31,-6.27,-6.21,-6.11,-5.97,-5.79,-5.59,-5.39,-5.2,-5.02,-4.83,-4.62,-4.39,-4.11,-3.81,-3.5,-3.2,-2.92,-2.65,-2.41,-2.18
-1.99,-2.09,-2.19,-2.29,-2.39,-2.49,-2.58,-2.66,-2.75,-2.83,-2.93,-3.01,-3.11,-3.21,-3.33,-3.45,-3.58,-3.72,-3.87,-4.05,-4.24,-4.46,-4.68,-4.88,-5.05,-5.18,-5.3,-5.42,-5.61,-5.84,-6.1,-6.32,-6.48,-6.53,-6.55,-6.54,-6.55,-6.62,-6.72,-6.85,-6.92,-6.92,-6.87,-6.8,-6.74,-6.7,-6.7,-6.68,-6.64,-6.59,-6.53,-6.49,-6.47,-6.47,-6.47,-6.47,-6.46,-6.43,-6.4,-6.35,-6.29,-6.23,-6.15,-6.05,-5.94,-5.82,-5.68,-5.55,-5.39,-5.23,-5.04,-4.83,-4.61,-4.37,-4.11,-3.85,-3.58,-3.33,-3.08,-2.83,-2.6
-2.54,-2.6,-2.66,-2.71,-2.78,-2.83,-2.88,-2.93,-2.98,-3.03,-3.08,-3.15,-3.22,-3.31,-3.38,-3.49,-3.61,-3.74,-3.89,-4.06,-4.24,-4.47,-4.68,-4.88,-5.07,-5.23,-5.39,-5.56,-5.73,-5.9,-6.04,-6.19,-6.34,-6.45,-6.53,-6.61,-6.64,-6.67,-6.71,-6.77,-6.84,-6.9,-6.96,-7.04,-7.06,-7.06,-7.01,-6.94,-6.89,-6.82,-6.76,-6.68,-6.61,-6.53,-6.46,-6.39,-6.32,-6.24,-6.17,-6.08,-5.99,-5.88,-5.77,-5.65,-5.51,-5.37,-5.23,-5.08,-4.93,-4.78,-4.63,-4.48,-4.32,-4.15,-3.98,-3.79,-3.58,-3.37,-3.14,-2.9,-2.62
-3.43,-3.48,-3.52,-3.57,-3.62,-3.68,-3.73,-3.81,-3.89,-3.97,-4.06,-4.15,-4.24,-4.34,-4.41,-4.49,-4.56,-4.64,-4.72,-4.81,-4.9,-5.02,-5.16,-5.3,-5.45,-5.59,-5.75,-5.92,-6.08,-6.23,-6.37,-6.48,-6.56,-6.64,-6.69,-6.71,-6.71,-6.68,-6.63,-6.56,-6.48,-6.4,-6.3,-6.22,-6.18,-6.14,-6.1,-6.08,-6.07,-6.06,-6.05,-6.04,-6.03,-6.02,-6.02,-6.02,-6.02,-5.99,-5.95,-5.9,-5.84,-5.75,-5.65,-5.54,-5.4,-5.26,-5.11,-4.93,-4.76,-4.58,-4.38,-4.19,-3.99,-3.79,-3.58,-3.37,-3.16,-2.96,-2.77,-2.58,-2.4
-2.71,-2.84,-2.98,-3.11,-3.22,-3.33,-3.42,-3.51,-3.6,-3.68,-3.77,-3.85,-3.94,-4.04,-4.13,-4.23,-4.34,-4.44,-4.54,-4.63,-4.73,-4.81,-4.9,-4.97,-5.05,-5.12,-5.18,-5.23,-5.28,-5.32,-5.36,-5.38,-5.41,-5.44,-5.46,-5.49,-5.51,-5.53,-5.55,-5.56,-5.57,-5.56,-5.56,-5.54,-5.51,-5.47,-5.42,-5.38,-5.32,-5.26,-5.19,-5.13,-5.06,-4.99,-4.92,-4.85,-4.77,-4.7,-4.62,-4.53,-4.45,-4.36,-4.28,-4.18,-4.08,-3.98,-3.88,-3.77,-3.66,-3.55,-3.43,-3.31,-3.18,-3.05,-2.91,-2.77,-2.63,-2.49,-2.34,-2.19,-2.03
-1.19,-1.32,-1.46,-1.61,-1.75,-1.89,-2.03,-2.16,-2.3,-2.43,-2.56,-2.68,-2.8,-2.91,-3.01,-3.12,-3.21,-3.31,-3.39,-3.48,-3.57,-3.65,-3.74,-3.82,-3.91,-3.99,-4.07,-4.15,-4.23,-4.31,-4.39,-4.47,-4.55,-4.62,-4.69,-4.77,-4.84,-4.9,-4.96,-5.02,-5.06,-5.1,-5.12,-5.13,-5.13,-5.12,-5.1,-5.07,-5.02,-4.98,-4.93,-4.87,-4.81,-4.75,-4.69,-4.64,-4.58,-4.52,-4.46,-4.4,-4.33,-4.27,-4.2,-4.12,-4.04,-3.96,-3.87,-3.78,-3.69,-3.59,-3.49,-3.4,-3.29,-3.2,-3.1,-3,-2.9,-2.8,-2.71,-2.6,-2.5
-1.34,-1.46,-1.58,-1.7,-1.82,-1.94,-2.06,-2.17,-2.29,-2.41,-2.51,-2.62,-2.73,-2.83,-2.94,-3.04,-3.13,-3.23,-3.32,-3.41,-3.49,-3.58,-3.66,-3.74,-3.81,-3.89,-3.96,-4.03,-4.09,-4.16,-4.22,-4.28,-4.34,-4.4,-4.46,-4.52,-4.57,-4.62,-4.68,-4.73,-4.79,-4.84,-4.89,-4.94,-4.98,-5.03,-5.06,-5.1,-5.13,-5.17,-5.19,-5.2,-5.21,-5.21,-5.22,-5.2,-5.18,-5.15,-5.12,-5.08,-5.03,-4.97,-4.9,-4.84,-4.76,-4.68,-4.59,-4.51,-4.42,-4.32,-4.23,-4.13,-4.03,-3.94,-3.84,-3.74,-3.64,-3.55,-3.46,-3.37,-3.28
