static/gfs.json
{"header": {"discipline":0,"disciplineName":"Meteorological products","gribEdition":2,"gribLength":76442,"center":7,"centerName":"US National Weather Service - NCEP(WMC)","subcenter":0,"refTime":"2017-05-16T18:00:00.000Z","significanceOfRT":1,"significanceOfRTName":"Start of forecast","productStatus":0,"productStatusName":"Operational products","productType":1,"productTypeName":"Forecast products","productDefinitionTemplate":0,"productDefinitionTemplateName":"Analysis/forecast at horizontal level/layer at a point in time","parameterCategory":2,"parameterCategoryName":"Momentum","parameterNumber":3,"parameterNumberName":"V-component_of_wind","parameterUnit":"m.s-1","genProcessType":2,"genProcessTypeName":"Forecast","forecastTime":0,"surface1Type":103,"surface1TypeName":"Specified height level above ground","surface1Value":10,"surface2Type":255,"surface2TypeName":"Missing","surface2Value":0,"gridDefinitionTemplate":0,"gridDefinitionTemplateName":"Latitude_Longitude","numberPoints":65160,"shape":6,"shapeName":"Earth spherical with radius of 6,371,229.0 m","gridUnits":"degrees","resolution":48,"winds":"true","scanMode":0,"nx":360,"ny":181,"basicAngle":0,"subDivisions":0,"lo1":0,"la1":90,"lo2":359,"la2":-90,"dx":1,"dy":1,"convert-by":"Asper","site":"https://airmap.g0v.asper.tw"}, "data":
[rows 74 to 110 of 181, columns 0 to 82 of 360]
1.66,2.08,3.52,3.51,4.59,2.06,1.6,-0.17,0.12,-1.33,-1.91,-1.77,1.83,2.61,1.83,1.42,1.07,-1.04,-1.71,-2.33,-3.53,-2.51,-1.84,-3.37,-1.61,-1.91,-2.86,-0.87,-1.58,-3.01,-1.95,2.7,1.03,4.77,5.57,4.71,3.64,1.71,-1.37,0.44,-0.38,-1.68,-2.1,-3.2,-1.37,-0.59,-2.89,-0.63,-0.69,0.2,1.88,2.13,2.15,4.75,4.24,3.8,4.13,4.39,3.77,2.82,1.95,1.37,0.79,-0.12,-0.98,-1.47,-1.67,-1.83,-2.14,-1.64,-1.3,-1.32,-1.48,-1.59,0.15,0.65,0.64,1.18,0.69,0.22,0.77,4.06,7.24
0.26,2.82,3.35,5.88,2.72,1.84,-0.88,0.24,2.52,2.14,3.21,3.95,3.57,3.59,3.45,-4.29,-3.85,-3.9,-3.8,-3.52,-1.84,-0.16,0.13,-1.4,-4.52,-4.19,0.69,-0.84,-1.69,-2.76,2.31,1,0.09,2.92,3.38,1.64,0.57,-1.31,-2.37,-2.42,-0.75,-1.53,-3.72,-3.99,1.4,0.52,0.03,2.79,5.12,4.09,1.32,1.72,4.45,5.5,5.06,4.27,4.01,4.27,3.33,2.25,1.4,0.69,-0.14,-0.87,-1.42,-1.73,-1.83,-1.95,-1.54,-1.15,-0.9,-0.96,-0.99,-1.32,-1.24,1.57,2.34,0.3,-0.15,0.44,2.86,6.79,7.34
2.6,3.48,3.12,3.51,3.4,2.25,3.8,1.44,-0.51,2.25,2.64,3.67,0.51,1.67,2.76,3.64,1.75,-0.97,-0.27,0.75,0.66,-0.41,-1.41,-2.21,-0.02,-1.02,-0.17,-2.06,-0.93,3.7,2.99,1.72,1.4,2.49,-0.05,-2.25,-1.82,-0.28,-0.36,-1.94,-1.96,-0.96,-1.3,-5.35,0.27,1.7,1.78,1.67,1.94,1.92,2.75,4.27,7.08,7.39,5.07,4.65,4.17,3.63,2.61,1.85,1.3,0.56,-0.31,-0.93,-1.52,-1.83,-1.96,-1.83,-1.69,-1.28,-1,-0.94,-0.87,-0.68,-0.55,1.32,0.77,0.62,1.47,-0.18,3.93,9.03,8.38
3.36,3.13,4.38,-2.74,-0.44,2.12,1.72,1.22,1.71,1.02,2.7,0.32,0.54,-1.69,-3.93,-0.11,2.47,4.08,4.22,1.48,0.98,0.31,-1,-0.57,-1.03,2.09,-0.46,-1.9,-1.12,3.55,2.38,2.24,1.21,1.35,-0.42,-0.81,-0.97,-0.13,-0.01,-0.37,0.34,-1.16,-3.45,-0.5,0.17,1.12,1.76,1.29,1.29,1.14,2.3,4.99,6.73,7.22,0.42,6.55,4.07,2.75,1.99,1.36,0.68,-0.16,-0.97,-1.7,-2.12,-2.19,-2.19,-1.98,-1.72,-1.52,-1.27,-1.11,-0.9,-0.62,-0.65,-0.58,1.05,1.69,-0.07,-0.65,3.9,9.26,8.76
2.75,2.9,1.68,2.21,2,2.13,2.31,1.51,0.57,3.27,2.01,2.6,1.67,0.82,-0.31,0.29,3.97,0.6,-0.32,1.46,1.72,0.29,-0.42,0.97,-2.07,2.47,2.44,1.22,1.79,2.14,2.05,0.39,-0.48,-0.16,0.95,1.23,0.23,-1.62,0.61,-0.36,0,-0.22,-2.52,0,0.11,-1.07,-0.54,1,1.79,1.58,0.96,2.91,6.47,6.46,4.42,4.55,3.3,2.11,1.23,0.37,-0.33,-0.99,-1.75,-2.29,-2.47,-2.51,-2.45,-2.23,-1.86,-1.39,-1.02,-0.84,-0.58,-0.92,-1.43,-2.05,1.17,0.32,0.51,1.3,7.46,8.93,8.47
2.71,2.31,1.46,2.02,2.08,3.99,3.36,3.22,2.36,0.22,2.45,1.75,0.84,2.68,1.2,4.08,3.61,1.99,2.37,1.53,0.2,1.41,1.19,-0.39,-1.59,0.11,1.86,1.31,1.39,0.14,0.33,-0.26,0.99,0.86,-0.03,-0.63,-0.77,0.77,0.18,-0.14,-0.35,-0.48,-2.1,-0.87,-0.28,-0.77,0.59,-0.34,0.41,-0.23,0.45,2.71,5.62,6.46,5.97,4.7,3.22,1.6,0.68,-0.31,-1.12,-1.54,-2.1,-2.48,-2.77,-2.88,-2.74,-2.46,-2.07,-1.58,-1.37,-1.49,-1.96,-1.38,-0.76,-0.26,-0.3,1.66,1.04,2.28,9.08,9.84,8.41
3.66,3.58,4.32,3.71,4.2,2.26,2.03,1.05,2.18,0.72,1.44,2.12,2.64,1.34,2.6,-0.37,-1.5,2.68,1.58,0.08,-1.24,-0.79,-1.76,-2.15,3.22,-0.74,-1.44,1.24,3.09,0.85,-1.92,-2.38,-1.76,1.02,0.42,0.59,-0.36,1.19,-0.12,0.32,-1.46,-1.06,2.72,0.41,-0.11,0,-1.66,-1.52,2.42,-0.04,-1.3,6.79,7.69,7.14,6.43,5.21,3.81,2.04,0.44,-0.66,-1.29,-1.59,-1.97,-2.54,-2.94,-3.15,-3.16,-2.98,-2.65,-2.54,-2.84,-1.68,-0.68,0.59,1.32,1.3,0.95,0.01,0.51,6.9,11.96,10.24,8.72
4.77,3.13,2.56,3.55,4.5,3.72,1.18,0.02,0.6,0.86,1.75,0.15,-1.03,1.39,-0.99,0.04,-1,-0.66,-0.3,-1.64,-1.18,-1.92,-2.4,2.1,-0.87,0.05,2.91,1.42,-2.77,1.38,-0.14,-0.72,0.42,-0.6,-0.79,-0.37,1.02,-1.45,-0.07,-0.77,0.38,0.49,-1.51,0.36,2.28,2.74,3.97,3.15,0.13,2.95,6.75,8.35,9.02,8.43,7.03,5.14,3.85,2.5,1.26,-1.08,-1.73,-2.12,-2.26,-2.46,-2.89,-3.17,-3.41,-3.28,-3.35,-3.14,-1.58,-0.95,0.19,1.85,1.91,1.55,0.47,-0.8,2.49,10.21,9.74,8.69,5.14
5.6,3.11,2.9,2.87,3.44,2.63,1.44,2.55,1.86,1.57,0.24,0.14,0.32,-0.25,1.1,-0.4,0.19,-0.51,0.85,3.1,0.76,1.26,1.13,-1.83,1.77,0.95,-2.22,1.5,1.17,0.09,-0.67,-1.21,-1.62,-1.62,-2.57,-0.2,-0.14,0.27,-0.75,2.08,-0.45,1.22,0.29,0.79,1.16,2.57,2.84,3.34,4.38,6.49,9.23,10.08,9.95,8.87,7.21,5.56,3.81,2.48,0.94,0.57,-0.53,-2.33,-2.28,-2.69,-3.02,-3.55,-3.66,-3.69,-3.72,-2.08,-1.71,0.48,1.52,1.27,1.38,1.77,1.22,-0.49,4.8,7.21,6.12,3.06,-1.28
3.58,2.26,3.3,3.85,2.62,1.14,1.2,2.01,1.39,0.35,-0.5,-0.58,-0.63,0.63,-0.57,0.42,1.88,2.42,1.71,0.05,0.75,0.76,1.14,2.32,1.76,1.03,2.54,2.02,1.74,1.37,0.96,1.5,0.99,-1.03,-1.68,-0.89,-1.24,-0.27,0.95,1.27,2.18,1.37,4.42,2.99,2.07,1.35,0.73,3.05,4.04,8.97,10.43,9.75,9.62,8.4,6.92,5.37,3.69,2.7,1.7,0.52,-0.07,0.1,-1.56,-2.8,-3.42,-3.11,-1.86,-1.35,-2.27,-2.18,0.39,0.76,2.66,2.93,2.57,3.07,2.54,2.25,3.19,4.84,2.37,0.65,6.52
3.44,4.44,6.01,6.27,5.2,2.87,1.65,1.48,0.39,0.87,0.93,1.57,1.83,0.84,-0.35,0.16,0.76,1.32,1.25,1.1,1.29,0.21,1.13,0.47,1.91,2.27,2.07,1.7,2.03,2.22,1.8,1.41,-0.68,-1.42,-2.23,-0.89,-0.04,0.66,1.93,0.82,1.08,2.17,3.74,4.14,3.19,4.32,4.44,6.03,9.68,11.06,9.45,9.72,9.06,7.53,6.17,4.85,3.07,2.56,1.28,1.28,0.98,-0.08,-2.17,-2.28,-3.23,-3.5,-3.44,-3.09,-1.82,-0.2,1.7,3.2,3.21,2.54,1.98,2.09,2.2,2.73,3.53,4.07,3.05,2.07,4.57
4.81,5.75,5.14,4.48,4.16,3.89,2.86,3.3,1.54,0.8,0.25,1.45,-0.13,0.3,1.07,0.1,0.31,-0.55,0.45,0.11,-0.17,0.26,-0.07,0.26,0.97,2,2.05,1.74,1.73,2.06,0.85,-0.01,-0.59,-0.09,-0.43,1.41,2.03,-0.41,1.02,1.8,2.59,4.24,5.13,4.55,5.82,5,6.33,8.5,8.63,9.54,9.69,8.5,7.15,6.58,5.95,4.98,4.41,3.36,3.16,2.62,1.75,0.43,-0.19,-0.85,-1.77,-2.97,-3.21,-2.73,-1.37,0.64,2.78,2.73,3.26,3.4,2.82,2.01,1.81,3.01,3.63,4.13,3.71,3.33,4.1
7.4,5.14,5.1,4.56,3.25,3.21,3.54,2.65,2,-0.74,2.26,1.31,0.34,-0.04,0.03,-0.18,-0.48,0.04,-1.48,-2.09,-0.21,1.59,1.17,0.49,0.65,-0.67,0.37,-1.04,0.04,0.05,-0.47,-0.53,-0.03,-0.48,-0.15,0.71,0.6,1.86,0.54,3.05,2.7,4.28,5.32,4.79,4.67,6.92,8.6,8.66,10.59,9.75,8.61,7.73,6.98,6.64,6.52,6.14,5.42,4.92,4.83,3.77,2.42,1.77,0.73,1.2,1.27,-0.16,-0.27,-0.78,0.77,2.25,3.19,3.37,2.94,3.12,3.02,2.66,2.52,2.44,3.22,3.74,3.73,4.25,4.65
7.46,7.13,4.85,2.79,2.93,2.79,1.77,1.06,1.5,2.42,1.7,0.14,0.52,0.42,0.33,0.31,0.37,0.99,0.94,0.35,-0.69,-0.11,-1.35,-0.37,0.83,-0.46,-0.82,-0.96,0.26,-0.97,-1,-0.03,0.15,-0.16,-0.95,-0.44,0.44,0.53,-0.07,1.37,3.26,3.27,3.44,5.99,4.84,7.28,6.31,8.94,8.67,8.03,7.37,6.12,5.15,5.13,5.94,6.33,4.91,5.1,4.88,4.24,3.75,4.03,3.84,0.19,1.17,1.98,0.56,1.92,2.79,4.35,5.54,5.88,5.01,4.01,4,3.66,3.8,3.78,4.16,4.38,4.87,4.66,4.7
6.4,5.52,4.49,4.47,2.77,0.81,1.44,2.29,3.16,2.94,0.84,-0.33,-0.07,0.17,0.12,0.16,-0.21,-0.23,0.16,0.19,-0.19,0.42,1.22,0.93,-0.57,-0.1,-0.39,-0.1,-1.13,-1.31,-0.95,-0.13,0.06,-0.08,0.7,-0.7,-0.45,0.74,0.54,3.16,3.49,4.68,5.82,5.13,4.99,5.27,7.15,7.09,6.84,7.03,6.87,7.53,6.79,6.69,5.65,4.82,6.18,6.17,4.13,4.01,4.06,3.81,2.19,2.72,1.49,1.07,3.62,4.13,4.25,4.9,4.7,4.99,3.66,2.44,2.55,3.56,3.87,3.97,4.46,4.84,4.72,4.57,5.13
5.53,4.87,4.48,4.21,3.64,3.23,3.24,1.68,3.31,2.58,0.24,-0.56,-0.2,0.33,0.06,-0.06,0.21,0.13,0.55,1.43,1.22,1.82,1.62,1.51,0.65,-0.43,-0.22,-0.86,-1.14,-0.79,-1.17,0.23,1.28,1.02,0.34,-0.2,0.16,0.32,3.69,5.28,5.73,5.76,5.94,4.35,6.95,6.4,5.91,5.62,5.86,5.96,6.17,5.99,6.42,5.74,4.47,4.3,4.85,5.45,5.58,4.69,3.6,4.74,5.78,4.79,2.44,3.09,2.76,3.93,4.18,4.41,5.42,4.24,4.1,4.28,3.28,3.37,4.22,5.29,4.88,3.87,3.49,4.09,4.11
5.27,4.95,4.63,4.2,3.83,3.97,3.68,4.21,4.03,3.32,-0.36,0.32,0.1,-0.07,0.28,0.03,0.82,-0.04,-0.06,0.97,1.38,1.23,1.14,1.18,0.91,0.88,1.06,0.32,0.02,1.03,-1.21,0.31,1.91,2.45,1.49,0.31,1.08,4.08,0.89,5.67,7.3,6.44,4.94,7.57,6.1,5.55,5.13,5.55,5.73,5.75,5.64,5.54,5.43,5.52,4.96,4.27,5.15,5.65,5.54,4.35,3.22,1.73,2.83,3.74,3.2,2.67,2.97,3.1,3.42,4.52,4.14,4.42,4.32,4.36,4.47,3.87,3.79,3.24,3.24,3.02,3.08,3.4,3.64
5.8,5.28,4.68,4.14,3.76,3.79,4.33,4.44,4.88,2.11,0.9,-0.33,0.57,0.28,1.17,0.8,-0.14,-0.02,1.07,0.99,1.35,0.89,1.12,0.39,0.23,1.12,-0.46,-0.93,-0.57,-0.25,1.71,0.36,1.57,0.13,0.62,-0.48,0.69,-1.47,2.77,5.54,7.43,6.13,7.29,6.56,5.35,4.63,4.91,5.17,5.5,5.56,5.65,5.44,5.11,5.2,5.06,4.8,4.75,3.67,1.96,1.66,1.39,1.58,1.42,1.32,1.91,2.59,2.89,2.43,1.85,0.66,2.63,5.69,4.73,3.46,3.68,4.36,3.34,2.53,2.95,3.51,4.2,4.08,3.64
6.04,5.45,4.68,4.22,3.81,3.72,3.49,3.21,3.8,5.13,1.32,1.64,-0.16,1.07,0.93,1.28,0.38,0.1,0.72,0.6,0.5,0.36,0.19,0.56,0.26,0.25,-0.68,-1.21,-0.39,1.57,-0.37,-0.29,-2.14,-1.75,-1.68,-0.11,2.19,0.38,2.31,6.2,6.82,7.07,8.52,5.52,4.73,4.74,4.9,4.78,5.16,5.35,5.49,5.72,5.61,5.5,5.28,4.77,4.2,4.31,4.33,4.43,4.45,3.88,3.75,4.12,3.96,3.97,3.01,2.56,0.3,1.88,1.94,2.76,2.94,3.57,3.98,3.96,3.59,3.83,3.99,5.55,5.48,5.45,4.88
5.72,4.97,4.23,4.24,4.37,4.06,3.56,3.44,3.41,4.13,4.67,1.13,1.34,0.99,1.11,1.35,1.53,1.51,0.6,0.56,0.74,0.96,0.55,0.5,-0.12,0.34,-0.21,0.4,1.26,1.26,1.15,0.7,-2.66,-1.68,-1.05,2.39,3.18,5,3.19,7.28,6.66,10.73,7.44,4.86,4.89,4.63,4.83,5.49,5.6,5.69,5.42,5.74,5.67,5.57,5.42,5.03,5.38,5.12,5.72,5.48,4.94,4.31,3.74,3.32,3.08,3.9,3.72,4.7,4.88,3.3,2.87,3.32,3.55,3.34,3.02,3.39,4.9,5.76,6.05,5.61,5.81,5.59,4.93
5.51,4.87,4.07,3.61,3.54,4.22,4.07,3.83,3.64,3.88,4.03,3.66,1.79,-0.44,0,0.33,1.67,1.4,0.47,0.39,0.91,0.82,-0.17,1,0.97,-1.01,-0.24,0.69,1.19,-0.14,-0.48,0.16,-0.74,0.02,1.11,0.92,0.87,2.99,2.21,3.74,10.03,9.75,7.65,5.74,5.29,4.75,4.02,4.71,5.3,5.18,4.97,5.23,5.42,5.13,5.21,4.96,5.1,5.6,5.42,4.82,4.07,3.75,3.53,3.31,2.83,3.22,3.92,3.92,4.01,3.7,4.38,5.21,5.48,5.48,5.46,5.25,5,5.03,4.92,5.59,6.22,6.15,5.38
5.71,5.1,4.33,3.38,3.13,3.51,3.65,3.54,3.54,3.47,3.74,4.08,3.29,1.53,1.23,1.3,0.35,-0.05,0.39,0.61,0.04,-0.28,-0.05,1.82,1.68,1.91,1.28,1.32,1.95,-0.73,-0.04,1.22,2.27,1.63,1.66,-0.24,0.23,0.84,1.43,2.95,8.54,8.69,7.93,7.64,5.72,5.22,4.98,4.14,3.96,4.38,4.74,4.85,4.83,4.58,4.22,4.37,4.66,4.9,4.84,5.01,4.74,3.75,2.63,3.26,2.92,2.94,2.99,3.21,3.63,3.78,4.24,4.2,4.1,4.18,4.3,4.55,4.45,4.53,5.12,5.72,6.23,6.43,6.4
5.83,5.1,4.24,3.19,2.83,3.44,3.83,3.94,4,3.79,3.72,3.87,4.68,2.13,1.07,1.33,-0.03,-0.72,-0.11,-0.89,-1.39,-1,0.41,1,1.49,1.98,1.78,1.79,0.68,0.57,2.25,2.55,2.45,1.17,1.4,0.58,0.53,1.42,1.08,5.76,8.35,9.25,8.44,8.33,7.63,6.55,6.04,5.82,4.96,4.47,4.34,4.77,4.82,2.69,2.99,3.19,3.73,4.55,5.34,5.58,4.9,3.76,2.97,2.11,2.77,2.66,2.4,2.94,3.26,3.51,3.55,3.61,3.8,3.82,3.95,3.85,4.09,4.7,5.42,6.02,6.72,7.15,6.63
6,5.21,4.47,3.58,3.1,3.34,3.87,4,4.15,3.77,3.86,3.86,3.62,1.45,1.09,0.52,-0.15,0.22,0.29,-0.69,-1.15,-0.92,0.77,1.31,1.73,1.5,1.85,2.34,1.85,1.03,0.9,1.07,1.58,1.75,1.15,1.71,0.73,1.92,1.33,1.74,7.15,7.87,7.81,6.85,6.66,6.67,5.98,6.17,6.12,5.44,5.25,5.27,5.09,4.74,4.05,4.51,4.33,4.4,4.86,5.11,5.17,4.08,3.48,3.2,1.75,1.94,2.09,2.44,2.99,2.82,2.85,2.78,2.72,2.72,3.05,3.59,4,4.68,5.71,6.43,7.23,7.69,7.2
5.87,5.15,4.25,3.42,3.11,3.15,3.62,3.99,3.97,3.69,3.58,3.29,2.54,1.17,0.54,0.61,-0.59,0.63,0.6,1.87,2.22,1.59,1.05,0.56,1.32,1.71,1.19,1.49,2.78,1.23,-0.39,0.29,3.21,-0.08,3.41,1.74,1.43,-0.98,0.66,1.09,5.98,6.64,6.62,6.5,7.2,6.39,6.16,6.6,6.56,6.5,6.63,6.25,5.85,4.95,4.71,4.56,4.44,4.13,4.95,5.34,4.92,4.92,4.37,4.07,2.96,2.01,2.09,2.02,2.09,1.69,1.42,1.79,1.82,2.02,2.57,3.42,4.06,4.65,5.45,6.17,6.89,7.43,7.57
5.78,5.07,4.5,3.55,3.02,3.2,3.46,3.75,4.05,4.02,3.53,3.16,2.62,2.28,0.85,0.45,1.59,0.95,1.32,0.54,2.25,1.89,1.62,1.85,1.21,0.15,0.39,0.98,1.95,1.6,2.17,2.45,2.62,2.82,3.45,1.15,-1.5,-1.34,0.76,0.38,6.17,6.48,5.16,5.63,5.96,6.04,4.94,5.1,5.63,6.27,6.49,6.49,6.38,6.28,5.75,4.44,4.62,5.25,5.25,4.94,5.6,5.52,5.78,4.96,3.89,3.64,3.18,2.11,1.76,0.96,0.59,0.74,1.02,1.5,2.03,2.76,3.7,4.58,5.37,5.99,6.54,7.36,7.6
5.44,4.94,4.42,3.5,3.22,3.37,3.47,4.05,4.35,4.43,4.2,3.48,2.57,2.66,2.74,1.81,-1.39,-0.77,1.7,1.22,1.71,1.81,2.14,2.23,2.12,1.92,2.14,1.66,2.02,1.85,1.62,1.06,0.51,-1.31,4.51,-0.42,1.57,1.91,1.71,0.58,5.7,6.49,4.02,4.63,4.06,4.45,4.28,4.31,5.9,6.56,6.6,6.35,5.63,5.33,5.13,4.88,4.46,4.51,4.72,5.15,5.07,5.76,5.96,6.24,5.75,4.35,3.16,3.06,2.06,1.02,0.55,-0.37,-0.22,0.37,1.31,2,3.4,4.28,4.97,5.94,6.67,7.28,7.35
5.49,4.91,4.3,3.31,3.18,3.39,3.71,4.31,4.8,5.13,4.61,3.99,2.94,2.74,1.65,-0.32,2.28,1.94,1.06,1.41,1.07,1.5,1.27,1.79,1.83,2.04,1.76,2.18,0.61,0.9,3.12,1.8,2.16,1.22,0.12,0.54,0.26,0.69,0.98,-0.66,1.47,5.67,5.76,3.58,3.45,1.5,1.67,2.2,6.31,7.98,7.84,7.08,5.7,4.51,3.72,3.12,3.18,3.35,3.69,4.23,4.88,5.22,5.38,5.87,6.23,5.62,4.22,3.16,2.99,2.17,0.64,0.6,1.08,1.66,2.63,3.07,3.82,4.89,5.16,6.12,7.04,7.54,7.52
5.53,5.03,4.31,3.68,3.5,3.88,4.22,4.87,4.89,4.77,4.64,3.99,3.16,3.17,0.42,0.29,-0.26,0.8,1.1,1.22,1.97,2.88,2.23,1.48,1.62,0.47,1.28,1.84,2.52,2.16,1.64,1.92,0.61,0.75,0.25,1.31,1.21,1.16,1.52,0.64,0.87,5.22,5.47,4.54,3.84,1.73,-0.62,1.32,3.9,6.6,9.53,8.62,6.86,4.62,3.96,3.49,3.52,3.64,3.83,4.08,4.53,4.84,5.16,5.55,5.94,6.24,5.47,4.02,2.84,3.09,2.9,3.04,3.19,2.92,3.73,4.05,4.76,5.67,5.87,6.33,7.11,7.84,8.06
5.53,5.06,4.52,3.75,4.12,4.52,5.25,5.2,5.15,4.94,4.52,3.82,4,1.01,-0.51,-0.81,-0.69,0.45,1.02,-0.15,0.63,2.07,2.05,2.01,2.01,1.73,1.44,0.73,1.91,1.49,2.19,1.37,1.8,-0.94,0.18,0.74,0.85,1.65,1.48,0.96,1.12,4.67,5.12,4.23,4.44,2.36,1.14,0.81,3.65,0.23,10.56,9.68,7.33,5.39,4.12,3.45,3.13,3.34,3.24,3.47,4.51,5.14,5.85,6.33,6.51,6.16,5.96,5.52,4.33,3.36,2.36,2.37,3.22,4.54,4.93,5.44,4.79,4.93,5.51,5.91,6.5,7.27,7.36
5.19,4.89,4.75,4.61,4.67,5.31,5.5,5.86,6.09,5.86,5.13,3.89,3.61,-0.29,-0.08,1.72,0.93,0.85,0.4,1.52,0.6,1.18,2.56,1.07,1.67,1.9,1.98,2.19,2.04,1.24,0.44,0.87,2.47,1.01,-0.01,0.26,0.84,-0.31,-0.22,0.66,0.77,4.62,4.66,3.48,3.22,1.42,-0.66,0.5,0.78,1.65,2.34,9.08,8.14,6.09,5.2,3.97,3.13,2.58,2.29,2.6,4.1,4.78,5.49,5.97,5.95,5.97,5.51,5.17,4.86,3.8,3.56,3.16,3.95,4.21,4.23,4.51,4.59,4.63,5.15,5.53,5.94,6.39,7
4.98,4.79,4.83,4.99,5.5,5.54,5.97,6.35,6.56,6.26,5.59,5.18,2.79,1.02,0.92,2.28,1.16,1.32,1.5,1.77,-0.08,1.18,2.12,1.91,2.66,-0.16,0.29,1.57,2.15,0.91,0.71,0.46,0.63,-0.09,0.8,1.86,2.06,1.42,1.4,1.21,1.33,4.61,4.12,1.95,1.3,0.88,0.02,4.07,2.16,-0.14,0.76,8.29,7.47,7.15,5.96,4.49,3.64,2.31,1.76,2.7,2.9,3.9,4.3,4.71,5.23,4.89,4.6,4.91,4.74,4.27,4.2,4.21,3.81,4.15,4.15,4.25,4.41,4.37,4.61,5.12,5.5,5.88,6.27
5,4.81,4.93,5.15,5.07,5.66,5.9,6.27,6.63,6.86,6.28,6.02,4.2,0.56,1.63,1.75,1.83,1.53,1.73,1.84,2.29,2.71,2.78,2,2.3,2.29,1.75,2.37,2.39,0.84,-0.27,-0.99,0.65,0.7,0.75,0.04,1.35,1.4,1.77,1.38,1.71,4.29,4.38,1.69,1.76,2.76,1.69,1.42,1.27,2.87,5.58,6.77,6.76,6.85,6.03,5.05,3.55,3.76,2.06,2.76,3.25,4.06,4.44,4.33,3.88,3.7,3.88,3.58,3.39,3.31,3.45,3.6,3.99,4.42,4.84,4.87,4.88,4.91,4.91,4.76,5.1,5.49,5.74
4.83,4.93,4.97,5.1,5.33,5.38,5.69,6.16,6.7,6.38,6.47,6.49,6.17,1.67,1.55,1.46,1.09,1,1.8,1.63,1.66,1.63,2.4,2.36,1.71,2.19,2.54,1.5,-0.16,-1.14,-0.64,-1.34,-0.17,1.07,1.82,1.25,1.07,1.5,1.27,2.98,4.28,4.33,4.64,4.1,4.56,1.62,1.37,2.54,2.08,3.32,5.55,5.01,4.99,4.96,5.05,4.43,3.57,2.83,3.65,3.5,4,4.65,4.76,4.22,3.65,3.21,2.31,2.32,2.06,1.64,1.03,2,3.19,4.14,4.8,5.05,5.06,5.04,5.05,5.05,4.81,4.58,5.17
4.95,4.95,5,5.2,5.47,5.55,5.72,5.93,6.07,6.46,6.52,5.82,4.94,-0.44,1.43,2.57,2.65,2.33,1.85,1.21,1.43,1.95,2.4,2.52,2.64,2.49,-0.03,0.23,2.26,2.49,2.31,0.36,-0.21,1.12,1.05,1.1,1.69,3.23,3.59,3.21,3.42,3.68,4.27,5.48,3.49,1.38,1.32,1.71,2.49,2.52,4.4,4.42,3.22,3.36,3.91,4.15,4.31,3.31,3.12,3.55,4.53,4.94,4.69,4.09,3.61,3.71,3.16,2.8,2.56,2.26,0.95,0.57,2.43,3.89,5.05,5.33,5.18,4.99,4.68,4.73,4.4,4.28,4.74
4.11,4.83,4.83,5.15,5.76,5.84,6.14,6.4,6.37,6.46,6.94,7.63,7.25,2.13,-0.56,-0.02,-1.4,0.19,2.28,1.52,1.36,1.64,2.07,2.44,2.47,2.37,2.33,2.19,0.86,2.55,3.33,2.58,1.28,-0.01,0.99,0.32,2.98,3.36,2.43,2.15,2.51,2.79,3.09,3.77,4.67,1.29,-1.74,0.51,0.61,1.27,2.77,3.13,3.08,2.96,3.66,4.02,4.17,4.29,3.94,4.6,4.61,5.01,5.21,4.6,4,4.8,3.99,3.02,3.04,1.95,1.65,2.02,2.38,3.72,4.42,4.64,4.83,5.19,5,4.64,4.56,4.39,3.85
2.88,3.99,4.73,5.06,5.61,5.78,6.02,6.17,6.22,6.35,6.91,8.22,8.34,5.19,1.45,0.86,0.61,0.81,-0.01,1.37,1.46,-0.43,-0.38,0.52,1.8,1.88,2.04,2.48,2.93,2.12,1.56,1.22,1.05,-0.09,1.06,-1.32,0.97,2.82,1.19,1.3,1.73,2.2,2.08,2.32,2.93,1.26,-0.52,-0.73,0.01,2.06,2.56,0.46,1.82,2.78,2.43,4.83,4.89,4.55,5.47,5.12,5.2,5.37,5.26,5.43,5.04,5.07,5.65,5.37,5.24,2.4,0.43,2.12,3.33,3.65,3.8,3.99,4.38,4.85,5.39,5.04,4.68,4.26,3.78
