static/gfs.json
{"header": {"discipline":0,"disciplineName":"Meteorological products","gribEdition":2,"gribLength":76654,"center":7,"centerName":"US National Weather Service - NCEP(WMC)","subcenter":0,"refTime":"2016-08-27T12:00:00.000Z","significanceOfRT":1,"significanceOfRTName":"Start of forecast","productStatus":0,"productStatusName":"Operational products","productType":1,"productTypeName":"Forecast products","productDefinitionTemplate":0,"productDefinitionTemplateName":"Analysis/forecast at horizontal level/layer at a point in time","parameterCategory":2,"parameterCategoryName":"Momentum","parameterNumber":2,"parameterNumberName":"U-component_of_wind","parameterUnit":"m.s-1","genProcessType":2,"genProcessTypeName":"Forecast","forecastTime":0,"surface1Type":103,"surface1TypeName":"Specified height level above ground","surface1Value":10.0,"surface2Type":255,"surface2TypeName":"Missing","surface2Value":0.0,"gridDefinitionTemplate":0,"gridDefinitionTemplateName":"Latitude_Longitude","numberPoints":65160,"shape":6,"shapeName":"Earth spherical with radius of 6,371,229.0 m","gridUnits":"degrees","resolution":48,"winds":"true","scanMode":0,"nx":360,"ny":181,"basicAngle":0,"subDivisions":0,"lo1":0.0,"la1":90.0,"lo2":359.0,"la2":-90.0,"dx":1.0,"dy":1.0}, "data":
[rows 105 to 139 of 181, columns 237 to 315 of 360]
-6.98,-6.26,-6.49,-7.17,-7.36,-7.35,-8.17,-9.04,-9.54,-9.71,-10.0,-10.19,-10.03,-10.07,-9.85,-9.74,-9.85,-10.1,-10.05,-10.12,-9.64,-9.8,-9.92,-9.86,-9.96,-9.94,-9.91,-9.48,-9.23,-8.89,-8.72,-8.62,-8.66,-8.66,-8.65,-8.64,-8.6,-8.45,-8.32,-8.27,-8.19,-7.93,-7.73,-7.31,-7.71,-7.32,-6.78,-6.72,-1.14,-0.84,0.41,0.84,1.57,0.13,2.09,0.65,-0.01,2.23,1.77,0.44,0.83,0.68,0.71,0.33,0.03,0.22,-1.03,-1.86,-0.86,-1.06,-1.22,-0.77,-1.26,-2.86,-1.94,-4.32,-2.43,-4.66,-4.44
-6.54,-6.11,-5.9,-6.37,-6.98,-7.15,-7.62,-8.47,-9.37,-9.68,-10.07,-10.36,-10.23,-9.94,-9.76,-9.57,-9.7,-10.12,-10.15,-9.87,-9.42,-9.73,-9.82,-9.79,-9.6,-9.79,-9.97,-9.9,-9.71,-9.22,-8.95,-8.77,-8.78,-8.81,-8.67,-8.64,-8.47,-8.47,-8.28,-8.11,-7.86,-7.73,-7.66,-7.7,-7.55,-7.85,-7.48,-7.14,-7.59,-4.06,-0.33,-0.31,1.26,0.87,1.8,-0.61,1.53,1.25,0.53,1.66,0.63,0.65,1.12,0.14,0.56,-0.49,-0.15,-1.18,-0.79,-1.7,-1.76,-1.89,-2.72,-3.52,-3.27,-4.01,-3.42,-3.05,-2.81
-6.0,-6.05,-5.98,-6.3,-6.58,-6.73,-7.16,-8.35,-8.98,-9.41,-9.55,-9.71,-9.57,-9.45,-9.29,-9.34,-9.61,-9.99,-10.08,-9.98,-9.9,-9.65,-9.59,-9.29,-9.28,-9.19,-9.23,-9.78,-9.68,-9.52,-9.21,-8.93,-8.75,-8.72,-8.7,-8.58,-8.44,-8.34,-8.29,-8.05,-7.84,-7.58,-7.24,-7.43,-7.2,-7.73,-7.76,-7.41,-7.01,-6.05,-5.33,-2.74,0.48,1.9,0.02,1.04,0.01,-0.46,0.21,1.3,2.25,1.8,2.15,1.05,0.81,-0.01,-0.79,-1.02,-2.0,-3.16,-2.55,-3.26,-2.09,-2.55,-3.55,-3.51,-3.19,-3.44,-3.2
-5.77,-5.5,-5.84,-6.53,-6.72,-6.47,-6.96,-7.86,-8.41,-8.96,-9.21,-9.3,-9.19,-9.29,-9.53,-9.73,-9.73,-9.79,-9.84,-9.84,-10.29,-10.26,-9.96,-9.72,-9.27,-9.19,-8.99,-8.66,-8.95,-9.11,-9.0,-8.81,-8.72,-8.54,-8.61,-8.31,-8.26,-8.26,-8.28,-8.36,-8.08,-7.8,-7.51,-7.23,-6.99,-6.84,-7.23,-7.13,-6.44,-5.43,-4.38,-2.68,-3.17,-0.85,2.53,2.56,2.39,3.14,0.07,2.35,3.09,2.07,1.54,0.66,-0.17,-0.28,0.43,-3.28,-2.93,-2.43,-3.16,-1.6,-2.55,-2.96,-3.06,-3.8,-3.14,-2.56,-1.49
-5.31,-5.03,-5.45,-6.03,-6.53,-6.88,-7.04,-7.52,-7.94,-8.44,-8.66,-8.84,-9.11,-9.6,-9.82,-9.75,-9.66,-9.61,-9.56,-9.56,-9.86,-9.85,-9.66,-9.41,-9.21,-9.09,-9.18,-9.06,-8.3,-7.88,-8.28,-8.26,-8.29,-8.18,-8.17,-8.26,-8.1,-8.24,-8.31,-8.42,-8.33,-8.19,-7.89,-7.7,-7.33,-6.86,-6.54,-6.51,-5.74,-4.83,-3.47,-2.2,-0.51,0.15,2.84,0.92,0.24,2.32,0.32,2.86,0.53,2.15,1.56,0.89,0.49,-1.66,-2.03,-4.06,-4.06,-2.58,-3.34,-2.82,-2.07,-3.38,-3.84,-3.19,-2.73,-3.17,-2.88
-4.88,-4.45,-4.87,-5.44,-6.4,-7.07,-7.23,-7.46,-7.68,-8.05,-8.31,-8.71,-9.25,-9.49,-9.39,-9.36,-9.3,-9.3,-9.19,-9.15,-9.61,-9.49,-9.19,-9.01,-8.79,-8.42,-8.24,-8.46,-8.55,-8.02,-7.4,-7.58,-7.68,-7.72,-7.54,-7.8,-7.77,-7.87,-7.99,-8.02,-8.21,-8.15,-8.02,-7.99,-7.67,-7.37,-6.76,-6.44,-5.23,-4.15,-2.97,-1.63,-1.05,-0.82,1.93,1.87,-0.23,1.96,1.28,-0.42,0.51,0.63,0.89,0.07,-0.9,-3.31,-3.71,-3.09,-4.49,-3.22,-2.61,-2.08,-1.99,-2.56,-2.45,-2.49,-3.14,-2.07,-1.86
-4.44,-3.82,-4.18,-4.97,-5.87,-6.82,-7.0,-6.99,-7.26,-7.7,-8.16,-8.61,-9.02,-8.93,-8.73,-8.78,-8.84,-8.91,-8.79,-8.79,-8.79,-8.95,-8.69,-8.36,-8.11,-7.86,-7.8,-7.41,-7.44,-8.01,-8.04,-7.05,-6.47,-6.63,-7.03,-7.09,-7.22,-7.16,-7.03,-7.04,-7.44,-7.61,-7.57,-7.53,-7.65,-7.21,-6.88,-6.23,-5.51,-4.06,-2.97,-1.88,-0.33,-1.91,-0.41,2.67,0.92,3.18,2.34,-0.28,-0.03,-1.24,-0.19,-0.43,-2.43,-2.83,-4.86,-3.49,-4.01,-3.72,-3.64,-2.86,-2.29,-2.73,-2.73,-1.57,-3.09,-1.76,-1.85
-3.7,-3.18,-3.04,-4.18,-5.23,-5.84,-6.41,-6.2,-6.37,-7.03,-7.63,-8.04,-8.29,-8.02,-8.14,-8.32,-8.4,-8.35,-8.26,-7.92,-7.71,-7.8,-7.83,-7.52,-7.08,-6.82,-6.77,-6.75,-6.68,-6.52,-6.96,-7.26,-7.01,-6.02,-6.05,-6.0,-5.53,-4.65,-4.73,-6.77,-7.4,-7.46,-7.07,-7.07,-6.64,-6.38,-6.07,-5.69,-4.9,-4.1,-2.8,-1.09,1.31,-0.43,-0.62,1.64,1.49,0.86,-0.28,1.56,-0.18,-1.77,-1.02,-1.71,-2.73,-2.27,-4.04,-5.25,-3.09,-3.71,-3.8,-3.27,-3.42,-2.95,-1.93,-3.1,-1.55,-1.3,-1.42
-2.0,-2.22,-2.08,-2.66,-3.84,-4.76,-5.15,-5.14,-5.36,-5.77,-6.33,-6.79,-6.95,-7.18,-7.62,-7.79,-7.96,-7.86,-7.6,-7.15,-6.79,-6.68,-6.74,-6.4,-5.58,-5.49,-5.44,-5.53,-5.57,-5.65,-5.48,-5.63,-5.79,-5.95,-5.71,-4.8,-4.74,-3.91,-4.93,-7.66,-7.34,-6.85,-6.77,-6.38,-6.08,-5.75,-5.36,-4.59,-4.18,-3.5,-2.53,-0.86,1.31,-0.36,-1.6,-1.47,2.51,-0.1,0.85,1.88,-1.62,-2.36,-1.68,-2.37,-2.68,-2.79,-3.54,-4.18,-2.79,-3.2,-3.41,-5.04,-3.24,-2.3,-2.12,-1.41,-1.23,-0.76,-0.48
-0.32,-0.44,-0.67,-0.92,-1.95,-2.97,-3.74,-3.73,-4.19,-4.67,-5.16,-5.45,-5.78,-6.24,-6.73,-6.98,-7.08,-7.08,-6.96,-6.42,-6.34,-5.92,-5.38,-4.8,-4.37,-4.31,-4.18,-4.27,-4.38,-4.39,-4.42,-4.38,-4.29,-4.62,-5.1,-5.97,-5.11,-6.07,-6.94,-7.49,-5.96,-5.86,-5.65,-5.5,-5.48,-5.18,-4.86,-4.3,-3.51,-3.01,-2.25,0.31,2.8,1.33,0.02,0.32,1.29,1.02,2.26,0.45,-1.44,-2.55,-2.36,-2.63,-2.95,-3.4,-3.31,-3.48,-3.43,-3.56,-4.27,-2.67,-2.28,-1.69,-1.47,-0.7,-0.44,0.29,-5.74
1.07,1.23,1.39,0.84,0.01,-0.93,-1.44,-2.48,-2.85,-3.39,-3.73,-4.1,-4.51,-5.07,-5.41,-5.55,-5.57,-5.59,-5.44,-4.84,-4.33,-3.81,-3.33,-3.01,-3.02,-3.13,-3.04,-2.96,-2.93,-3.04,-3.1,-3.17,-3.42,-3.1,-3.17,-3.55,-4.46,-5.6,-6.19,-6.55,-6.01,-5.42,-5.53,-5.17,-5.0,-4.87,-4.25,-3.66,-3.05,-2.56,-1.53,0.43,2.88,-2.23,0.43,2.47,-2.19,-0.95,-2.2,1.53,1.58,-2.09,-2.27,-2.27,-2.85,-3.81,-3.07,-3.82,-3.38,-4.15,-2.76,-2.91,-1.07,-1.17,-0.06,0.19,1.23,-3.74,-6.37
3.52,2.8,2.95,2.93,1.9,0.99,0.58,-0.61,-1.22,-1.67,-2.2,-2.61,-3.27,-3.75,-3.88,-3.85,-3.72,-3.6,-3.44,-3.26,-2.84,-2.35,-1.93,-1.5,-1.11,-1.04,-1.2,-1.2,-1.12,-1.11,-1.27,-1.37,-1.65,-1.99,-1.8,-2.88,-3.59,-4.52,-5.19,-4.95,-4.39,-4.19,-4.46,-4.49,-4.59,-4.24,-3.48,-3.24,-2.68,-2.01,-0.75,0.85,2.72,2.39,-1.24,3.29,1.96,0.1,0.96,2.65,1.74,-0.15,-1.91,-2.06,-2.52,-2.99,-3.3,-3.56,-2.66,-4.14,-2.96,-2.31,-1.08,-0.16,0.48,-0.18,-1.39,-3.41,-4.79
4.31,4.54,4.29,4.47,3.45,3.1,2.65,0.95,0.51,0.18,-0.53,-1.07,-1.49,-1.85,-2.0,-2.0,-2.0,-1.83,-1.39,-0.7,-0.1,0.37,0.7,0.77,0.94,1.12,1.17,1.21,1.11,1.23,1.22,0.76,0.42,-0.16,-0.46,-1.14,-1.13,-2.57,-3.53,-3.68,-4.14,-3.49,-3.85,-3.85,-3.58,-3.48,-3.17,-2.5,-2.42,-1.7,-0.63,1.1,2.0,1.54,2.22,2.64,3.34,-0.52,2.93,-0.39,-0.18,-0.8,0.34,-1.92,-2.2,-2.12,-2.26,-2.35,-1.95,-1.55,-2.19,-0.97,-0.45,0.22,0.92,1.59,-0.9,-2.18,-2.81
6.01,4.92,4.94,4.72,4.1,4.02,3.98,2.29,1.49,1.56,1.08,0.65,0.5,0.33,0.18,0.19,0.43,0.81,1.28,1.78,2.36,2.89,3.31,3.51,3.33,3.2,3.13,3.35,3.66,3.75,3.6,3.25,2.67,1.9,1.67,0.72,0.6,-0.55,-2.15,-3.12,-2.77,-2.56,-2.79,-2.7,-2.49,-2.4,-2.33,-2.04,-2.29,-1.26,-0.36,0.9,0.36,-0.56,7.38,2.72,-0.19,-1.74,-0.45,-1.22,-0.46,0.34,0.3,0.36,-1.63,-1.17,-1.56,-0.89,-1.7,-1.61,-1.11,-1.98,-1.21,-0.41,1.28,0.41,-0.25,-1.48,-1.94
6.75,6.87,5.53,4.78,4.59,4.36,3.62,2.39,2.24,2.5,2.31,2.05,2.03,2.15,2.26,2.21,2.37,2.74,3.05,3.34,4.0,4.49,4.84,5.14,5.22,5.16,5.22,5.35,5.54,5.6,5.75,5.61,5.36,4.62,4.03,3.7,2.82,0.82,-1.25,-1.35,0.1,-0.25,-0.63,-0.98,-1.13,-1.32,-1.36,-1.57,-1.4,-0.78,-0.15,0.57,-0.12,2.55,0.82,1.21,0.3,4.16,3.08,0.31,0.02,0.92,1.8,1.57,0.57,-0.6,-0.31,-1.17,-1.18,-0.68,-1.16,0.08,-1.02,2.44,-3.55,-1.8,-0.16,-0.94,-1.64
8.86,7.63,7.49,5.83,5.66,6.79,6.03,4.45,3.62,3.26,3.35,3.61,3.46,3.51,3.48,3.2,4.23,4.42,4.63,4.97,5.49,5.66,6.07,6.22,6.76,7.1,7.24,7.34,7.54,7.55,7.5,7.77,7.84,7.38,6.7,5.98,5.16,4.29,2.75,2.74,1.88,1.92,1.45,1.24,0.55,-0.06,-0.05,-0.59,-0.57,-0.37,0.15,1.52,1.38,3.31,-0.44,0.76,1.95,1.36,3.67,-1.88,1.83,2.57,2.34,1.98,-0.46,0.63,-0.26,0.28,0.82,0.22,-0.04,-0.63,1.01,-2.51,-3.17,-1.41,0.12,0.2,0.02
10.34,10.35,8.46,7.35,7.05,6.56,6.39,5.4,4.31,3.65,3.88,4.14,3.81,3.99,4.1,4.34,4.57,5.39,5.9,6.28,6.36,6.91,7.59,7.47,8.05,7.97,8.63,9.07,9.3,9.66,9.97,9.89,9.64,9.63,9.27,8.54,7.71,6.55,5.47,4.27,3.29,3.75,3.45,2.89,1.96,1.32,1.12,0.45,-0.04,0.19,0.48,0.32,-1.84,3.39,2.44,1.82,0.13,6.15,-2.55,3.98,2.18,2.03,2.77,1.58,-1.03,0.42,2.35,1.85,-0.48,0.66,1.57,3.0,-0.06,-1.94,-1.08,-0.09,0.93,1.51,2.09
10.87,11.82,10.99,8.79,7.52,7.53,5.99,5.92,5.45,5.0,5.22,4.94,4.79,4.74,5.03,5.43,5.79,6.31,6.91,7.09,7.55,8.34,8.12,8.39,9.47,8.75,9.77,10.45,10.69,11.24,11.64,11.32,11.09,11.29,11.58,11.08,10.62,9.36,7.67,6.0,5.25,4.9,4.09,4.07,3.2,2.27,1.95,1.52,0.96,0.91,1.29,1.0,0.27,4.37,0.53,4.91,4.91,-0.52,-3.44,2.87,1.58,1.25,1.42,-1.02,1.41,0.98,2.46,3.67,2.24,1.9,3.67,1.46,0.8,-0.21,0.98,1.24,1.7,2.24,2.89
12.77,12.17,12.93,10.51,8.93,8.02,7.72,6.71,6.4,6.16,5.93,5.55,5.09,5.58,5.87,5.59,5.96,6.59,7.28,7.77,8.24,8.21,6.81,6.04,5.91,6.37,6.89,8.36,9.24,10.11,11.49,12.32,12.36,12.76,13.16,12.76,12.0,11.47,9.48,7.5,6.33,5.73,5.16,4.28,4.35,3.5,2.95,2.56,1.93,1.89,2.37,2.37,1.16,2.72,0.36,0.17,-3.24,-2.78,-1.86,2.8,0.18,-1.53,-1.65,-3.54,-3.38,-2.03,-1.27,-1.69,2.05,2.86,2.55,2.21,0.63,0.94,2.4,2.43,2.37,2.01,1.72
14.69,13.44,12.98,13.47,10.22,8.9,7.97,7.94,7.02,6.32,5.97,5.47,5.93,6.27,6.66,6.45,6.52,6.73,6.94,6.32,5.69,5.09,4.83,5.06,5.32,5.79,6.53,5.8,5.85,6.25,5.83,6.05,6.22,8.83,13.08,13.64,13.46,12.26,10.39,8.4,7.46,6.42,6.13,5.17,4.69,4.09,4.34,2.76,2.58,2.55,3.03,1.03,0.97,1.68,-2.89,0.55,-0.91,-2.04,0.93,0.55,-1.78,-3.23,-3.93,-4.58,-4.87,-6.11,-4.54,-2.31,-4.73,-1.01,-2.21,-0.75,1.78,2.68,3.2,3.31,2.83,2.09,1.71
16.55,16.15,15.29,14.11,12.48,9.49,8.55,7.56,7.13,6.81,6.07,6.59,7.06,6.69,6.63,6.01,4.67,4.98,5.43,5.07,4.72,4.3,4.33,5.03,4.03,2.41,4.55,5.99,6.44,6.76,7.19,7.7,7.8,7.94,7.9,8.42,12.29,12.94,10.73,9.09,7.78,6.8,6.81,5.95,5.49,4.47,3.64,2.52,2.88,2.86,3.1,-1.03,0.18,2.57,-1.05,-0.54,-0.21,-0.09,0.56,-0.19,-1.56,-2.91,-3.86,-4.69,-5.14,-4.73,-7.94,-6.35,-4.83,-3.68,-2.04,-1.86,1.09,2.31,3.02,3.57,3.28,2.59,2.59
18.06,18.0,15.79,14.57,13.62,10.24,8.93,8.22,7.34,6.64,6.48,7.45,6.94,5.39,4.37,4.14,4.78,4.96,5.13,4.6,4.13,4.58,4.16,2.96,2.76,3.86,5.02,6.02,7.15,8.19,8.95,9.31,9.29,9.52,9.62,10.0,10.21,11.03,12.19,9.38,7.72,6.69,6.88,7.24,5.78,4.86,3.24,2.51,3.2,2.97,1.83,2.28,0.2,1.66,0.38,0.77,0.83,0.15,0.11,0.65,-1.07,-1.86,-3.34,-3.72,-3.71,-3.2,-5.98,-6.46,-5.61,-2.83,-0.67,-0.25,1.91,3.78,4.84,4.2,3.22,3.25,3.85
18.93,17.13,15.07,13.73,13.41,11.44,9.29,8.42,7.9,7.19,6.93,6.52,5.74,4.59,4.91,4.9,4.82,4.22,3.9,4.28,3.9,3.53,3.1,3.82,5.3,5.84,6.58,7.69,8.51,9.33,9.94,10.63,11.15,11.01,11.15,11.49,11.6,11.15,11.45,10.49,7.43,6.07,6.43,7.1,5.33,4.49,2.39,2.39,3.21,2.46,0.31,0.85,1.57,-0.27,-2.97,1.62,1.61,-0.2,-1.14,-0.48,0.62,-0.98,-1.7,-2.6,-2.85,-2.55,-2.51,-3.95,-3.14,-1.06,-1.22,0.23,2.14,3.28,4.26,4.79,4.16,4.13,4.68
18.03,16.46,15.29,13.82,12.97,12.36,10.3,8.38,7.71,7.18,6.53,6.05,4.75,3.54,4.17,4.19,3.57,3.54,3.84,3.6,3.5,3.31,4.13,5.3,5.77,6.65,7.82,8.55,9.09,9.15,10.09,11.14,11.94,12.32,13.09,13.08,12.7,11.63,10.74,11.71,7.43,5.04,5.86,6.61,5.5,4.43,2.33,1.36,2.3,1.14,0.25,-2.3,-0.95,-1.38,-0.29,0.87,-0.27,-1.29,-1.88,-0.16,-0.94,0.37,0.95,0.36,0.08,0.15,-1.43,-1.03,-0.94,-0.23,0.78,1.87,2.84,4.01,5.27,5.77,6.21,5.59,5.54
16.11,14.84,14.5,13.85,12.25,12.63,10.94,8.36,7.06,6.91,5.96,3.93,2.21,2.15,2.6,3.2,3.36,3.38,3.05,3.12,3.53,4.1,5.8,6.13,6.31,7.34,8.14,8.7,8.89,9.46,10.39,11.61,12.08,12.73,13.68,14.33,13.85,13.77,13.62,12.48,7.52,4.63,4.95,5.88,5.36,4.18,0.89,0.9,1.54,0.41,-1.37,-2.46,-1.67,-1.02,0.74,-0.67,-0.6,-1.56,-0.89,-0.49,-0.18,-0.33,1.04,3.43,4.23,3.17,2.31,1.47,1.09,1.76,3.13,4.68,4.89,5.0,6.05,5.95,5.65,7.26,8.28
13.17,13.18,14.44,13.28,11.41,11.01,10.2,8.53,5.62,5.09,3.19,0.63,-0.01,0.65,1.81,3.17,3.5,3.32,3.39,3.94,4.57,5.74,6.42,6.4,7.24,7.32,8.06,8.61,9.0,9.22,10.83,11.2,11.16,11.84,13.31,15.18,15.87,15.09,13.55,12.07,7.43,4.08,4.1,4.76,4.68,2.5,-0.03,0.16,1.07,-1.91,-0.62,-1.91,-0.35,0.48,-1.93,-0.51,-1.08,-1.36,0.36,0.4,0.87,2.35,3.02,2.99,2.46,3.6,5.28,4.91,4.26,3.81,6.54,7.21,7.52,5.92,6.72,7.25,7.05,7.4,7.66
0.31,6.68,13.75,10.95,8.36,8.42,8.82,7.9,2.09,-6.11,-7.78,-5.47,-1.59,-0.5,0.6,2.28,3.22,3.8,4.29,4.86,6.22,6.55,5.93,6.27,7.09,7.15,8.05,8.78,9.35,9.48,10.31,10.57,10.76,12.25,13.88,16.01,17.08,16.63,13.56,10.6,4.04,2.64,3.21,4.28,3.3,1.1,-0.36,-0.32,0.32,-2.59,-1.13,-1.72,-0.75,-0.23,0.25,0.96,0.02,-0.42,0.01,1.08,2.46,4.37,5.1,4.68,4.08,4.09,4.33,5.76,6.98,9.09,9.65,10.51,9.68,7.41,8.51,9.39,8.28,8.86,9.28
0.05,-6.7,-6.23,-8.4,-9.01,-12.0,-13.45,-12.72,-11.48,-9.83,-6.82,-3.95,-1.36,0.97,1.34,3.02,3.68,4.28,5.07,5.62,6.14,6.56,6.12,6.31,7.47,7.62,8.32,8.9,8.74,8.53,9.45,9.91,10.85,12.57,14.46,16.29,17.47,15.71,11.42,6.95,-0.15,0.51,2.0,2.51,1.75,1.09,-0.24,-0.33,0.29,-2.37,-0.26,-0.84,0.43,0.09,-0.27,0.59,0.76,2.34,2.02,2.88,3.48,3.58,3.83,4.34,5.65,6.01,6.74,7.54,9.4,12.43,13.06,12.89,11.92,9.88,11.09,11.45,10.05,9.96,10.48
-12.71,-10.73,-12.89,-15.2,-14.76,-13.5,-11.99,-10.5,-8.85,-6.85,-4.7,-2.48,-0.18,1.57,2.57,4.54,5.43,5.29,5.72,6.17,6.54,6.53,6.32,5.87,6.76,7.79,8.09,7.99,7.91,8.03,9.05,9.38,10.2,11.62,13.34,14.28,14.04,9.41,4.87,-0.84,-3.72,-1.55,-0.14,0.5,0.61,0.31,0.23,-0.41,1.59,-0.98,-4.39,-0.78,1.23,0.75,1.43,1.19,2.06,0.33,3.04,1.21,0.36,-0.34,-0.01,1.36,3.35,5.66,8.4,10.36,12.87,14.86,15.61,14.76,13.54,13.06,12.62,12.42,10.76,10.51,10.57
-11.29,-13.18,-14.38,-14.3,-12.99,-10.82,-8.88,-7.06,-5.15,-3.35,-1.59,0.21,1.93,3.4,4.44,5.43,6.21,5.77,6.0,6.68,7.35,6.97,6.48,7.12,8.07,8.57,8.79,8.41,7.92,8.15,8.3,8.35,9.32,10.13,10.53,10.45,8.14,0.6,-3.27,-5.78,-5.19,-3.15,-1.73,-1.03,-0.36,0.32,0.07,0.12,1.01,-0.79,-2.2,-0.6,1.43,1.07,2.34,2.1,0.67,0.79,2.09,-0.82,-1.73,-1.92,-1.67,-0.41,1.13,3.66,5.73,8.39,12.41,14.67,14.76,13.01,13.45,13.64,13.69,13.04,11.63,11.51,11.16
-9.39,-10.8,-11.28,-11.41,-11.0,-9.84,-8.04,-5.73,-2.83,0.23,2.46,3.99,5.43,6.58,7.31,7.52,8.03,8.17,8.08,8.12,7.87,8.15,8.02,8.32,8.64,8.88,8.94,8.62,8.33,7.9,7.36,7.95,8.2,8.99,8.61,5.82,0.22,-4.3,-6.1,-5.95,-4.97,-3.4,-2.11,-1.28,-0.71,-0.16,-0.22,-0.09,-0.39,-1.07,-0.81,1.08,2.22,0.01,0.65,2.39,0.89,1.99,-0.26,-1.44,-2.02,-1.84,-1.55,-1.68,-0.72,-0.84,-0.94,0.93,3.46,8.32,10.95,10.52,11.19,12.5,13.3,12.03,11.52,11.25,10.53
-7.45,-8.07,-8.25,-8.04,-7.37,-6.35,-5.33,-4.27,-3.01,-1.5,0.38,3.14,6.01,8.09,9.03,9.39,9.67,10.1,9.9,9.51,9.0,9.22,9.4,9.09,8.91,8.96,8.99,8.77,8.7,7.92,7.72,7.71,7.4,8.26,7.2,4.87,-0.87,-4.08,-4.64,-4.09,-3.6,-2.79,-1.76,-1.16,-0.68,-0.34,0.06,0.03,-2.4,-1.58,0.57,1.43,2.37,2.48,1.92,2.22,-0.95,0.56,-0.97,-1.95,-2.26,-2.23,-2.75,-2.42,-1.67,-2.8,-3.3,-4.37,-5.67,-9.31,-9.67,-7.92,-4.1,3.13,10.97,13.4,12.33,10.45,7.89
-5.23,-5.71,-6.1,-5.76,-4.82,-3.51,-2.04,-0.77,0.45,1.74,3.08,4.32,5.65,7.04,8.36,9.86,11.33,12.12,11.81,10.7,10.06,9.64,9.23,8.78,8.65,8.89,8.82,9.0,8.88,8.2,7.82,7.84,7.48,7.1,5.69,5.94,0.98,-1.97,-2.73,-1.89,-1.78,-1.66,-1.17,-0.34,0.27,1.08,0.4,-0.18,-3.38,-1.82,-2.36,1.41,1.82,0.69,0.84,0.42,0.08,-0.12,-1.57,-1.54,-1.74,-1.89,-2.25,-2.64,-2.99,-3.65,-3.91,-4.29,-5.19,-6.57,-7.02,-6.83,-6.56,-6.03,-7.65,-9.84,-11.51,-11.99,-10.9
-2.6,-2.77,-2.92,-2.62,-2.16,-1.49,-0.27,1.23,2.85,4.39,5.66,6.93,8.05,8.94,9.71,10.49,11.36,12.24,12.9,12.58,11.77,11.17,10.76,9.7,8.54,8.92,9.17,9.12,9.1,8.65,8.09,7.53,7.2,6.28,5.41,4.95,4.49,0.34,-0.5,-0.61,-0.49,-0.51,-0.16,1.08,1.6,2.44,1.53,-0.3,-3.04,-1.23,0.16,2.05,1.99,1.06,2.31,-0.21,0.35,0.68,-1.67,-1.07,-1.09,-0.68,-1.27,-2.11,-3.09,-3.5,-3.82,-4.33,-5.39,-5.42,-5.57,-5.32,-4.96,-6.42,-7.56,-7.94,-9.15,-9.27,-8.88
-0.24,-0.25,0.38,1.05,1.85,2.25,2.97,4.06,5.32,6.78,8.05,9.19,10.05,10.69,11.01,11.43,12.15,13.51,14.0,13.47,12.1,10.32,9.18,7.28,7.45,8.9,9.55,9.73,9.44,9.08,8.36,8.13,7.21,6.71,6.24,5.76,5.09,4.45,1.65,0.85,0.47,0.77,1.26,2.13,2.16,2.35,0.51,-3.62,-3.61,-1.8,-0.93,2.92,0.01,1.51,0.72,-0.33,0.89,-1.12,-2.18,-1.45,-0.94,-0.49,-0.83,-0.98,-2.5,-3.53,-3.78,-4.08,-4.01,-4.07,-4.24,-4.69,-5.22,-6.0,-6.94,-7.08,-7.49,-7.67,-7.31
