static/gfs.json
{"header": {"discipline":0,"disciplineName":"Meteorological products","gribEdition":2,"gribLength":76070,"center":7,"centerName":"US National Weather Service - NCEP(WMC)","subcenter":0,"refTime":"2017-04-20T18:00:00.000Z","significanceOfRT":1,"significanceOfRTName":"Start of forecast","productStatus":0,"productStatusName":"Operational products","productType":1,"productTypeName":"Forecast products","productDefinitionTemplate":0,"productDefinitionTemplateName":"Analysis/forecast at horizontal level/layer at a point in time","parameterCategory":2,"parameterCategoryName":"Momentum","parameterNumber":2,"parameterNumberName":"U-component_of_wind","parameterUnit":"m.s-1","genProcessType":2,"genProcessTypeName":"Forecast","forecastTime":0,"surface1Type":103,"surface1TypeName":"Specified height level above ground","surface1Value":10,"surface2Type":255,"surface2TypeName":"Missing","surface2Value":0,"gridDefinitionTemplate":0,"gridDefinitionTemplateName":"Latitude_Longitude","numberPoints":65160,"shape":6,"shapeName":"Earth spherical with radius of 6,371,229.0 m","gridUnits":"degrees","resolution":48,"winds":"true","scanMode":0,"nx":360,"ny":181,"basicAngle":0,"subDivisions":0,"lo1":0,"la1":90,"lo2":359,"la2":-90,"dx":1,"dy":1,"convert-by":"Asper","site":"https://airmap.g0v.asper.tw"}, "data":
[rows 70 to 104 of 181, columns 237 to 315 of 360]
-7.1,-6.37,-6.16,-5.93,-5.03,-3.78,-3.4,-3.72,-2.25,-0.99,0.73,2.53,2.87,2.82,2.71,2.18,1.39,1.64,1.02,0.12,-0.76,-1.17,0.01,0.3,0.91,-2.96,-1.94,-0.97,-2.32,-2.31,-2.63,-1.95,-0.46,-0.89,-2,-2,-1.12,-5.14,-5.68,-7.62,-9.43,-9.23,-9.25,-9.05,-7.08,-2.53,-1.55,-2.16,-4.61,-9.88,-9.28,-8.32,-8.23,-6.54,-6.33,-5.77,-6.3,-5.15,-5.48,-5.24,-5.01,-5.43,-3.84,-2.78,-2.07,-1.54,-0.78,-0.31,0.4,1.05,1.73,2.15,2.73,3.58,4.93,4.4,5.54,4.7,4.48
-6.99,-6.44,-6.43,-6.18,-5.22,-4.4,-3.92,-3.11,-1.73,-0.17,0.4,1.22,1.87,1.95,2.27,2.45,2.33,2.94,3.25,0.58,-2.22,-0.2,-0.06,2.69,0.68,1.26,-3.37,-2.84,1.32,1.35,1.47,-2.45,0.86,-0.11,-1.3,-1.46,-1.32,-4.37,-5.25,-6.33,-7.21,-8.54,-8.44,-8.44,-8.32,-8.89,-8.2,-8.18,-7.38,-4.46,1.79,-0.38,0.27,-1.69,-4.39,-5.66,-6.69,-4.62,-4.26,-4.28,-4.29,-5.61,-5.12,-4.57,-3.79,-3.41,-2.49,-2,-1.21,-0.53,0.19,0.94,1.8,2.65,3.34,3.98,4.01,3.47,3.19
-6.94,-6.62,-6.34,-5.83,-4.99,-4.23,-3.23,-2.36,-1.8,-1.1,-0.59,0.21,0.98,0.99,1.49,2.11,2.84,2.92,2.4,1.15,-0.65,0.01,-0.24,-0.13,0.53,1.81,-1.97,-0.24,-0.6,0.31,1,0.56,-0.02,0,-0.39,-3.44,-2.97,-3.98,-5.46,-6.19,-6.57,-6.49,-7.99,-7.84,-4.84,-1.65,-1.92,-6.33,-9.22,-7.54,-6.19,-0.99,-5.92,-6.12,-6.11,-1.6,-0.66,-3.04,-3.45,-3,-3.34,-4.09,-4.91,-5.25,-4.72,-4.75,-3.99,-3.2,-2.76,-1.99,-1.24,-1.11,-0.1,0.75,1.45,1.76,2.33,2.67,2.26
-6.73,-6.39,-5.57,-5.01,-4.38,-3.84,-3.2,-2.53,-2.07,-1.63,-1.28,-1.01,-0.44,0.01,0.54,1.04,1.66,2.37,2.33,1.58,1.86,1.04,-0.35,0.87,0.59,1.16,0.34,-1.83,-0.16,-0.08,1.48,-0.5,-1.09,0.37,-0.16,-3.13,-3.07,-4.12,-5.53,-5.43,-6.73,-7.11,-7.81,-7.36,-7.63,-6.45,-6.73,-9.51,-9.36,-9.04,-9.27,-9.47,-8.38,-7.08,-6.22,-6.12,-5.95,-5.35,-4.6,-4.09,-4.27,-4.48,-4.26,-4.11,-3.88,-3.91,-3.89,-3.26,-2.87,-2.31,-0.91,-0.51,-0.27,0.46,1.32,1.62,1.25,1.19,1.3
-5.91,-5.69,-5.05,-4.63,-4.23,-3.94,-3.35,-3.05,-2.85,-2.48,-2.14,-1.84,-1.45,-0.97,-0.53,0.12,0.18,0.22,0.9,0.7,0.69,0.13,1.13,1.16,0.68,2.94,1.03,-0.82,-2.23,2.48,0.95,1.36,-2.46,-0.87,-2.08,-0.1,-2.06,-1.77,-3.93,-4.53,-5.23,-6.29,-7.3,-6.62,-7.49,-7.56,-8.26,-9.7,-9.23,-8.96,-8.94,-9.22,-9.11,-8.41,-7.57,-7.01,-6.76,-6.38,-5.75,-5.5,-4.28,-2.59,-4.47,-3.84,-3.75,-3.69,-3.2,-2.42,-2.09,-1.76,-1.23,-1.06,-0.82,-0.3,-0.12,0.1,0.14,0.32,0.14
-5.47,-5.33,-5.07,-4.81,-4.47,-4.08,-3.65,-3.34,-3.09,-2.9,-2.51,-2.29,-2.17,-2.03,-1.83,-1.61,-1.41,-1.37,-1.35,-0.99,-0.43,-0.1,0.14,-0.02,0.6,1.55,1.75,1.53,-1.76,-2.07,1.63,2.39,-1.95,-1.42,-0.2,-0.29,1.24,-0.25,-0.98,-1.4,-4.32,-4.76,-5.81,-6.84,-7.12,-7.96,-8.44,-8.77,-8.68,-8.6,-8.2,-8.62,-8.29,-8.15,-7.86,-7.55,-7.25,-7.18,-6.77,-6.77,-6.75,-5.85,-5.51,-4.38,-4.1,-3.82,-3.7,-3.36,-3.04,-2.68,-2.33,-1.89,-1.42,-0.93,-0.71,-0.72,-0.93,-1.26,-1.65
-5.55,-5.16,-4.85,-4.69,-4.74,-4.43,-3.98,-3.49,-3.02,-2.67,-2.68,-2.99,-3.3,-3.38,-3.38,-3.22,-3.07,-2.84,-2.56,-2.23,-1.82,-1.15,-0.47,-0.02,1.01,1.17,0.97,-1.15,-1.64,-1.03,0.25,3.97,0.74,1.6,0.45,0.69,0.43,-0.1,-0.45,-1.39,-4.12,-3.76,-5.72,-5.82,-6.6,-7.82,-8.36,-8.42,-8.32,-7.97,-7.36,-7.09,-7.17,-7.22,-7.16,-6.47,-6.07,-6.3,-5.64,-6.4,-6.23,-5.95,-5.51,-5.19,-4.7,-4.48,-4.1,-3.64,-3.29,-3.04,-2.68,-2.3,-2.01,-1.79,-1.75,-1.87,-2.17,-1.98,-1.8
-5.69,-4.96,-4.62,-4.73,-5.14,-4.94,-4.41,-3.85,-3.29,-2.83,-3.1,-3.69,-4.06,-4.22,-4.34,-4.35,-4.24,-4.07,-3.82,-3.43,-2.76,-2.03,-1.27,-0.18,0.6,0.43,-0.1,-1.49,-0.25,0.12,0.51,1.17,1.99,3,3.08,1.62,2.82,1.26,-0.84,-0.95,-1.26,-2.94,-4.56,-5.29,-6.06,-7.17,-7.81,-8.67,-8.62,-7.82,-7.14,-5.97,-5.1,-5.75,-5.36,-5.51,-5.46,-5.74,-5.83,-6.4,-5.84,-4.46,-4.92,-3.88,-4.68,-4.99,-4.67,-4.06,-3.72,-3.43,-3.32,-2.86,-2.83,-2.68,-2.55,-2.14,-2.67,-3.06,-3.43
-5.71,-5.26,-4.88,-5.13,-5.4,-5.3,-4.82,-4.1,-3.07,-3.22,-3.84,-4.45,-4.6,-4.83,-5,-5.12,-5.04,-4.76,-4.55,-4.24,-3.46,-2.37,-1.16,-0.94,-0.94,-0.69,-1.16,-1.22,-1,0.06,0.46,0.44,0.68,1.43,1.23,0.09,5.02,-0.57,-0.11,-1.07,0.09,-1.9,-4.02,-3.63,-4.25,-4.57,-5.11,-6.4,-8.01,-5.63,-4.94,-5.45,-3.21,-6.14,-5.77,-5.72,-6.09,-6.02,-6.31,-6.91,-6.54,-5.95,-5.18,-4.18,-4.23,-5.05,-5.22,-4.73,-4.25,-4.42,-3.6,-3.28,-3.25,-3.12,-3.12,-3.79,-3.69,-3.98,-4.02
-5.42,-5.46,-5.48,-5.49,-5.5,-4.82,-4.15,-3.8,-4.45,-4.26,-4.57,-5.06,-5.56,-5.12,-5.38,-5.73,-5.97,-5.35,-4.77,-4.18,-3.41,-2.77,-2.85,-2.38,-2.35,-2,-2.15,-2.01,-0.82,-0.1,0.32,0.17,0.27,0.17,-0.12,-0.83,-2.42,3.63,1.09,-0.32,2.55,0.65,-2.87,-1.66,-0.27,-0.98,1.03,3,2.85,1.89,-0.05,-1.99,-0.37,-0.45,-2.16,-5.64,-5.83,-3.83,-2.13,-5.61,-7.49,-6.07,-5.96,-4.06,-4.22,-5,-5.15,-5.04,-4.6,-4.56,-4.37,-4.11,-4.12,-4.23,-4.42,-4.44,-4.18,-4.11,-4.15
-5.67,-6.09,-5.72,-5.46,-5.12,-4.83,-4.82,-5.3,-5.47,-4.93,-5.19,-4.85,-5.4,-5.07,-5.24,-5.99,-5.72,-6.64,-5.49,-4.78,-4.36,-3.79,-3.23,-3.09,-2.92,-2.49,-2.07,-1.41,-0.71,-0.19,-0.11,-0.18,0,-0.04,0.69,1.24,1.46,2.81,1.3,1.12,0.64,2.47,3.16,3.93,1.16,3.23,2.65,3.18,2.01,-0.43,0.93,-2.02,1.27,0.58,-0.41,0.82,-0.93,-0.31,0.24,-1.4,-3.36,-7.47,-6.14,-5.06,-4.78,-5.04,-5.33,-5.42,-5.35,-5.23,-5.01,-4.73,-4.53,-4.68,-4.71,-4.4,-4.35,-4.15,-4.05
-6.32,-6.19,-5.86,-5.46,-5.5,-5.42,-5.79,-5.8,-5.4,-4.57,-4.68,-3.79,-3,-3.79,-4.36,-5.8,-5.61,-6.04,-6.46,-5.48,-4.7,-4.29,-3.86,-3.48,-3.19,-2.86,-2.49,-1.92,-1.38,-0.94,-0.96,-0.74,-0.16,0.3,1.15,1.86,2.6,2.88,0.55,1.67,2.06,0.02,4.43,-0.45,0.33,1.92,-0.59,1.68,1.89,0.5,-1.07,-0.18,1.07,0.26,-0.93,-0.8,-1.53,-2.02,-1.87,-3.4,-2.8,-2.76,-3.63,-6,-5.02,-4.57,-4.79,-5.25,-5.2,-5.05,-4.78,-4.65,-4.6,-4.72,-4.67,-4.62,-4.38,-3.97,-3.92
-6.61,-6.26,-6.12,-5.63,-5.86,-6.21,-5.43,-4.94,-4.64,-4.94,-4.47,-3.5,-1.85,-2.01,-2.79,-3.08,-6.05,-5.15,-5.33,-5.74,-5.42,-4.99,-4.48,-3.68,-3.43,-3.26,-2.92,-2.51,-2.04,-2.04,-2.12,-1.44,-0.34,0.73,1.63,2.97,3.35,3.97,2.3,0.65,0.8,1.73,1.67,-3.63,1.26,0.94,0.36,1.4,-0.35,0.02,-0.67,-0.4,-2.76,-2.23,-1.63,-2.09,-2.52,-3.82,-2.92,-2.88,-2.22,-2.39,-2.08,-2.31,-5.67,-4.71,-4.63,-4.81,-4.73,-4.78,-4.66,-4.39,-4.36,-4.59,-4.72,-4.6,-4.22,-3.89,-3.74
-6.44,-6.23,-5.71,-5.52,-5.76,-5.26,-4.38,-3.98,-3.87,-3.96,-4.2,-3.53,-1.91,-1,-1.15,-2.54,-4.62,-4.58,-4.7,-5.44,-5.24,-5.28,-4.37,-3.87,-3.61,-3.72,-3.32,-2.98,-2.71,-2.89,-2.54,-2.13,-0.66,1.11,2.7,4.44,3.48,3.73,3.45,2.06,3.02,1.25,-0.7,2.87,1.2,-0.43,0.89,-0.28,-0.21,0.43,1.92,-1.82,-2.43,-2.39,-2.45,-2.3,-0.53,-1.95,-1.73,-1.4,-2.86,-3.1,-2.18,-1.67,-2.58,-4.73,-4.65,-4.78,-4.56,-4.51,-4.37,-4.15,-4.2,-4.48,-4.61,-4.56,-4.12,-3.81,-3.71
-5.07,-5.33,-4.59,-4.61,-4.79,-4.24,-3.43,-3.6,-2.95,-3.67,-4.57,-3.69,-3.1,-1.91,-2.61,-2.95,-3.09,-3.42,-4.22,-4.81,-4.08,-3.76,-3.78,-3.75,-3.31,-3.3,-3.31,-3.38,-3.1,-2.81,-2.44,-1.63,0.33,2.44,3.58,4.53,4.96,4.83,3.7,3.55,4.66,5.16,3.84,3.37,2.23,1.2,-0.23,0.1,-0.26,0.92,0.05,-2.86,-2.91,-1.92,-1.52,0.58,1.99,-0.31,-2.21,-0.1,-1.51,-1.28,-2.53,-2.05,-1.6,-1.51,-3.55,-3.98,-4.09,-4.81,-4.01,-3.86,-4.03,-4.36,-4.54,-4.43,-4.12,-3.8,-3.6
-3.52,-3.18,-3.34,-3.01,-2.74,-2.89,-3.14,-3.12,-3.29,-4.34,-4.69,-4.25,-3.92,-2.79,-2.64,-2.4,-2.63,-2.62,-3.14,-2.98,-3.3,-3.23,-2.59,-2.72,-2.39,-2.08,-1.95,-1.75,0.91,3.25,2.06,2.89,1.84,2.14,3.27,3.98,4.08,3.84,2.43,4.69,4.89,4.89,3.53,2.93,2.74,-2.74,0.36,1.12,-2.06,1.2,-1.47,1.65,-0.7,-1,-0.24,1.27,0.15,0.49,-2.03,0.57,-0.71,-2.37,-1.03,-1.48,-1.29,-1.1,-0.52,-1.31,-1.47,-1.62,-2.05,-3.48,-3.64,-4.21,-4.34,-4.35,-4.04,-3.71,-3.53
-2.7,-1.89,-1.78,-1.49,-1.56,-2.17,-2.59,-3.6,-2.78,-3.09,-4.79,-4.57,-3.9,-3.44,-2.98,-2.35,-2.08,-1.94,-2.58,-2.65,-2.38,-2.05,-1.38,-1.86,-2.09,-0.69,0.54,1.57,1.01,1.79,0.1,0.69,0.73,1.27,1.69,3.04,2.72,3.49,3.24,3.72,3.56,3.93,3.18,2.97,2.66,-5.19,-0.29,2.13,-0.94,-2.38,-2.19,0.16,-0.11,-0.52,-0.62,0.99,0.14,0.25,-1.12,-1.37,-1.38,-1.99,-3.4,-4.09,-2.5,-1.58,-1.29,-1.23,-1.12,-1.25,-1.25,-1.67,-3.31,-3.63,-4.06,-3.93,-3.77,-3.75,-3.71
-2.35,-1.89,-1.72,-1.78,-2.83,-3.01,-3.62,-3.62,-2.87,-3.75,-4.54,-4.43,-3.79,-3,-2.95,-2.61,-2.51,-2.44,-2.62,-2.21,-1.8,-0.89,-0.19,-0.51,-0.92,-0.78,-0.78,-0.23,-0.01,-0.25,-0.61,0.1,-0.17,-0.19,0.62,1.4,1.68,2.01,1.78,2.08,3.2,2.95,2.75,2.5,0.39,-0.31,1.18,0.32,1.23,-1.26,-0.97,-0.23,-0.75,-1,0.25,-0.72,-0.3,-0.13,0.03,-1.67,-1.62,-2.29,-3.49,-3.67,-2.01,-1.2,-1.47,-1.66,-1.49,-0.76,-1.63,-1.12,-2.56,-3.31,-3.6,-3.66,-3.74,-3.6,-3.45
-2.35,-2.16,-2.53,-2.97,-3.5,-4.26,-4.01,-3.14,-3.16,-3.78,-3.86,-3.47,-3.13,-3.01,-2.95,-2.82,-3.42,-3.31,-2.89,-2.14,-1.83,-1.37,-0.55,-1.86,-1.68,-1.67,-1.24,-0.98,-1.07,-1.38,-0.99,-0.96,-2,-0.95,-0.54,-0.35,0.04,0.65,0.6,1.36,2.2,1.62,1.79,2.18,2.24,1.14,1.27,-1.13,-0.7,-1.36,-1.25,-0.4,-0.31,-1.09,-0.31,-0.88,-0.49,0.72,-0.26,-1.34,-1.93,-2.01,-1.79,-2.44,-1.55,-0.97,-1.24,-1.36,-1.38,-1.12,-1,-1.08,-2.64,-2.77,-3.16,-3.23,-3.39,-3.32,-3.35
-3.13,-3,-3.05,-3.46,-3.73,-3.71,-3.72,-3.81,-3.65,-3.85,-3.45,-3.31,-3.28,-3.22,-3.32,-3.15,-3.18,-3.04,-2.76,-2.4,-2.08,-2.01,-1.8,-2.5,-1.85,-1.58,-1.4,-1.75,-2.28,-2.45,-1.94,-1.04,-1.64,-1.49,-1.27,-1.71,-1.19,-0.6,-0.6,0.08,0.54,0.72,0.49,3.99,0.58,1.04,-0.81,-0.5,0.17,-0.77,-1.2,-0.77,-1.02,-1.29,-1.3,-0.63,-0.28,-0.09,-0.43,-0.6,-0.69,-2.26,-1.03,-0.87,-1.32,-0.93,-1.25,-1.74,-0.78,-1.13,-0.53,-1.28,-2.06,-2.83,-2.73,-2.41,-3.12,-3.6,-3.43
-4.14,-3.72,-3.38,-3.37,-3.39,-3.44,-3.51,-3.66,-3.8,-3.73,-3.61,-3.53,-3.34,-3.22,-3.04,-2.73,-2.57,-2.66,-2.61,-2.44,-2.52,-2.73,-2.64,-2.34,-1.76,-1.68,-1.86,-2.5,-3.11,-3.31,-2.86,0.38,-3.27,-2.14,-2.06,-2.32,-2.64,-1.78,-1.38,-0.97,-0.23,-0.11,-0.62,1.15,0.82,-0.56,-0.62,-0.39,-0.32,-0.35,0.27,-0.16,-1.18,-1.37,-1.42,-1.14,-0.54,-0.39,0.57,-0.63,-1.05,-1.3,-1.28,-1.36,-1.26,-0.99,-1.03,-1.32,-0.94,-0.97,-0.43,-1.04,-2.93,-1.93,-1.97,-2.47,-3.02,-3.21,-3.33
-4.62,-4.13,-3.51,-3.26,-3.24,-3.38,-3.57,-3.62,-3.69,-3.7,-3.5,-3.27,-3.33,-3.42,-3.29,-2.81,-2.31,-2.44,-2.58,-2.86,-2.89,-2.84,-2.65,-2.53,-2.27,-2.1,-2.56,-3.37,-3.7,-4.23,-3.82,-2.75,-3.03,-1.89,-2.22,-2.61,-3.08,-2.89,-2.11,-1.48,-0.75,-0.38,2.19,-0.66,2.49,-2.48,-0.8,-0.31,-0.19,0.14,-0.08,0.57,-1,-1.12,-1.69,-1.66,-1.03,0.09,0.23,0.98,-0.83,-0.67,-1.2,-1.43,-1.28,-1,-0.84,-0.94,-1.56,-0.88,-0.73,-0.98,-0.79,-0.82,-0.8,-0.26,-0.43,-3,-2.44
-4.8,-4.37,-3.88,-3.54,-3.29,-3.35,-3.61,-3.8,-3.7,-3.47,-3.29,-3.09,-3.51,-3.72,-3.24,-3.15,-2.61,-2.7,-2.46,-2.77,-2.98,-2.82,-2.78,-2.72,-2.82,-2.73,-3.67,-4.04,-4.52,-4.99,-4.38,-3.54,-3.39,-2.55,-2.3,-3.11,-3.23,-3.23,-2.48,-1.83,-1.33,-1.08,1.33,-0.92,2.12,-2.37,-0.56,-0.18,0.32,0.51,0.77,0.49,0.07,-0.72,-1.44,-2.11,-1.29,0.54,-0.24,1.1,-1.07,-0.74,-0.91,-1.18,-1.14,-1.21,-1.51,-2.05,-0.32,-1.72,-0.92,-0.64,-0.42,-0.74,-0.45,-0.15,-0.75,-0.94,-1.79
-4.92,-4.43,-3.89,-3.48,-3.09,-2.69,-2.88,-3.82,-4.37,-3.95,-3.84,-2.35,-4.05,-4.33,-3.66,-4.05,-3.85,-3.45,-2.67,-2.83,-2.88,-2.97,-3.49,-3.46,-3.56,-3.98,-4.32,-4.52,-5.27,-5.67,-4.86,-4.35,-4.06,-3.16,-2.77,-3.28,-3.63,-3.31,-3.3,-2.57,-2,-0.38,-1.27,1.33,1.08,-2.15,-0.28,-0.32,0.31,1.01,0.93,0.94,0.62,0.16,-1.03,-1,-1.04,0.76,0.8,0.04,-0.6,-0.45,-1.17,-1,-1.36,-1.63,-1.68,-1.25,-0.34,-0.63,-1.19,-0.49,-0.47,-0.6,-0.28,-0.43,-1.02,-1.38,-2.26
-5,-4.51,-3.8,-4.16,-3.75,-4.15,-5.48,-6.92,-5.87,-5.14,-4.85,-5.57,-5.06,-4.54,-5.28,-5.18,-4.41,-4.1,-3.62,-3.44,-3.33,-3.27,-3.81,-4.16,-4.36,-4.19,-5.51,-5.55,-6.01,-6.03,-5.14,-4.63,-4.44,-3.87,-3.07,-3.1,-3.38,-4.07,-4.04,-3.72,-2.56,-0.81,2.77,1.13,0.07,-1.42,-0.43,0.02,0.38,0.75,0.61,0.34,0.95,0.87,-1.15,-0.71,-0.84,-0.02,0.07,0.41,0.31,-0.57,-0.78,-1.2,-1.05,-1.67,-1.67,-1.41,-0.6,-1.02,-0.95,-0.58,-0.81,-0.87,0.06,-0.34,-0.81,-1.29,-1.93
-5.11,-4.7,-4.23,-4.22,-4.51,-5.95,-6.55,-7.07,-6.46,-5.63,-5.14,-5.24,-4.96,-4.79,-5.43,-5.63,-4.71,-4.14,-4.1,-4.01,-3.76,-3.51,-4.65,-4.64,-4.91,-4.74,-6.83,-5.98,-6.17,-5.7,-5.39,-4.74,-4.84,-4.3,-3.45,-3.38,-4.11,-5.07,-4.98,-4.58,-3.77,-1.8,1.31,1.3,-1.49,-0.5,-0.11,-0.72,0.09,0.53,-0.84,0.48,1.66,0.74,-0.89,0.1,-0.4,-0.1,0.38,0.87,0.45,-0.33,-0.72,-0.52,-0.93,-0.79,-1.41,-0.98,-1.37,-1.09,-0.83,-0.89,-0.69,-1.27,-0.25,-0.33,-1.79,-1.55,-1.83
-5.17,-4.81,-4.67,-4.44,-5.4,-6.88,-6.96,-7.25,-6.51,-5.57,-5.28,-5.7,-5.5,-5.76,-6.09,-6.16,-5.48,-4.74,-5.38,-4.52,-4.54,-4.53,-4.44,-5.48,-5.94,-6.64,-6.87,-6.01,-5.95,-5.47,-5.57,-5.35,-5.22,-4.7,-4.04,-4.09,-4.82,-4.9,-5.9,-4.96,-4.43,-2.66,0.49,1.21,0.47,0.74,-0.9,-0.19,-0.02,0.26,-0.02,0.37,0.89,1.31,-0.84,0.16,0.19,-0.05,0.59,1.26,0.18,-0.19,-0.24,-0.81,-0.7,-0.84,-1.23,-0.08,-1.16,-0.69,-0.76,-0.96,-1.17,-1.51,-1.26,-1.14,-1.9,-1.46,-2.27
-5.1,-5.06,-4.97,-4.96,-5.53,-6.68,-6.87,-7.25,-5.99,-5.75,-5.28,-5.7,-5.64,-5.16,-5.43,-5.55,-4.76,-5,-5.39,-5.43,-5.09,-5.66,-5.34,-6.39,-6.59,-6.97,-6.19,-5.93,-5.88,-5.64,-5.54,-5.41,-5.46,-5.33,-4.65,-4.37,-4.59,-5.07,-5.66,-5.23,-4.69,-2.7,-1.45,0.83,2.39,-1.59,-1.36,0.42,-0.13,0.56,0.65,0.77,0.55,0.85,-0.29,0.17,0.88,0.43,0.67,1.26,-0.03,-0.05,0.17,-0.48,-0.36,-0.27,-1.04,-0.58,-0.23,-0.37,-0.72,-0.5,-0.58,-1.41,-1.61,-2.06,-2.4,-2.93,-3.08
-5.51,-5.04,-5.11,-5.17,-5.69,-6.41,-6.67,-7.27,-6.62,-5.41,-5.05,-5.52,-5.31,-5.09,-4.85,-5.12,-4.7,-5.23,-5.67,-5.77,-5.5,-5.47,-6.02,-6.73,-6.54,-6.2,-5.89,-5.47,-5.68,-5.62,-5.61,-5.47,-5.55,-5.65,-4.79,-4.58,-4.49,-4.94,-4.99,-5.12,-4.26,-2.39,-1.25,-1.27,1.62,-1.32,-0.6,0.07,0.22,0.51,1.03,1.21,1.35,1.19,0.33,0.18,0.88,0.92,0.43,1.18,0.1,0.98,0.57,0.27,0.11,-0.08,-1.64,0.02,-0.11,-0.36,-0.25,-0.38,-1,-1.98,-2.23,-2.71,-2.75,-2.91,-2.57
-5.81,-5.59,-5.46,-5.57,-5.91,-6.16,-6.68,-6.65,-6.54,-5.65,-5.21,-5.26,-5.11,-5.02,-4.5,-4.43,-4.23,-4.86,-5.36,-5.79,-5.67,-5.53,-6.06,-6.17,-5.94,-6.11,-6.01,-5.88,-5.78,-5.91,-5.8,-5.69,-6.48,-5.9,-5.47,-4.95,-4.75,-5.27,-4.96,-4.65,-3.76,-1.86,-1.03,-0.96,-0.4,1.16,1.5,-0.11,-0.16,0.84,0.96,1.22,1.32,1.79,0.63,0.21,1.35,1.31,0.97,0.71,0.48,0.73,0.46,0.82,0.08,0.09,0.36,-0.8,-0.43,-0.72,-0.54,-0.79,-1.07,-1.41,-2.44,-1.69,-2.61,-2.22,-2.52
-6.69,-5.56,-5.69,-6.07,-6.39,-6.21,-6.12,-5.74,-5.93,-5.51,-5.6,-5.26,-5.41,-5.18,-5.25,-4.37,-4.07,-4.54,-4.88,-4.69,-5.65,-5.58,-5.98,-6.05,-5.94,-5.73,-6.24,-6.54,-6.64,-6.87,-6.48,-6.44,-6.49,-6.17,-5.35,-5.45,-5.26,-5.3,-5.18,-4.64,-3.58,-2.43,-1.29,-1.41,-1.83,2.72,-2.16,-1.04,-0.61,-0.17,1.02,1.61,1.36,1.68,0.13,0.28,0.83,0.94,1.94,0.32,1.21,0.61,0.75,0.71,0.38,-0.01,-0.91,-0.29,0.05,-0.27,-0.95,-0.31,-0.94,-1.61,-1.69,-1.42,-2.3,-3.11,-2.53
-7.5,-7.56,-7.13,-6.69,-6.49,-6.31,-5.97,-5.62,-5.8,-5.55,-5.64,-5.13,-5.55,-4.93,-4.49,-3.79,-3.63,-4.07,-4.65,-5.15,-5.24,-6.1,-6.24,-6.23,-6.03,-6.17,-6.8,-7.24,-7.5,-7.21,-7.3,-6.73,-6.34,-5.79,-4.67,-4.79,-5.34,-4.99,-4.9,-4.1,-3.81,-3.12,-2.84,-2.63,-1.93,0.28,4.14,-4.06,-0.39,-0.8,0.79,1.26,1.4,1.59,1.01,0.74,0.62,1.37,1.67,0.77,-0.07,1.09,1.07,0.95,1.25,-0.01,-0.17,0.03,-0.09,-0.07,-0.49,-0.94,-1.08,-1.09,-0.89,-1.14,-1.74,-3.13,-1.74
-6.43,-6.42,-6.47,-6.43,-6.45,-5.96,-5.78,-5.15,-6.08,-6.17,-5.28,-5.39,-4.78,-4.34,-4.06,-4.06,-4.11,-4.34,-4.83,-5.22,-5.68,-6.05,-6.04,-6.22,-6.81,-7.32,-7.1,-7.51,-7.84,-7.27,-6.87,-6.31,-6.11,-5.72,-5.36,-5.72,-5.73,-5.52,-4.97,-4.46,-3.8,-3.89,-3.73,-3.89,-3.02,-1.47,2.13,0.6,-4.91,-0.05,-0.81,1.26,0.75,0.73,1.18,0.85,0.64,1.6,1.3,0.91,0.91,0.45,1.64,1.17,0.68,1.01,0.45,0.16,-0.09,-0.03,-0.73,-1.15,-1.16,-0.62,-1.3,-0.57,-1.05,-3.38,-2.38
-5.42,-5.73,-5.57,-5.51,-5.71,-5.33,-5.38,-5.07,-5.5,-5.79,-5.09,-4.98,-4.35,-4.35,-4.93,-5.45,-5.64,-5.64,-5.83,-5.79,-5.79,-6.19,-6.45,-6.83,-7.31,-6.97,-7.51,-7.68,-7.52,-7.34,-6.81,-6.62,-6.55,-6.24,-6.07,-6.17,-6.1,-6.19,-6.38,-5.42,-4.71,-3.89,-3.05,-3.95,-4.01,-2.92,-0.95,3.39,-3.89,-1.01,-0.54,1.72,-0.97,0.85,1.19,1.68,1.49,1.97,1.28,1.56,1.27,1.46,1.23,0.69,0.98,1.45,0.95,0.77,0.06,-0.03,-0.61,-1.18,-1.25,-0.71,-0.57,-1.41,-1.48,-3.43,-2.54
-5.44,-5.6,-5.47,-5.25,-5.25,-5.64,-5.16,-5.45,-5.28,-5.6,-5.35,-5.3,-5.35,-5.46,-5.6,-5.68,-5.9,-5.88,-5.53,-5.44,-5.71,-6.58,-7.4,-7.2,-7.4,-7.1,-7.3,-7.42,-8.01,-7.15,-7.06,-6.95,-6.95,-6.73,-6.64,-6.5,-6.44,-6.53,-6.95,-6.67,-6.05,-4.6,-3.96,-3.25,-4.99,-5.09,-3.93,3.92,2.93,-0.19,2.47,0.96,2.2,-0.55,0.49,0.99,1.27,1.67,1.51,1.33,1.58,0.89,1.56,1.21,2.43,2.31,1.15,1.03,0.33,-0.06,-0.21,-0.8,-1.15,-0.92,-1.02,-0.71,-1.61,-3.16,-2.83
