static/gfs.json
{"header": {"discipline":0,"disciplineName":"Meteorological products","gribEdition":2,"gribLength":75994,"center":7,"centerName":"US National Weather Service - NCEP(WMC)","subcenter":0,"refTime":"2016-12-24T00:00:00.000Z","significanceOfRT":1,"significanceOfRTName":"Start of forecast","productStatus":0,"productStatusName":"Operational products","productType":1,"productTypeName":"Forecast products","productDefinitionTemplate":0,"productDefinitionTemplateName":"Analysis/forecast at horizontal level/layer at a point in time","parameterCategory":2,"parameterCategoryName":"Momentum","parameterNumber":2,"parameterNumberName":"U-component_of_wind","parameterUnit":"m.s-1","genProcessType":2,"genProcessTypeName":"Forecast","forecastTime":0,"surface1Type":103,"surface1TypeName":"Specified height level above ground","surface1Value":10,"surface2Type":255,"surface2TypeName":"Missing","surface2Value":0,"gridDefinitionTemplate":0,"gridDefinitionTemplateName":"Latitude_Longitude","numberPoints":65160,"shape":6,"shapeName":"Earth spherical with radius of 6,371,229.0 m","gridUnits":"degrees","resolution":48,"winds":"true","scanMode":0,"nx":360,"ny":181,"basicAngle":0,"subDivisions":0,"lo1":0,"la1":90,"lo2":359,"la2":-90,"dx":1,"dy":1,"convert-by":"Asper","site":"https://airmap.g0v.asper.tw"}, "data":
[rows 36 to 71 of 181, columns 160 to 239 of 360]
6.99,2,-1.59,0.86,2.2,0.88,-0.75,-1.83,-3.46,-4.84,-2.11,-2.48,-7.11,-5.54,-3.17,-0.72,1.22,2.79,3.04,4.42,4.67,3.89,-0.32,-2.75,-5.7,-7.82,-9.44,-10.57,-11.75,-14.62,-16.62,-17.81,-15.61,-12.95,-15.08,-17.4,-17.61,-17.53,-16.91,-15.62,-14.92,-13.98,-12.8,-11.19,-10.23,-9.43,-8.26,-7.45,-6.86,-5.94,-4.77,-3.4,-2.12,-0.76,0.31,0.3,-1.51,-0.94,-0.59,-0.36,-0.24,-0.09,0.65,-1.82,-2.61,-1.87,-1.99,-1.72,-1.29,-2.37,-2.07,-1.51,-2.48,-0.52,0.57,0.75,0.13,0.87,-0.37,-2.14
-1.06,-4.68,-7.28,-6.55,-5.52,-5.57,-6,-6.78,-6.56,-6.24,-3.71,-0.19,4.08,4.4,4.26,0.79,0.93,1.09,3.45,5.34,6.23,6.93,6.54,4.39,2.25,-1.18,-2.91,-4.89,-8.24,-12.26,-14.7,-15.32,-15.82,-16.75,-17.11,-17.14,-17.28,-17.39,-17.5,-16.89,-15.5,-16.11,-14.81,-13.44,-12.01,-10.28,-9.09,-7.81,-7.38,-7.09,-5.6,-3.65,-1.77,-0.12,1.23,2.4,2.66,-0.26,0.31,0.22,0.13,0.2,1.14,2.42,-1.46,-4.14,-4.31,-4.01,-0.44,-0.15,-3.53,-1.78,-2.69,-1.79,-0.65,0.3,1.84,2.06,0.71,-1.44
-7.64,-8.21,-8.86,-8.71,-8.28,-8.03,-7.86,-7.76,-7.29,-6.52,-6.31,-6.13,-4.63,-1.82,0.51,1.57,1.75,3,4.07,5.34,6.56,7.98,8.43,8.11,4.11,3.99,2.9,2.98,3.89,2.03,-2.5,-8.24,-12.49,-14.54,-15.64,-15.79,-15.98,-16.09,-16.5,-16.62,-16.43,-15.06,-16.27,-14.64,-12.7,-10.91,-9.03,-7.37,-5.97,-4.9,-4.58,-4.24,-3.03,-0.94,1,2.23,3.3,4.48,2.31,1.82,0.84,-0.02,0.12,1.11,2.68,2.81,3,-3.51,-4.61,-1.97,-2.07,-2.1,-1.71,-2.2,-1.59,0.22,1.05,1.11,1.43,0.7
-5.15,-6.19,-7.11,-7.82,-8.55,-9.06,-9.61,-10.14,-10.67,-10.96,-10.75,-10.09,-9.63,-8.67,-6.38,-3.5,-0.88,1.95,3.9,5.55,6.99,8.93,10.34,11.41,11.33,10.29,9.79,10.63,10.68,11.22,11.24,6.4,-1.1,-5.86,-7.71,-10.34,-13.34,-13.81,-14.39,-15.21,-15.66,-15.94,-14.72,-15.2,-13.61,-11.45,-9.36,-7.69,-5.97,-4.44,-3.12,-2.09,-1.3,-0.93,0.09,1.42,3.13,3.96,5.64,4.86,3.25,2.08,0.48,0.12,-1.38,-1.45,-0.66,2.26,2.51,-4.08,-0.96,1.66,2.17,0.05,-0.11,-0.78,-0.81,0.04,0.91,0.58
-4.91,-6.12,-6.92,-7.97,-9.33,-10.55,-11.59,-12.61,-13.69,-14.99,-15.64,-15.82,-15.56,-14.75,-12.68,-10.79,-7.9,-3.58,0.29,3.73,6.2,7.98,9.79,11.64,12.62,12.37,12,12.05,13.11,13.19,13.54,13.07,9.45,3.61,-0.99,-2.34,-4.04,-9.15,-11.72,-13.24,-14.63,-14.93,-14.83,-14.43,-14.34,-12.36,-10.86,-8.83,-7,-5.22,-3.64,-2.04,-0.95,-0.13,0.62,1.84,2.58,3.74,4.93,6.63,6.45,5.85,5.24,4.24,4.47,4.25,4.72,4.11,4.84,7.22,5.06,2.42,4.17,0.32,1.17,3.63,0.49,-0.03,-0.27,0.23
-1.63,-3.23,-4.85,-7.28,-9.33,-10.14,-12.6,-14.3,-17.05,-20.48,-18.41,-16.96,-17.44,-13.68,-12.79,-13.31,-11.13,-8.17,-4.24,-0.41,3.91,7.53,9.77,11.2,12.7,13.91,14.52,13.82,13.7,14.08,13.77,13.06,11.84,9.58,5.39,2.6,1.28,-0.04,-5.06,-9.57,-12.63,-14.15,-14.17,-14.12,-13.82,-12.99,-10.97,-10.14,-8.76,-6.71,-4.67,-3.13,-1.33,0.12,0.85,1.66,2.63,3.73,4.85,5.82,7.61,8.76,8.81,10.12,10.4,9.6,8.34,7.45,6.76,7.22,8.4,6.53,5.15,6.8,1.88,-0.86,1.09,1.14,0.76,0.19
0.74,-0.65,-2.44,-4.32,-5.85,-8.45,-12.16,-0.19,8.45,7.55,7.03,8.79,11.41,11.79,6.82,-0.44,-3.83,-4.99,-4.42,-3.11,0.5,4.36,8.71,11.47,13.42,14.99,16.44,17.37,16.43,15.01,14.57,13.91,13.11,12.01,9.8,7.61,4.68,2.88,1.94,-1.95,-7.34,-11.25,-12.78,-13.29,-13.93,-12.21,-10.5,-9.92,-8.77,-7.63,-5.62,-4.05,-2.59,-0.62,1.06,2.2,2.96,3.73,4.85,6.12,7.18,8.49,10.18,11.11,11.15,10.91,10.29,9.12,8.61,7.72,8.04,8.75,6.61,6.29,7.3,2.52,-0.16,-0.82,0.82,-0.36
3.63,3.29,2.31,1.24,0.89,2.58,12.6,13.16,11.97,11,10.89,11.14,10.98,10.51,10.48,11.14,10.95,7.76,2.89,1.1,1.22,2.83,7.06,11.02,13.27,15.36,17.22,18.98,19.83,19.07,17.75,15.79,14.89,14.27,12.58,9.18,6.32,3.94,1.41,0.84,-0.32,-3.6,-7.66,-10.7,-11.08,-11.61,-10.24,-9.32,-8.73,-7.1,-5.67,-4.02,-2.7,-1.16,0.81,2.27,3.3,4.13,4.81,5.64,6.94,8.07,9.28,10.63,11.35,11.64,10.56,8.92,8.36,7.4,7.46,7.58,8.04,6.84,6.36,5.7,0.3,-0.34,1.23,-0.56
5.82,6.38,6.54,7.33,10.35,15.8,18.34,18.49,18.02,16.18,14.74,13.89,12.55,11.39,11.44,11.94,12.79,12.62,12.44,9.36,7.29,6.01,6.75,10.15,12.91,14.86,16.78,18.29,19.75,20.46,20.15,19.16,17.62,16.2,14.11,10.83,8.19,6.82,2.04,1.47,1.47,2.02,-0.38,-5.59,-7.99,-9.65,-9.38,-9.15,-8.06,-6.78,-5.17,-4.18,-2.22,-0.99,0.62,2.01,3.16,4.04,4.82,5.58,6.31,7.3,8.28,9.42,10.02,10.19,9.96,8.76,7.65,7,6.7,7.14,7.2,6.16,5.72,4.55,1.51,1.03,1.96,2.15
6.79,8.37,9.4,11.67,15.31,18.73,19.42,19.44,18.27,16.57,15.95,14.31,13.16,12.37,12.12,12.78,13.02,13.41,12.71,12.15,11.78,9.55,8.85,10.19,12.55,14.45,15.89,17.38,18.35,19.23,19.27,19.55,18.89,17.26,14.92,12.22,11.12,10.51,3.79,2.57,3.15,3.84,3.8,0.74,-4.72,-7.58,-9.31,-8.47,-8.11,-6.28,-5.61,-4.3,-2.66,-0.59,0.8,1.88,3.01,3.91,4.63,5.39,5.83,6.44,7.41,8.02,8.4,8.12,8.15,6.93,6.79,6.76,6.64,7.03,7.1,5.85,4.74,4.35,1.35,1.33,1.87,0.93
7.17,9,10.8,13.43,16.46,18.84,19.13,18.45,16.3,15.2,14.42,13.83,13.23,12.32,13.18,13.27,12.89,13.34,12.68,12.68,11.87,10.41,10.94,10.55,11.49,14.29,15.44,16.45,17.18,17.77,17.93,18.49,18.12,17.23,14.73,12.47,12.84,13.4,8.32,5.78,6.4,5.78,5.48,4.86,-0.53,-5.42,-8.4,-8.29,-7.99,-5.98,-5.74,-4.8,-3.3,-1.36,0.62,1.89,2.79,3.61,4.16,5.16,5.83,5.84,6.22,6.98,6.68,6.71,7.1,6.45,5.98,6.46,7.56,6.88,7.03,5.39,5.69,4.08,0.6,1.17,1.98,0.44
7.48,9.24,11.47,14.49,16.82,17.29,16.54,15.1,14.1,14.11,13.72,13.6,12.1,13.49,13.16,12.28,12.39,12.48,13.15,12.46,11.79,11,11.91,10.72,10.35,13.59,14.14,15.45,16.16,16.65,17.5,17.64,17.71,17.11,14.89,13.72,13.19,13.51,13.38,9.65,9.41,8.33,6.9,7,3.58,-2.99,-6.46,-9.14,-7.1,-4.88,-5.52,-5.05,-4.05,-2.34,-0.48,1.32,2.19,3.35,3.97,4.22,5.53,5.93,5.5,6.09,6.31,6.05,6.32,6.21,6.56,6.63,7.46,7.77,7.55,5.18,4.67,3.67,0.97,1.42,2.13,2.54
8.72,10.84,12.83,15.04,15.24,15.16,14.33,13.76,14.12,14.41,13.75,12.21,13.25,13.46,12.47,11.67,11.26,11.93,12.85,12.6,11.48,11.82,12.48,10.28,10.68,12.1,13.24,14.26,15.51,16.07,16.8,17.48,17.75,17.4,16.5,15.41,13.89,14.38,14.05,12.86,12.13,11.47,7.89,8.17,6.2,-0.99,-5.28,-8.97,-6.21,-3.69,-4.79,-5.12,-4.69,-3.46,-1.75,0.02,1.33,2.55,3.32,3.99,4.37,6.03,5.91,5.83,6.39,6.22,6.84,6.62,6.26,6.74,7.19,8.21,8.06,6.15,5.44,3.3,1.39,1.88,1.68,5.28
9.65,9.64,9.39,10.83,11.03,12.76,13.46,14.4,14.42,13.15,12.73,12.96,13.79,13.34,12.84,12.4,12.52,12.46,12.48,12.26,12.46,13.05,12.73,9.68,10.51,12.21,12.9,13.59,14.65,15.77,16.43,17.39,17.61,17.83,18.34,17.86,15.43,14.47,14.91,14.19,14.04,12.17,10.05,9.04,8.96,0.22,-4.85,-7.79,-6.02,-3.31,-4.37,-4.96,-4.98,-4.34,-3.08,-1.58,0.1,1.28,2.39,3.75,4.14,4.38,6.2,6.83,6.52,7,8.01,7.14,7.06,6.9,7.21,7.87,7.85,6.66,6.43,4.61,1.74,1.88,1.67,3.34
7.36,9.78,9.84,8.74,10.61,13.74,15.6,14.05,13.65,12.95,12.73,13.05,12.18,11.79,11.59,11.57,11.04,11.07,10.26,11.61,12.85,12.97,12.1,9.9,9.89,11.26,12.28,12.88,14.1,15.02,15.51,16.51,17.3,18.21,19,19.11,18.53,17.4,16.61,15.6,14.84,13.07,11.15,9.87,11.31,-0.31,-3.48,-4.25,-6.07,-2.68,-3.94,-4.78,-4.87,-4.62,-3.97,-2.81,-1.26,-0.06,1.19,2.68,4.39,4.63,4.97,6.32,7.68,7.69,7.98,7.49,7.93,7.76,7.67,7.64,7.41,7.47,6.23,4.51,1.93,2.81,-3.78,1.1
11.09,10.6,8.58,8.45,13.24,12.98,12.17,12.42,11.76,12.05,11.65,10.91,10.74,11,10.97,10.07,10.17,10.25,8.95,10.3,11.27,11.18,11,10.97,10.98,11.42,11.67,12.08,13.27,14.06,14.37,15.62,16.59,17.03,17.66,18.66,18.41,17.41,16.36,16.81,16.05,13.55,12.27,10.76,11.45,-0.17,-2.15,-3.1,-5.01,-2.41,-3.29,-4.51,-4.65,-4.67,-4.31,-3.57,-2.13,-0.89,0.22,1.7,3.12,4.67,4.83,6.61,6.87,7.38,8.02,7.82,7.83,7.67,8.34,7.34,6.91,7.92,7.42,6.81,5.48,1.76,-0.25,-0.33
9.22,8.18,9.57,14.08,11.98,11.83,11.33,10.87,11.47,12.64,11.55,10.64,9.97,10.65,11.24,9.96,10.71,11.12,10.48,9.92,9.62,9.85,10.12,10.27,10.16,10.65,11.19,11.14,12.16,13.01,13.67,14.8,15.47,15.89,16.13,16.51,16.66,16.47,16.11,16.27,15.82,13.75,12.4,11.72,7.77,0.53,-0.49,-2.88,-4.01,-3.3,-2.63,-4,-4.73,-4.62,-4.38,-3.96,-2.78,-1.25,-0.17,0.8,2.21,3.4,4.2,5.73,6.46,6.73,8.08,7.95,7.58,7.81,8.21,7.6,7.62,7.66,9.13,8.03,9.29,6.88,4.39,-3.67
8.92,10.09,13.88,10.13,10.88,11.44,10.46,9.9,10.83,11.38,9.83,9.14,9.34,9.92,10.58,10.26,10.08,9.64,9.04,8.59,8.31,8.51,9.09,9.4,9.29,9.62,9.64,10.1,10.96,11.59,12.65,13.76,14.51,14.91,15.3,15.53,15.75,16.06,16.19,15.45,15.4,13.32,9.68,12.81,3.87,2.05,-0.22,-2.67,-3.54,-3.98,-2.34,-3.67,-4.74,-4.65,-4.36,-4.17,-3.55,-2.12,-0.84,-0.04,1.07,2.03,3.24,4.75,4.92,6.29,7.75,6.79,7.91,8.91,8.6,8.57,7.76,8.1,9.57,8.02,8.67,8.45,2.64,0.61
11.24,13.07,8.8,9.15,9.31,8.6,7.99,8.42,10.47,10.9,10.14,9.43,10.09,9.81,8.76,8.38,8.51,8.39,7.63,7.04,6.76,7.15,7.75,8.18,8.18,8.34,8.22,8.46,9.58,10.4,11.18,12.11,13.06,13.56,13.87,14.42,15.35,15.54,16.03,14.73,11.91,12.09,10.92,10.45,3.85,1.68,-0.09,-1.89,-3.6,-4.64,-4.87,-3.38,-4.74,-5.1,-4.24,-4.23,-4.15,-3.29,-1.93,-1.09,0.02,0.65,1.95,3.7,3.95,6.02,6.33,8.5,7.58,8.01,9.52,8.41,7.9,8.28,9.13,7.93,8.91,8.48,6.12,-2.31
11.23,10.34,10.01,9.65,9.43,8.38,8.47,9.87,9.92,9.91,9.75,9.36,8.68,8.18,7.36,6.98,6.95,6.8,6.26,5.63,5.48,5.64,6.12,6.6,6.84,6.4,6.51,6.81,7.78,8.63,9.4,10.2,11.02,11.78,12.46,13.05,13.61,14.53,13.22,12.04,11.72,10.38,11.4,6.01,2.98,1.49,0.25,-1.68,-3.4,-4.85,-5.6,-5.33,-4.93,-5.58,-5.06,-4.57,-4.37,-4.06,-3.1,-2.05,-1.04,-0.44,0.89,2.46,3.64,4.46,6.7,6.98,9,7.36,8.94,7.87,8.85,8,8.84,9.16,10.46,9.61,7.55,2.93
8.71,8.48,9.27,9.47,8.99,8.93,9.12,8.88,8.2,8.33,8.62,7.88,7.18,6.59,6.09,5.68,5.3,5.08,4.67,4.26,3.75,3.52,3.9,4.46,4.72,4.73,4.62,5.19,5.95,6.75,7.49,8.29,9.27,10.11,11.03,11.35,11.58,12.18,11.94,11.3,11.2,9.25,7.57,4.84,2.67,1.18,0.67,-1.01,-1.52,-2.48,-5.72,-6.86,-5.99,-5.97,-6.09,-5.55,-5.02,-4.39,-3.75,-2.91,-2.17,-1.21,-0.17,1.22,2.78,3.56,5.24,5.77,7.31,7.73,8.13,7.8,7.48,8.56,8.89,10.19,10.33,9.3,8.52,11.83
7.2,7.77,8.06,8.87,7.31,8.02,7.35,6.97,7,6.76,6.66,6.03,5.45,4.9,4.49,4.02,3.44,2.98,2.53,2.01,1.49,1.52,1.99,2.31,2.7,2.94,3.24,3.88,4.5,5.36,6.24,7.32,8.05,8.73,9.54,9.74,9.79,10.33,9.95,9.98,9.32,9.82,6.06,2.85,1.39,0.54,-0.39,-1.04,-1.24,-1.16,-2.16,-6.86,-7.4,-6.13,-6.86,-6.53,-6.15,-5.3,-4.31,-3.51,-2.87,-1.99,-1.05,0.1,1.13,2.46,3.13,4.7,5.02,7.1,7.29,8.44,7.71,8.43,9.52,9.44,9.43,9.3,6.76,9.77
6.65,6.96,8.27,8.04,6.88,6.38,5.77,5.57,5.35,4.83,4.49,4.25,3.27,2.81,2.35,1.9,1.35,0.73,0.07,-0.84,-0.35,-0.43,0.25,0.62,1.04,1.56,2.2,3.13,3.73,4.35,5.41,6.3,6.65,6.91,7.37,7.86,7.81,7.63,7.65,7.73,8.57,7.05,4.65,2.07,0.73,0.42,-0.98,-1.94,-2.63,-3.05,-3.2,-4.25,-7.59,-7.65,-6.89,-7.02,-7.08,-6.61,-5.61,-4.39,-3.49,-2.66,-1.68,-0.54,0.4,1.24,2.03,2.92,4.25,5.52,6.8,7.61,8.57,8.98,9.27,9.51,8.47,9.93,9.34,7.78
5.36,6.68,7.63,6.33,5.33,4.33,4.31,4.23,3.33,2.85,2.48,1.89,1.34,0.55,0.15,-0.33,-0.9,-1.59,-2.3,-2.3,-2.1,-1.45,-0.88,-0.43,0.02,0.59,1.36,2.26,2.96,3.51,4.41,5.13,5.7,5.51,5.88,5.66,5.58,5.18,5.12,5.23,6.36,5.81,3.39,1.92,0.96,0.47,-1.2,-2.7,-3.98,-4.77,-4.97,-4.46,-4.64,-8.62,-8.19,-7.96,-7.5,-7.09,-6.68,-5.84,-4.77,-3.68,-2.84,-1.57,-0.22,0.89,1.99,2.98,3.85,4.9,6.15,7.42,8.12,8.43,8.5,8.23,9.81,11.35,8.32,6.74
4.19,4.51,4.65,4.11,3.33,2.63,2.66,2.2,1.7,1.01,0.59,0.03,-0.81,-1.45,-1.94,-2.28,-2.69,-3.19,-3.62,-3.86,-3.29,-2.54,-1.98,-1.46,-0.95,-0.31,0.45,1.19,1.86,2.36,2.86,3.47,4.13,4.04,3.47,3.45,3.16,2.93,2.82,5.57,5.08,3.81,3.06,1.21,1.26,0.73,-0.32,-2.48,-5.16,-5.53,-6.29,-5.8,-5.72,-4.71,-6.7,-9.06,-8.48,-7.92,-6.95,-6.64,-6.16,-4.95,-4.09,-2.97,-1.55,-0.57,0.96,2.05,3.16,4.17,5.41,6.4,7.16,7.18,7.73,9.67,11.16,8.16,7.56,6.23
2.75,2.59,2.68,2,1.66,1.3,1,0.69,0.24,-0.51,-1.15,-1.98,-2.74,-3.24,-3.62,-3.86,-4.2,-4.66,-5,-4.7,-4.16,-3.78,-3.33,-2.77,-2.1,-1.47,-0.67,0.1,0.49,0.8,1.47,1.86,1.78,1.67,1.65,1.29,0.89,0.86,4.64,4.15,3.95,2.04,2.32,0.19,0.01,-0.08,-0.53,-2.23,-4.88,-5.78,-6.28,-6.91,-6.63,-6.55,-6.47,-5.89,-6.17,-7.17,-7.44,-6.99,-6.45,-5.91,-4.77,-3.96,-3.16,-2.22,-0.96,-0.01,1.24,2.43,3.56,4.52,5.66,7.86,9.12,7.85,7.59,7.27,6.55,6.03
1.18,1.29,1.13,0.46,0.09,-0.18,-0.4,-0.76,-1.37,-2.07,-2.93,-3.65,-4.36,-4.8,-4.87,-4.95,-5.33,-5.82,-6.02,-6.11,-5.59,-5.09,-4.57,-4.12,-3.49,-3.03,-2.39,-1.75,-1.26,-0.93,-0.8,-0.49,-0.32,-0.19,-0.57,-0.9,-0.89,2.51,3.01,2.41,1.94,0.58,0.53,-1.85,-1.97,-2.23,-2.49,-3.27,-4.45,-5.6,-6.46,-7.07,-7.25,-7.53,-7.49,-7.17,-6.53,-5.79,-4.83,-4.56,-5.27,-5.89,-5.77,-5.02,-3.87,-3.01,-1.91,-0.85,0.29,1.79,4.06,5.83,6.89,7.08,6.84,6.41,6.47,6.12,5.83,5.56
-0.47,-0.31,-0.44,-1.16,-1.43,-1.74,-2.04,-2.51,-2.94,-3.4,-4.17,-4.9,-5.54,-6.04,-6.13,-6.14,-6.55,-7.02,-7.26,-6.94,-6.63,-6.28,-5.85,-5.33,-5.09,-4.61,-4.06,-3.86,-3.44,-3.19,-3.06,-2.5,-1.54,-1.96,-2.72,-2.5,0.97,2.03,1.78,0.26,-0.3,-0.44,-1.29,-2.86,-3.43,-4.67,-4.23,-4.54,-5.24,-5.68,-6.62,-7.36,-8.23,-7.91,-7.79,-7.64,-7.36,-7,-6.44,-5.67,-4.94,-4.14,-3.35,-2.73,-1.94,-0.81,0.18,1.15,1.94,2.71,3.38,4.44,4.92,4.67,4.89,5.06,5.11,5.14,5.1,4.57
-2.52,-2.04,-2.02,-2.96,-2.96,-3.37,-3.76,-4.12,-4.49,-4.78,-5.26,-5.86,-6.76,-7.08,-7.41,-7.22,-7.59,-7.75,-7.66,-7.47,-7.17,-7.02,-6.71,-6.79,-6.2,-6.15,-5.77,-5.26,-5.18,-4.99,-4.31,-3.05,-3.61,-3.71,-2.92,-0.05,1.4,0.31,-0.15,-1.27,-1.67,-2.21,-2.59,-4.15,-3.83,-5.13,-5.15,-6.01,-6.75,-6.59,-7.04,-7.54,-8.25,-8.39,-8.27,-7.98,-7.76,-7.6,-7.33,-6.79,-6.28,-5.73,-5.02,-4.42,-3.54,-2.62,-1.83,-0.79,0.33,1.3,1.65,1.74,2.47,3.25,3.64,3.84,4.13,4.26,3.93,3.3
-3.88,-3.43,-3.87,-4.29,-4.58,-4.99,-5.24,-5.6,-5.91,-6.42,-6.6,-6.86,-7.38,-7.68,-8.11,-8.36,-8.43,-8.38,-8.24,-7.93,-7.88,-7.62,-7.86,-7.47,-7.16,-6.76,-6.71,-6.25,-5.88,-5.47,-5,-4.92,-4.71,-2.58,-1.11,-0.28,-0.66,-1.29,-1.76,-2.8,-3.69,-4.16,-4.82,-5.46,-5.83,-6.2,-6.4,-6.99,-7.61,-7.8,-7.7,-7.85,-8.52,-8.87,-8.81,-8.69,-8.29,-8.09,-7.88,-7.76,-7.59,-7.43,-6.81,-6.04,-5.28,-4.47,-3.95,-3.36,-2.59,-1.6,-0.5,0.41,1.15,2.04,2.57,2.9,3.06,2.78,2.48,1.96
-5.31,-5.27,-5.37,-5.51,-6.02,-6.31,-6.46,-6.82,-7.11,-7.48,-7.71,-7.8,-8.28,-8.71,-9.08,-9.54,-9.42,-9.25,-9.07,-8.84,-8.72,-8.66,-8.39,-8.07,-7.74,-7.17,-6.56,-6.65,-6.59,-6.49,-6.58,-5.06,-2.9,-2.11,-2.12,-2.33,-1.97,-2.6,-3.14,-3.99,-4.42,-4.5,-6.19,-6.45,-7.01,-7.48,-7.53,-7.88,-8.55,-8.86,-8.66,-8.6,-9.03,-9.67,-9.78,-9.57,-9.2,-8.86,-8.53,-8.26,-7.91,-8.04,-7.42,-7.03,-6.54,-5.96,-4.97,-4.02,-3.38,-2.89,-2.26,-1.25,-0.21,0.46,1.45,1.37,1.15,0.87,0.44,-0.18
-6.66,-6.78,-6.48,-6.78,-7.12,-7.31,-7.59,-7.9,-8.11,-8.29,-8.48,-8.98,-9.39,-9.92,-10.14,-10.22,-10.17,-10.02,-9.91,-9.77,-9.7,-9.37,-9.02,-8.36,-7.84,-6.69,-7.02,-7.79,-7.68,-6.25,-4.82,-3.67,-3.28,-2.45,-3.19,-3.01,-2.27,-2.02,-2.72,-3.91,-4.36,-4.87,-7.49,-7.8,-7.8,-8.07,-7.8,-7.8,-8.33,-9.37,-9.5,-9.23,-9.56,-10.1,-10.35,-10.11,-10.17,-9.71,-9.15,-8.76,-8.58,-8.25,-7.96,-7.42,-6.95,-6.37,-5.81,-5.1,-4.19,-3.79,-3.23,-2.5,-1.95,-1.11,-1.18,-1.05,-1.08,-1.2,-1.55,-1.92
-7.85,-7.77,-7.65,-7.75,-7.96,-8.17,-8.41,-8.61,-8.82,-9.08,-9.46,-9.69,-9.93,-10.18,-10.47,-10.51,-10.41,-10.35,-10.21,-10.15,-9.8,-9.31,-8.66,-8.33,-8.08,-8.55,-8.08,-6.76,-5.79,-5.03,-4.51,-4.25,-4.23,-3.57,-2.72,-3.18,-3.69,-3.66,-2.61,-0.35,2.14,-4.38,-7.81,-8.68,-9.19,-8.63,-8.49,-8.14,-8.45,-9.46,-9.62,-9.33,-9.37,-9.95,-10.3,-10.67,-10.37,-10.08,-9.31,-9.17,-8.87,-8.5,-8.32,-7.97,-7.39,-6.71,-6.16,-5.67,-5.2,-4.53,-4.31,-3.86,-3.31,-3.02,-2.8,-2.78,-2.98,-3.22,-3.44,-3.55
-9.12,-8.85,-8.56,-8.58,-8.59,-8.58,-8.6,-8.86,-9.15,-9.41,-9.69,-9.84,-9.97,-10.1,-10.3,-10.27,-10.24,-10.33,-10.12,-9.67,-9.88,-9.88,-10.05,-9.8,-8.94,-7.77,-6.61,-6.01,-5.76,-5.34,-5.01,-5.22,-5.09,-4.85,-5.02,-4.8,-3.96,-3.62,-4.16,-3.64,-2.37,0.71,-0.67,-1.92,-7.2,-8.71,-8.72,-8.36,-8.94,-9.46,-9.74,-9.61,-9.56,-9.68,-10.24,-10.26,-10.49,-10.26,-9.53,-9.28,-8.92,-8.42,-8.23,-7.82,-7.52,-7.22,-6.83,-6.61,-5.71,-4.95,-4.48,-4.45,-4.67,-4.64,-4.76,-4.57,-4.59,-4.91,-5.18,-5.13
-9.84,-10.1,-9.89,-9.63,-9.15,-8.95,-8.8,-8.93,-9.25,-9.51,-9.5,-9.79,-10.21,-10.75,-10.88,-10.67,-10.29,-10.44,-10.77,-10.92,-10.66,-10.21,-9.53,-8.84,-7.7,-7.33,-7.27,-7.16,-6.82,-6.54,-6.18,-5.96,-6.1,-5.96,-5.73,-5.26,-4.91,-5.37,-4.52,-4.59,-4.22,-3.11,0.33,-3.42,2.76,-5.83,-7.21,-8.38,-8.96,-9.42,-9.77,-10.01,-9.84,-9.83,-10,-10.26,-10.32,-10.17,-9.72,-9.46,-9.09,-8.85,-8.57,-8.07,-7.56,-7.22,-7.02,-6.58,-6.27,-5.89,-5.71,-5.65,-6.02,-6.07,-5.93,-5.84,-5.9,-6.14,-6.5,-6.37
-10.11,-10.5,-10.63,-10.42,-10.15,-9.68,-9.49,-9.59,-9.69,-9.87,-10.49,-11.1,-11.29,-11.16,-11.02,-11.32,-11.54,-11.44,-11.05,-10.7,-10.11,-9.42,-8.81,-8.55,-8.4,-8.26,-7.9,-7.69,-7.67,-7.14,-6.74,-6.67,-6.66,-6.56,-6.29,-5.69,-6.09,-6.65,-7.02,-7.43,-6.47,-4.26,-2.8,-2.07,-4.07,-6.7,-7.24,-8.72,-9.39,-9.37,-9.46,-9.83,-10.03,-9.75,-10.04,-10.36,-10.21,-10.11,-9.55,-9.35,-9.41,-9.32,-8.79,-8.31,-7.88,-7.5,-7.39,-7.09,-6.65,-6.56,-6.45,-6.53,-6.61,-6.45,-6.32,-6.28,-6.41,-6.76,-6.9,-6.74
